 January   1940     (k = 0.60)

 Date Time(UT)      North              South                Total
      h  m      g    f     R       g    f     R         g    f     R
  1  00 48      3    9   23.4      1    5    9.0        4   14   32.4
  2  06 10      3   23   31.8      0    0    0.0        3   23   31.8
  3  02 03      3   35   39.0      1    6    9.6        4   41   48.6
  4  01 38      4   77   70.2      1    6    9.6        5   83   79.8
  5  01 48      4   65   63.0      0    0    0.0        4   65   63.0
  6  01 02      6  120  108.0      0    0    0.0        6  120  108.0
  7  02 42      2   80   60.0      0    0    0.0        2   80   60.0
  8  01 03      2   59   47.4      0    0    0.0        2   59   47.4
  9  00 58      2   35   33.0      1    6    9.6        3   41   42.6
 10  01 30      3   31   36.6      1   13   13.8        4   44   50.4
 11  01 13      3   25   33.0      1    5    9.0        4   30   42.0
 12  00 39      1    5    9.0      2   17   22.2        3   22   31.2
 13  00 40      2    7   16.2      2   22   25.2        4   29   41.4
 14  01 10      1    5    9.0      3   35   39.0        4   40   48.0
 15  00 50      1    4    8.4      4   41   48.6        5   45   57.0
 16  04 32      0    0    0.0      4   51   54.6        4   51   54.6
 17  01 01      0    0    0.0      4   55   57.0        4   55   57.0
 18  01 40      0    0    0.0      4   64   62.4        4   64   62.4
 19  00 50      0    0    0.0      4   47   52.2        4   47   52.2
 20  00 42      1    8   10.8      4   60   60.0        5   68   70.8
 21  01 13      1   10   12.0      5   46   57.6        6   56   69.6
 22  01 26      1   10   12.0      5   45   57.0        6   55   69.0
 23  00 48      1    3    7.8      5   29   47.4        6   32   55.2
 24  00 41      0    0    0.0      4   49   53.4        4   49   53.4
 25  00 54      0    0    0.0      4   29   41.4        4   29   41.4
 26  00 42      1    9   11.4      4   35   45.0        5   44   56.4
 27  01 11      2   22   25.2      4   30   42.0        6   52   67.2
 28  00 34      1   29   23.4      2   15   21.0        3   44   44.4
 29  01 05      1   36   27.6      2   12   19.2        3   48   46.8
 30  00 55      1   34   26.4      1    7   10.2        2   41   36.6
 31  00 55      2   34   32.4      3   11   24.6        5   45   57.0

 Monthly Mean            25.1               29.1                 54.1

 --------------------------------------------------------------------

 February  1940     (k = 0.60)

 Date Time(UT)      North              South                Total
      h  m      g    f     R       g    f     R         g    f     R
  1  05 30      2   42   37.2      3   15   27.0        5   57   64.2
  2  01 32      2   43   37.8      2   15   21.0        4   58   58.8
  3    -
  4  03 40      2   30   30.0      3   19   29.4        5   49   59.4
  5  01 16      2   22   25.2      4   34   44.4        6   56   69.6
  6    -
  7  01 41      3   14   26.4      4   31   42.6        7   45   69.0
  8  01 50      2   13   19.8      4   34   44.4        6   47   64.2
  9  00 54      2   23   25.8      4   50   54.0        6   73   79.8
 10  00 46      1   13   13.8      6   51   66.6        7   64   80.4
 11  01 31      1   13   13.8      4   51   54.6        5   64   68.4
 12  01 28      2   22   25.2      2   34   32.4        4   56   57.6
 13    -
 14  01 12      2   26   27.6      4   31   42.6        6   57   70.2
 15  01 08      2   27   28.2      4   59   59.4        6   86   87.6
 16  00 52      2   24   26.4      4   37   46.2        6   61   72.6
 17  01 46      2   20   24.0      4   53   55.8        6   73   79.8
 18  01 48      1   11   12.6      3   46   45.6        4   57   58.2
 19  01 02      2   10   18.0      4   36   45.6        6   46   63.6
 20    -
 21  01 15      1    5    9.0      4   42   49.2        5   47   58.2
 22  00 57      1    6    9.6      4   29   41.4        5   35   51.0
 23  00 57      2    5   15.0      4   45   51.0        6   50   66.0
 24  01 00      2    9   17.4      2   26   27.6        4   35   45.0
 25  08 20      2    9   17.4      2   10   18.0        4   19   35.4
 26  01 20      2    8   16.8      3   15   27.0        5   23   43.8
 27  00 50      1    4    8.4      4   24   38.4        5   28   46.8
 28  01 17      1    6    9.6      3   31   36.6        4   37   46.2
 29  00 47      4   46   51.6      4   12   31.2        8   58   82.8



 Monthly Mean            21.9               41.3                 63.1

 --------------------------------------------------------------------

 March     1940     (k = 0.60)

 Date Time(UT)      North              South                Total
      h  m      g    f     R       g    f     R         g    f     R
  1    -
  2  03 10      2    9   17.4      5   92   85.2        7  101  102.6
  3  01 22      1    4    8.4      3   80   66.0        4   84   74.4
  4  01 35      3   24   32.4      5   88   82.8        8  112  115.2
  5  00 58      2   29   29.4      5  101   90.6        7  130  120.0
  6  00 50      1   18   16.8      5   59   65.4        6   77   82.2
  7    -
  8    -
  9    -
 10  00 43      2   12   19.2      2   33   31.8        4   45   51.0
 11  02 38      2   21   24.6      2   24   26.4        4   45   51.0
 12  02 05      2   41   36.6      3   51   48.6        5   92   85.2
 13  00 50      2   28   28.8      2   38   34.8        4   66   63.6
 14  01 00      2   22   25.2      4   42   49.2        6   64   74.4
 15  00 51      2   15   21.0      2   14   20.4        4   29   41.4
 16  00 55      2    9   17.4      4   28   40.8        6   37   58.2
 17  02 30      2    7   16.2      3   29   35.4        5   36   51.6
 18  01 18      1    6    9.6      3   37   40.2        4   43   49.8
 19  02 27      2   11   18.6      3   24   32.4        5   35   51.0
 20  02 02      2   15   21.0      2   18   22.8        4   33   43.8
 21  00 50      4   35   45.0      4   41   48.6        8   76   93.6
 22  00 40      4   39   47.4      5   26   45.6        9   65   93.0
 23  01 05      4   39   47.4      4   21   36.6        8   60   84.0
 24  01 08      6   82   85.2      5   41   54.6       11  123  139.8
 25  00 55      6   74   80.4      4   30   42.0       10  104  122.4
 26    -
 27  01 00      6   87   88.2      5   28   46.8       11  115  135.0
 28  02 00      5   40   54.0      4   17   34.2        9   57   88.2
 29  00 57      5   80   78.0      5   34   50.4       10  114  128.4
 30  00 30      4   71   66.6      3   25   33.0        7   96   99.6
 31  01 50      3   60   54.0      3   22   31.2        6   82   85.2

 Monthly Mean            38.0               46.0                 84.0

 --------------------------------------------------------------------

 April     1940     (k = 0.60)

 Date Time(UT)      North              South                Total
      h  m      g    f     R       g    f     R         g    f     R
  1    -
  2  04 30      4   43   49.8      4   29   41.4        8   72   91.2
  3    -
  4  00 00      1    7   10.2      5   39   53.4        6   46   63.6
  5  00 30      0    0    0.0      5   49   59.4        5   49   59.4
  6  00 25      1    4    8.4      5   35   51.0        6   39   59.4
  7  00 25      0    0    0.0      5   44   56.4        5   44   56.4
  8  00 52      1    3    7.8      5   24   44.4        6   27   52.2
  8  23 55      2   16   21.6      5   18   40.8        7   34   62.4
  9  23 52      3   23   31.8      3   27   34.2        6   50   66.0
 10  23 50      3   18   28.8      5   72   73.2        8   90  102.0
 12  01 27      1    4    8.4      6   41   60.6        7   45   69.0
 13    -
 14    -
 15  01 28      1    5    9.0      5   79   77.4        6   84   86.4
 16  00 17      1    4    8.4      4   58   58.8        5   62   67.2
 16  23 38      2   11   18.6      3   67   58.2        5   78   76.8
 17  23 59      4   19   35.4      2   50   42.0        6   69   77.4
 19  03 06      4   37   46.2      2   22   25.2        6   59   71.4
 19  23 51      4   18   34.8      3   24   32.4        7   42   67.2
 21    -
 21  23 34      5   56   63.6      3   17   28.2        8   73   91.8
 23    -
 23  23 47      4   46   51.6      4   20   36.0        8   66   87.6
 25  01 45      5   29   47.4      4   24   38.4        9   53   85.8
 25  23 44      6   36   57.6      2   32   31.2        8   68   88.8
 27  00 15      4   23   37.8      4   17   34.2        8   40   72.0
 27    -
 29  01 35      2   17   22.2      2   11   18.6        4   28   40.8
 29  23 43      1   14   14.4      2   10   18.0        3   24   32.4


 Monthly Mean            26.7               44.1                 70.7

 --------------------------------------------------------------------

 May       1940     (k = 0.60)

 Date Time(UT)      North              South                Total
      h  m      g    f     R       g    f     R         g    f     R
 30  23 56      2   20   24.0      2   28   28.8        4   48   52.8
  2  00 20      3   22   31.2      0    0    0.0        3   22   31.2
  3  00 14      3   23   31.8      3    9   23.4        6   32   55.2
  3  23 46      3   22   31.2      1    6    9.6        4   28   40.8
  5    -
  6  00 15      2   25   27.0      1    3    7.8        3   28   34.8
  7  00 15      2   29   29.4      0    0    0.0        2   29   29.4
  8  00 49      1   18   16.8      0    0    0.0        1   18   16.8
  9  00 04      1   18   16.8      2    9   17.4        3   27   34.2
 10  01 49      1   12   13.2      3   29   35.4        4   41   48.6
 10  23 59      1    6    9.6      2   36   33.6        3   42   43.2
 11  23 25      0    0    0.0      3   38   40.8        3   38   40.8
 13    -
 13  23 38      2   19   23.4      4  100   84.0        6  119  107.4
 15  00 11      3   27   34.2      3   89   71.4        6  116  105.6
 16  00 10      4   42   49.2      3   77   64.2        7  119  113.4
 17    -
 18  00 45      4   72   67.2      2   32   31.2        6  104   98.4
 18  23 20      3   48   46.8      2   16   21.6        5   64   68.4
 20  00 03      3   73   61.8      3   14   26.4        6   87   88.2
 21  00 19      3   63   55.8      3   32   37.2        6   95   93.0
 22  00 16      3   39   41.4      4   35   45.0        7   74   86.4
 23  00 30      4   26   39.6      3   46   45.6        7   72   85.2
 24  05 25      3   14   26.4      4   41   48.6        7   55   75.0
 25    -
 26  00 16      1    3    7.8      3   58   52.8        4   61   60.6
 27  00 04      1    8   10.8      4   85   75.0        5   93   85.8
 28  02 40      2   16   21.6      4   82   73.2        6   98   94.8
 29  00 19      2   16   21.6      4   69   65.4        6   85   87.0
 30  01 17      2   14   20.4      4   46   51.6        6   60   72.0
 30  23 58      3   21   30.6      3   63   55.8        6   84   86.4

 Monthly Mean            29.2               38.7                 68.0

 --------------------------------------------------------------------

 June      1940     (k = 0.60)

 Date Time(UT)      North              South                Total
      h  m      g    f     R       g    f     R         g    f     R
  1  00 50      0    0    0.0      4   20   36.0        4   20   36.0
  2  04 39      0    0    0.0      4   30   42.0        4   30   42.0
  3  00 17      2   11   18.6      5   48   58.8        7   59   77.4
  4  02 08      2    8   16.8      5   86   81.6        7   94   98.4
  5  02 55      0    0    0.0      7   81   90.6        7   81   90.6
  6  05 05      0    0    0.0      4   86   75.6        4   86   75.6
  7  01 00      1    4    8.4      6   77   82.2        7   81   90.6
  7  23 53      1    5    9.0      7   94   98.4        8   99  107.4
  9  00 40      1    6    9.6      6   89   89.4        7   95   99.0
 10  00 58      2   18   22.8      5   93   85.8        7  111  108.6
 11  01 17      3   30   36.0      4  114   92.4        7  144  128.4
 11  23 46      3   21   30.6      5   81   78.6        8  102  109.2
 13  00 45      5   33   49.8      3   90   72.0        8  123  121.8
 14  01 12      3   37   40.2      2   88   64.8        5  125  105.0
 15  01 10      3   24   32.4      3   55   51.0        6   79   83.4
 15  23 00      2   14   20.4      3   59   53.4        5   73   73.8
 17    -
 17  23 51      2   13   19.8      3   22   31.2        5   35   51.0
 19  02 43      2   15   21.0      1   12   13.2        3   27   34.2
 20  00 29      1    6    9.6      3   30   36.0        4   36   45.6
 21  00 35      1    3    7.8      4   52   55.2        5   55   63.0
 22  00 38      1    3    7.8      4   70   66.0        5   73   73.8
 23  00 24      1    8   10.8      4   76   69.6        5   84   80.4
 24  00 28      3   18   28.8      6   94   92.4        9  112  121.2
 25  00 21      3   20   30.0      7  106  105.6       10  126  135.6
 26  00 32      3   19   29.4      7   93   97.8       10  112  127.2
 27    -
 27    -
 29  04 39      3   39   41.4      6   98   94.8        9  137  136.2
 30    -


 Monthly Mean            19.3               69.8                 89.1

 --------------------------------------------------------------------

 July      1940     (k = 0.60)

 Date Time(UT)      North              South                Total
      h  m      g    f     R       g    f     R         g    f     R
  1  00 40      3   52   49.2      4   52   55.2        7  104  104.4
  2  01 36      3   37   40.2      5   45   57.0        8   82   97.2
  3  02 45      4   44   50.4      2   19   23.4        6   63   73.8
  3  23 41      4   28   40.8      4   20   36.0        8   48   76.8
  5  00 22      3   19   29.4      5   22   43.2        8   41   72.6
  6  00 38      2   12   19.2      3   10   24.0        5   22   43.2
  6  23 30      3   25   33.0      3   13   25.8        6   38   58.8
  8    -
  9    -
 10    -
 11  00 29      5  115   99.0      3   28   34.8        8  143  133.8
 12  04 58      6   96   93.6      3   25   33.0        9  121  126.6
 13  01 10      6   80   84.0      1   18   16.8        7   98  100.8
 14  01 27      5   49   59.4      1    3    7.8        6   52   67.2
 15  00 35      4   46   51.6      2   12   19.2        6   58   70.8
 16  00 28      4   65   63.0      2    7   16.2        6   72   79.2
 17  00 11      3   51   48.6      4   17   34.2        7   68   82.8
 18  00 33      1   44   32.4      4   29   41.4        5   73   73.8
 19  00 30      2   45   39.0      2   12   19.2        4   57   58.2
 19  23 50      4   38   46.8      3   18   28.8        7   56   75.6
 21  00 53      5   24   44.4      2    7   16.2        7   31   60.6
 22  06 37      5   43   55.8      3   16   27.6        8   59   83.4
 23  00 01      3   20   30.0      4   32   43.2        7   52   73.2
 24  01 10      1    4    8.4      2   27   28.2        3   31   36.6
 25  00 14      1    3    7.8      4   50   54.0        5   53   61.8
 26  00 22      2    8   16.8      3   39   41.4        5   47   58.2
 27  01 47      0    0    0.0      4   35   45.0        4   35   45.0
 28  01 52      0    0    0.0      3   42   43.2        3   42   43.2
 29  00 43      1    5    9.0      3   32   37.2        4   37   46.2
 30  01 50      1   11   12.6      3   43   43.8        4   54   56.4
 31  01 27      2   36   33.6      4   64   62.4        6  100   96.0

 Monthly Mean            39.2               34.2                 73.4

 --------------------------------------------------------------------

 August    1940     (k = 0.60)

 Date Time(UT)      North              South                Total
      h  m      g    f     R       g    f     R         g    f     R
  1  03 08      2   38   34.8      3   44   44.4        5   82   79.2
  2  00 40      3   46   45.6      3   32   37.2        6   78   82.8
  3  00 50      2   31   30.6      4   37   46.2        6   68   76.8
  4    -
  5  04 39      4   55   57.0      2   28   28.8        6   83   85.8
  6  00 06      5   62   67.2      2   48   40.8        7  110  108.0
  7  00 24      5   64   68.4      1   47   34.2        6  111  102.6
  8  07 13      5   76   75.6      2   58   46.8        7  134  122.4
  9    -
 10    -
 11    -
 12  00 21      3   71   60.6      3   78   64.8        6  149  125.4
 13    -
 14    -
 15  00 50      2   47   40.2      4   66   63.6        6  113  103.8
 16  00 10      3   41   42.6      3   69   59.4        6  110  102.0
 17  00 03      4   70   66.0      6   97   94.2       10  167  160.2
 18  01 15      5   67   70.2      4   49   53.4        9  116  123.6
 19  00 28      2   75   57.0      4   50   54.0        6  125  111.0
 20  00 59      3   78   64.8      3   37   40.2        6  115  105.0
 21  00 19      5   83   79.8      5   44   56.4       10  127  136.2
 22  02 00      4  103   85.8      6   61   72.6       10  164  158.4
 23  00 07      4   76   69.6      6   55   69.0       10  131  138.6
 24  00 24      6   73   79.8      3   36   39.6        9  109  119.4
 25  04 36      5   67   70.2      4   69   65.4        9  136  135.6
 26  01 14      3   48   46.8      6   41   60.6        9   89  107.4
 27  00 32      2   30   30.0      5   51   60.6        7   81   90.6
 28  00 40      3   26   33.6      3   63   55.8        6   89   89.4
 29  01 30      3   24   32.4      4   53   55.8        7   77   88.2
 30  02 22      4   33   43.8      3   66   57.6        7   99  101.4
 31  07 00      4   41   48.6      3   57   52.2        7   98  100.8

 Monthly Mean            56.0               54.1                110.2

 --------------------------------------------------------------------

 September 1940     (k = 0.60)

 Date Time(UT)      North              South                Total
      h  m      g    f     R       g    f     R         g    f     R
  1  00 03      4   48   52.8      3   73   61.8        7  121  114.6
  2  00 00      4   34   44.4      3   70   60.0        7  104  104.4
  3  04 33      4   33   43.8      4   93   79.8        8  126  123.6
  4  00 10      4   26   39.6      3  101   78.6        7  127  118.2
  4  23 57      3   19   29.4      4   77   70.2        7   96   99.6
  6  05 40      2   21   24.6      4   64   62.4        6   85   87.0
  7    -
  8  05 50      4   17   34.2      2   35   33.0        6   52   67.2
  9    -
 10  05 45      2   13   19.8      3   33   37.8        5   46   57.6
 11  00 38      4   32   43.2      1   11   12.6        5   43   55.8
 11  23 35      2   21   24.6      1    3    7.8        3   24   32.4
 12  23 57      4   36   45.6      0    0    0.0        4   36   45.6
 14  00 30      4   40   48.0      0    0    0.0        4   40   48.0
 15  00 31      4   38   46.8      0    0    0.0        4   38   46.8
 16  00 23      3   30   36.0      1   13   13.8        4   43   49.8
 17    -
 18    -
 19    -
 20  01 13      1   55   39.0      4   90   78.0        5  145  117.0
 21  01 22      2   49   41.4      4   84   74.4        6  133  115.8
 22  00 45      2   30   30.0      4   80   72.0        6  110  102.0
 23  00 00      2    6   15.6      4   57   58.2        6   63   73.8
 24  01 10      1    7   10.2      4   33   43.8        5   40   54.0
 25  05 06      1    8   10.8      5   39   53.4        6   47   64.2
 26  00 07      1    5    9.0      4   27   40.2        5   32   49.2
 27  00 31      0    0    0.0      3   21   30.6        3   21   30.6
 28  00 10      2   13   19.8      3   15   27.0        5   28   46.8
 29    -
 30    -


 Monthly Mean            30.8               43.3                 74.1

 --------------------------------------------------------------------

 October   1940     (k = 0.60)

 Date Time(UT)      North              South                Total
      h  m      g    f     R       g    f     R         g    f     R
  1  04 40      2   12   19.2      2   11   18.6        4   23   37.8
  2  00 30      1   14   14.4      3   18   28.8        4   32   43.2
  3    -
  4  01 36      3   28   34.8      0    0    0.0        3   28   34.8
  5  01 24      2   40   36.0      0    0    0.0        2   40   36.0
  5  22 55      5   50   60.0      0    0    0.0        5   50   60.0
  6  23 46      4   53   55.8      1    8   10.8        5   61   66.6
  8  01 25      6   58   70.8      1   12   13.2        7   70   84.0
  9  01 37      3   64   56.4      1   18   16.8        4   82   73.2
 10  00 41      4   83   73.8      1   22   19.2        5  105   93.0
 11  00 25      3   62   55.2      2   15   21.0        5   77   76.2
 11  23 46      2   94   68.4      2   23   25.8        4  117   94.2
 13    -
 14    -
 15    -
 15  23 59      1   36   27.6      4   37   46.2        5   73   73.8
 17    -
 18  00 25      1    4    8.4      4   46   51.6        5   50   60.0
 18  23 56      0    0    0.0      5   66   69.6        5   66   69.6
 20    -
 21    -
 22  05 46      0    0    0.0      5   61   66.6        5   61   66.6
 23    -
 24    -
 25  00 33      0    0    0.0      4   25   39.0        4   25   39.0
 25  23 45      1    2    7.2      4   36   45.6        5   38   52.8
 26  23 35      1    3    7.8      4   46   51.6        5   49   59.4
 28  01 26      1    5    9.0      3   50   48.0        4   55   57.0
 29  02 00      1   10   12.0      3   29   35.4        4   39   47.4
 30    -
 31  00 43      3   27   34.2      3   12   25.2        6   39   59.4

 Monthly Mean            31.0               30.1                 61.1

 --------------------------------------------------------------------

 November  1940     (k = 0.60)

 Date Time(UT)      North              South                Total
      h  m      g    f     R       g    f     R         g    f     R
  1  00 29      2   30   30.0      3   21   30.6        5   51   60.6
  2  00 57      2   28   28.8      1   22   19.2        3   50   48.0
  3  01 10      3   34   38.4      2   25   27.0        5   59   65.4
  4  01 07      5   51   60.6      2   27   28.2        7   78   88.8
  5  01 04      4   42   49.2      2   17   22.2        6   59   71.4
  6  00 52      3   29   35.4      2   11   18.6        5   40   54.0
  7    -
  8  02 16      3   39   41.4      3   18   28.8        6   57   70.2
  9    -
 10  00 27      5   61   66.6      1    3    7.8        6   64   74.4
 11  01 19      3   53   49.8      1    3    7.8        4   56   57.6
 12  04 00      3   45   45.0      2    7   16.2        5   52   61.2
 13  02 48      5   63   67.8      4   15   33.0        9   78  100.8
 14    -
 15  00 57      4   62   61.2      5   41   54.6        9  103  115.8
 16  02 51      2   32   31.2      7   53   73.8        9   85  105.0
 17  01 30      2   13   19.8      6   40   60.0        8   53   79.8
 18    -
 19  00 54      2   14   20.4      5   37   52.2        7   51   72.6
 20    -
 21  00 58      0    0    0.0      3   19   29.4        3   19   29.4
 22  02 45      0    0    0.0      2   14   20.4        2   14   20.4
 23    -
 24    -
 25  01 05      2   15   21.0      2   39   35.4        4   54   56.4
 26  04 23      3   22   31.2      2   33   31.8        5   55   63.0
 27  00 51      3   23   31.8      2   30   30.0        5   53   61.8
 28    -
 29  05 40      3   48   46.8      1    5    9.0        4   53   55.8
 30    -


 Monthly Mean            37.0               30.3                 67.3

 --------------------------------------------------------------------

 December  1940     (k = 0.60)

 Date Time(UT)      North              South                Total
      h  m      g    f     R       g    f     R         g    f     R
  1  00 27      2   20   24.0      0    0    0.0        2   20   24.0
  2  01 27      2   17   22.2      0    0    0.0        2   17   22.2
  3  01 21      1    4    8.4      2   10   18.0        3   14   26.4
  4  04 30      1    6    9.6      2   10   18.0        3   16   27.6
  5  00 35      2    7   16.2      3   37   40.2        5   44   56.4
  6    -
  7    -
  8  01 14      2   28   28.8      5   54   62.4        7   82   91.2
  9  01 07      3   37   40.2      4   46   51.6        7   83   91.8
 10  01 16      4   43   49.8      7   73   85.8       11  116  135.6
 11  01 44      4   42   49.2      7   86   93.6       11  128  142.8
 12  01 31      5   52   61.2      7   87   94.2       12  139  155.4
 13  02 14      4   43   49.8      4   64   62.4        8  107  112.2
 14  00 52      6   62   73.2      5   36   51.6       11   98  124.8
 15  01 35      5   64   68.4      4   32   43.2        9   96  111.6
 16  01 21      4   65   63.0      4   33   43.8        8   98  106.8
 17  01 25      2   25   27.0      5   23   43.8        7   48   70.8
 18    -
 19  02 20      4   30   42.0      3   22   31.2        7   52   73.2
 20  01 31      3   15   27.0      4   15   33.0        7   30   60.0
 21  01 40      1    7   10.2      2   18   22.8        3   25   33.0
 22  01 08      0    0    0.0      3   38   40.8        3   38   40.8
 23    -
 24    -
 25  02 40      2   10   18.0      2   32   31.2        4   42   49.2
 26  02 04      2   16   21.6      2   26   27.6        4   42   49.2
 27  01 34      1    5    9.0      2   24   26.4        3   29   35.4
 28  00 56      1    3    7.8      3   38   40.8        4   41   48.6
 29  00 51      0    0    0.0      3   24   32.4        3   24   32.4
 30    -
 31  01 03      3   14   26.4      2   13   19.8        5   27   46.2

 Monthly Mean            30.1               40.6                 70.7

 --------------------------------------------------------------------

