 January   1965     (k = 0.72)

 Date Time(UT)      North              South                Total
      h  m      g    f     R       g    f     R         g    f     R
  1  03 20      1   16   18.7      0    0    0.0        1   16   18.7
  2  01 10      1   25   25.2      0    0    0.0        1   25   25.2
  3  02 35      2   22   30.2      0    0    0.0        2   22   30.2
  4  02 30      2    7   19.4      0    0    0.0        2    7   19.4
  5  03 30      2    9   20.9      0    0    0.0        2    9   20.9
  6  05 00      1    7   12.2      0    0    0.0        1    7   12.2
  7  01 45      1    5   10.8      0    0    0.0        1    5   10.8
  8    -
  9  01 30      2    5   18.0      0    0    0.0        2    5   18.0
 10  01 15      1    1    7.9      0    0    0.0        1    1    7.9
 11  01 20      0    0    0.0      0    0    0.0        0    0    0.0
 12  00 30      0    0    0.0      0    0    0.0        0    0    0.0
 13  00 30      0    0    0.0      0    0    0.0        0    0    0.0
 14  00 40      1    1    7.9      0    0    0.0        1    1    7.9
 15  01 15      1    2    8.6      0    0    0.0        1    2    8.6
 16  01 00      1    2    8.6      0    0    0.0        1    2    8.6
 17  01 00      1    1    7.9      0    0    0.0        1    1    7.9
 18  03 30      1    6   11.5      1    2    8.6        2    8   20.2
 19  01 45      2    8   20.2      0    0    0.0        2    8   20.2
 20  01 15      2    7   19.4      0    0    0.0        2    7   19.4
 21  01 30      2    8   20.2      0    0    0.0        2    8   20.2
 22  01 45      3    5   25.2      0    0    0.0        3    5   25.2
 23  01 05      2    4   17.3      0    0    0.0        2    4   17.3
 24  01 50      2    9   20.9      0    0    0.0        2    9   20.9
 25  01 15      2    7   19.4      0    0    0.0        2    7   19.4
 26  01 15      2    7   19.4      0    0    0.0        2    7   19.4
 27  01 30      3    7   26.6      0    0    0.0        3    7   26.6
 28  01 15      3    8   27.4      0    0    0.0        3    8   27.4
 29  01 40      4    7   33.8      0    0    0.0        4    7   33.8
 30  01 15      3   13   31.0      0    0    0.0        3   13   31.0
 31  03 30      3   11   29.5      0    0    0.0        3   11   29.5

 Monthly Mean            17.3                0.3                 17.6

 --------------------------------------------------------------------

 February  1965     (k = 0.72)

 Date Time(UT)      North              South                Total
      h  m      g    f     R       g    f     R         g    f     R
  1  01 45      1    8   13.0      0    0    0.0        1    8   13.0
  2  01 45      1    4   10.1      0    0    0.0        1    4   10.1
  3  01 30      1    3    9.4      0    0    0.0        1    3    9.4
  4  01 45      1   13   16.6      0    0    0.0        1   13   16.6
  5  01 30      1    6   11.5      0    0    0.0        1    6   11.5
  6  03 30      2    3   16.6      1    1    7.9        3    4   24.5
  7  01 50      3    8   27.4      0    0    0.0        3    8   27.4
  8  01 45      2    4   17.3      0    0    0.0        2    4   17.3
  9    -
 10  02 00      2    4   17.3      0    0    0.0        2    4   17.3
 11    -
 12  01 00      2    4   17.3      0    0    0.0        2    4   17.3
 13  02 00      2    4   17.3      0    0    0.0        2    4   17.3
 14  02 00      2    5   18.0      0    0    0.0        2    5   18.0
 15  02 00      2    5   18.0      0    0    0.0        2    5   18.0
 16  01 15      2    3   16.6      0    0    0.0        2    3   16.6
 17  01 30      1    2    8.6      0    0    0.0        1    2    8.6
 18  01 30      1    1    7.9      0    0    0.0        1    1    7.9
 19  01 45      0    0    0.0      0    0    0.0        0    0    0.0
 20  01 15      2    7   19.4      0    0    0.0        2    7   19.4
 21  02 20      0    0    0.0      0    0    0.0        0    0    0.0
 22    -
 23  04 00      0    0    0.0      0    0    0.0        0    0    0.0
 24  01 30      0    0    0.0      0    0    0.0        0    0    0.0
 25  02 00      1    1    7.9      1    1    7.9        2    2   15.8
 26  01 45      1    1    7.9      1    1    7.9        2    2   15.8
 27  01 00      1    1    7.9      2    4   17.3        3    5   25.2
 28  01 10      2    2   15.8      1    4   10.1        3    6   25.9




 Monthly Mean            12.1                2.0                 14.1

 --------------------------------------------------------------------

 March     1965     (k = 0.72)

 Date Time(UT)      North              South                Total
      h  m      g    f     R       g    f     R         g    f     R
  1  01 30      1    1    7.9      1    3    9.4        2    4   17.3
  2  01 30      1    1    7.9      1    1    7.9        2    2   15.8
  3  02 00      0    0    0.0      1    1    7.9        1    1    7.9
  4  01 00      1    1    7.9      0    0    0.0        1    1    7.9
  5  01 15      1    3    9.4      0    0    0.0        1    3    9.4
  6  01 15      2    2   15.8      0    0    0.0        2    2   15.8
  7  00 30      3    7   26.6      0    0    0.0        3    7   26.6
  8  01 15      1    3    9.4      0    0    0.0        1    3    9.4
  9  01 45      0    0    0.0      0    0    0.0        0    0    0.0
 10  01 30      1    4   10.1      0    0    0.0        1    4   10.1
 11  01 30      1    3    9.4      0    0    0.0        1    3    9.4
 12  00 45      2    3   16.6      0    0    0.0        2    3   16.6
 13  00 20      1    7   12.2      0    0    0.0        1    7   12.2
 14  00 10      1    9   13.7      0    0    0.0        1    9   13.7
 15  00 00      1    5   10.8      0    0    0.0        1    5   10.8
 16    -
 17    -
 18  01 15      1    4   10.1      0    0    0.0        1    4   10.1
 19  05 05      1   12   15.8      0    0    0.0        1   12   15.8
 20  00 15      1   13   16.6      0    0    0.0        1   13   16.6
 21  01 30      2   10   21.6      0    0    0.0        2   10   21.6
 22  01 30      0    0    0.0      0    0    0.0        0    0    0.0
 23  01 45      0    0    0.0      0    0    0.0        0    0    0.0
 24    -
 25  01 15      0    0    0.0      0    0    0.0        0    0    0.0
 26  01 00      1    3    9.4      0    0    0.0        1    3    9.4
 27  01 30      1    2    8.6      0    0    0.0        1    2    8.6
 28  00 15      1    4   10.1      0    0    0.0        1    4   10.1
 29  01 15      1    4   10.1      0    0    0.0        1    4   10.1
 30  01 30      1    1    7.9      0    0    0.0        1    1    7.9
 31  01 30      0    0    0.0      0    0    0.0        0    0    0.0

 Monthly Mean             9.6                0.9                 10.5

 --------------------------------------------------------------------

 April     1965     (k = 0.72)

 Date Time(UT)      North              South                Total
      h  m      g    f     R       g    f     R         g    f     R
  1  01 15      0    0    0.0      0    0    0.0        0    0    0.0
  2  00 30      0    0    0.0      0    0    0.0        0    0    0.0
  3  01 30      0    0    0.0      0    0    0.0        0    0    0.0
  4  01 05      0    0    0.0      0    0    0.0        0    0    0.0
  5  01 15      0    0    0.0      0    0    0.0        0    0    0.0
  6  00 45      0    0    0.0      0    0    0.0        0    0    0.0
  7  00 45      0    0    0.0      0    0    0.0        0    0    0.0
  8    -
  9  01 30      0    0    0.0      0    0    0.0        0    0    0.0
 10    -
 11    -
 12    -
 13    -
 14    -
 15    -
 16    -
 17    -
 18    -
 19    -
 20  06 15      1    2    8.6      0    0    0.0        1    2    8.6
 21    -
 22  01 15      1    4   10.1      0    0    0.0        1    4   10.1
 23    -
 24  00 45      1    7   12.2      0    0    0.0        1    7   12.2
 25  00 30      1    1    7.9      0    0    0.0        1    1    7.9
 26  02 35      0    0    0.0      1    2    8.6        1    2    8.6
 27  01 10      0    0    0.0      1    5   10.8        1    5   10.8
 28    -
 29    -
 30    -


 Monthly Mean             2.8                1.4                  4.2

 --------------------------------------------------------------------

 May       1965     (k = 0.72)

 Date Time(UT)      North              South                Total
      h  m      g    f     R       g    f     R         g    f     R
  1  01 20      0    0    0.0      0    0    0.0        0    0    0.0
  2  00 35      1    1    7.9      0    0    0.0        1    1    7.9
  3    -
  4  01 15      1    2    8.6      0    0    0.0        1    2    8.6
  5  02 40      1    3    9.4      0    0    0.0        1    3    9.4
  6    -
  7    -
  8  01 40      1    3    9.4      0    0    0.0        1    3    9.4
  9  00 00      2    2   15.8      0    0    0.0        2    2   15.8
 10    -
 11  01 15      1    1    7.9      0    0    0.0        1    1    7.9
 12  02 50      0    0    0.0      0    0    0.0        0    0    0.0
 13  02 30      1    3    9.4      1    2    8.6        2    5   18.0
 14    -
 15  01 15      2    8   20.2      0    0    0.0        2    8   20.2
 16  04 00      2   23   31.0      0    0    0.0        2   23   31.0
 17  01 30      3   26   40.3      0    0    0.0        3   26   40.3
 18  00 45      4   39   56.9      0    0    0.0        4   39   56.9
 19  01 15      4   39   56.9      0    0    0.0        4   39   56.9
 20  01 15      3   58   63.4      0    0    0.0        3   58   63.4
 21  01 00      3   56   61.9      0    0    0.0        3   56   61.9
 22  01 00      3   51   58.3      0    0    0.0        3   51   58.3
 23  01 10      2   27   33.8      0    0    0.0        2   27   33.8
 24  04 00      2   23   31.0      0    0    0.0        2   23   31.0
 25  01 10      2   15   25.2      0    0    0.0        2   15   25.2
 26    -
 27  04 15      0    0    0.0      0    0    0.0        0    0    0.0
 28    -
 29    -
 30    -
 31  01 15      0    0    0.0      0    0    0.0        0    0    0.0

 Monthly Mean            24.9                0.4                 25.3

 --------------------------------------------------------------------

 June      1965     (k = 0.72)

 Date Time(UT)      North              South                Total
      h  m      g    f     R       g    f     R         g    f     R
  1  05 15      0    0    0.0      0    0    0.0        0    0    0.0
  2  01 30      0    0    0.0      1   13   16.6        1   13   16.6
  3  00 45      0    0    0.0      1   16   18.7        1   16   18.7
  4    -
  5  00 00      0    0    0.0      2   31   36.7        2   31   36.7
  6  01 20      0    0    0.0      2   20   28.8        2   20   28.8
  7  01 00      2    2   15.8      2    7   19.4        4    9   35.3
  8  01 00      2    2   15.8      1    3    9.4        3    5   25.2
  9  01 00      3    7   26.6      1    2    8.6        4    9   35.3
 10  00 15      1    3    9.4      0    0    0.0        1    3    9.4
 11  02 25      1    1    7.9      0    0    0.0        1    1    7.9
 12  00 00      1    1    7.9      0    0    0.0        1    1    7.9
 13  05 15      1    1    7.9      0    0    0.0        1    1    7.9
 14    -
 15  01 00      0    0    0.0      0    0    0.0        0    0    0.0
 16  02 30      0    0    0.0      0    0    0.0        0    0    0.0
 17  04 30      0    0    0.0      0    0    0.0        0    0    0.0
 18  02 35      0    0    0.0      1    9   13.7        1    9   13.7
 19  02 30      0    0    0.0      1    6   11.5        1    6   11.5
 20  01 15      0    0    0.0      1    5   10.8        1    5   10.8
 21    -
 22  05 45      0    0    0.0      0    0    0.0        0    0    0.0
 23  00 10      0    0    0.0      0    0    0.0        0    0    0.0
 24  03 30      1    3    9.4      0    0    0.0        1    3    9.4
 25  01 00      0    0    0.0      0    0    0.0        0    0    0.0
 26  02 00      0    0    0.0      0    0    0.0        0    0    0.0
 27  00 45      1    1    7.9      0    0    0.0        1    1    7.9
 28  07 30      2    4   17.3      0    0    0.0        2    4   17.3
 29  00 45      2    3   16.6      0    0    0.0        2    3   16.6
 30  00 30      1   10   14.4      0    0    0.0        1   10   14.4


 Monthly Mean             5.8                6.5                 12.3

 --------------------------------------------------------------------

 July      1965     (k = 0.72)

 Date Time(UT)      North              South                Total
      h  m      g    f     R       g    f     R         g    f     R
  1    -
  2  00 15      2   12   23.0      0    0    0.0        2   12   23.0
  3  05 30      2    5   18.0      0    0    0.0        2    5   18.0
  4    -
  5    -
  6    -
  7  02 30      1   11   15.1      0    0    0.0        1   11   15.1
  8    -
  9  04 00      1   19   20.9      0    0    0.0        1   19   20.9
 10    -
 11    -
 12    -
 13    -
 14  00 40      1    9   13.7      0    0    0.0        1    9   13.7
 15  00 45      1    4   10.1      0    0    0.0        1    4   10.1
 16  02 00      1    2    8.6      0    0    0.0        1    2    8.6
 17  01 15      1    1    7.9      0    0    0.0        1    1    7.9
 18    -
 19  01 30      0    0    0.0      0    0    0.0        0    0    0.0
 20  01 20      0    0    0.0      0    0    0.0        0    0    0.0
 21    -
 22    -
 23  06 00      0    0    0.0      0    0    0.0        0    0    0.0
 24  04 00      0    0    0.0      0    0    0.0        0    0    0.0
 25  04 20      0    0    0.0      0    0    0.0        0    0    0.0
 26  01 45      0    0    0.0      0    0    0.0        0    0    0.0
 27  04 20      1    4   10.1      0    0    0.0        1    4   10.1
 28  00 50      0    0    0.0      0    0    0.0        0    0    0.0
 29  00 45      0    0    0.0      0    0    0.0        0    0    0.0
 30  01 30      0    0    0.0      0    0    0.0        0    0    0.0
 31  00 45      1    1    7.9      0    0    0.0        1    1    7.9

 Monthly Mean             7.1                0.0                  7.1

 --------------------------------------------------------------------

 August    1965     (k = 0.72)

 Date Time(UT)      North              South                Total
      h  m      g    f     R       g    f     R         g    f     R
  1  01 15      1    1    7.9      0    0    0.0        1    1    7.9
  2  01 20      0    0    0.0      0    0    0.0        0    0    0.0
  3  02 10      1    1    7.9      0    0    0.0        1    1    7.9
  4  00 45      1    1    7.9      0    0    0.0        1    1    7.9
  5  02 10      0    0    0.0      0    0    0.0        0    0    0.0
  6  01 00      0    0    0.0      1    3    9.4        1    3    9.4
  7  00 00      0    0    0.0      0    0    0.0        0    0    0.0
  8  04 50      2    5   18.0      0    0    0.0        2    5   18.0
  9  01 30      1    3    9.4      0    0    0.0        1    3    9.4
 10  01 15      1    3    9.4      1    3    9.4        2    6   18.7
 11  01 00      1    1    7.9      1    6   11.5        2    7   19.4
 12  01 30      1    1    7.9      1    7   12.2        2    8   20.2
 13  01 00      0    0    0.0      1    6   11.5        1    6   11.5
 14  02 15      1    1    7.9      0    0    0.0        1    1    7.9
 15  03 00      0    0    0.0      0    0    0.0        0    0    0.0
 16  01 35      0    0    0.0      0    0    0.0        0    0    0.0
 17  01 00      0    0    0.0      0    0    0.0        0    0    0.0
 18  01 15      2    2   15.8      0    0    0.0        2    2   15.8
 19  01 15      1    2    8.6      0    0    0.0        1    2    8.6
 20  01 40      0    0    0.0      0    0    0.0        0    0    0.0
 21    -
 22    -
 23  01 45      1    1    7.9      0    0    0.0        1    1    7.9
 24  01 30      1    2    8.6      0    0    0.0        1    2    8.6
 25  01 00      0    0    0.0      0    0    0.0        0    0    0.0
 26  02 00      0    0    0.0      0    0    0.0        0    0    0.0
 27  01 15      1    4   10.1      0    0    0.0        1    4   10.1
 28  02 00      1    9   13.7      0    0    0.0        1    9   13.7
 29  01 00      1    3    9.4      0    0    0.0        1    3    9.4
 30  02 30      0    0    0.0      0    0    0.0        0    0    0.0
 31  01 45      1    4   10.1      0    0    0.0        1    4   10.1

 Monthly Mean             5.8                1.9                  7.7

 --------------------------------------------------------------------

 September 1965     (k = 0.72)

 Date Time(UT)      North              South                Total
      h  m      g    f     R       g    f     R         g    f     R
  1  01 00      2   10   21.6      0    0    0.0        2   10   21.6
  2    -
  3  01 30      2    4   17.3      0    0    0.0        2    4   17.3
  4  01 30      2    7   19.4      0    0    0.0        2    7   19.4
  5  01 00      2    8   20.2      0    0    0.0        2    8   20.2
  6    -
  7  01 30      1   13   16.6      0    0    0.0        1   13   16.6
  8    -
  9    -
 10    -
 11  02 00      1   10   14.4      0    0    0.0        1   10   14.4
 12    -
 13    -
 14    -
 15    -
 16    -
 17  02 20      1    9   13.7      0    0    0.0        1    9   13.7
 18  01 30      1    2    8.6      0    0    0.0        1    2    8.6
 19  01 15      0    0    0.0      0    0    0.0        0    0    0.0
 20  02 10      0    0    0.0      0    0    0.0        0    0    0.0
 21  00 45      1    1    7.9      0    0    0.0        1    1    7.9
 22  01 30      0    0    0.0      0    0    0.0        0    0    0.0
 23    -
 24  01 20      1    8   13.0      0    0    0.0        1    8   13.0
 25    -
 26  03 15      1    3    9.4      0    0    0.0        1    3    9.4
 27  01 45      2    5   18.0      1    1    7.9        3    6   25.9
 28  01 20      1    6   11.5      1    2    8.6        2    8   20.2
 29  01 40      1   25   25.2      1    2    8.6        2   27   33.8
 30  00 45      1   59   49.7      1    1    7.9        2   60   57.6


 Monthly Mean            14.8                1.8                 16.6

 --------------------------------------------------------------------

 October   1965     (k = 0.72)

 Date Time(UT)      North              South                Total
      h  m      g    f     R       g    f     R         g    f     R
  1  01 15      1   88   70.6      0    0    0.0        1   88   70.6
  2  01 00      2   50   50.4      0    0    0.0        2   50   50.4
  3  00 10      1   73   59.8      2   10   21.6        3   83   81.4
  4  01 30      1   62   51.8      2   16   25.9        3   78   77.8
  5  01 25      2   42   44.6      2   17   26.6        4   59   71.3
  6  01 45      1   17   19.4      1    9   13.7        2   26   33.1
  7  06 05      1   10   14.4      1    5   10.8        2   15   25.2
  8    -
  9  01 10      1    1    7.9      0    0    0.0        1    1    7.9
 10  02 00      2    3   16.6      0    0    0.0        2    3   16.6
 11  01 20      1    3    9.4      0    0    0.0        1    3    9.4
 12  01 00      1    3    9.4      0    0    0.0        1    3    9.4
 13  00 45      1    4   10.1      0    0    0.0        1    4   10.1
 14    -
 15  01 00      0    0    0.0      0    0    0.0        0    0    0.0
 16  00 45      0    0    0.0      0    0    0.0        0    0    0.0
 17  00 30      0    0    0.0      0    0    0.0        0    0    0.0
 18  02 00      0    0    0.0      0    0    0.0        0    0    0.0
 19  04 45      0    0    0.0      0    0    0.0        0    0    0.0
 20  04 45      1    3    9.4      0    0    0.0        1    3    9.4
 21  01 15      1    5   10.8      0    0    0.0        1    5   10.8
 22  00 40      1   19   20.9      0    0    0.0        1   19   20.9
 23    -
 24  00 30      1    1    7.9      1    2    8.6        2    3   16.6
 25  01 30      1    3    9.4      1    2    8.6        2    5   18.0
 26  02 00      1    1    7.9      1    2    8.6        2    3   16.6
 27  01 35      0    0    0.0      1    3    9.4        1    3    9.4
 28  01 40      0    0    0.0      1    2    8.6        1    2    8.6
 29  02 45      0    0    0.0      1    2    8.6        1    2    8.6
 30  01 00      0    0    0.0      1    2    8.6        1    2    8.6
 31    -

 Monthly Mean            15.9                5.9                 21.9

 --------------------------------------------------------------------

 November  1965     (k = 0.72)

 Date Time(UT)      North              South                Total
      h  m      g    f     R       g    f     R         g    f     R
  1  02 30      2    9   20.9      1    3    9.4        3   12   30.2
  2    -
  3  01 00      2   12   23.0      1    1    7.9        3   13   31.0
  4  01 50      1   10   14.4      0    0    0.0        1   10   14.4
  5  01 00      1    4   10.1      0    0    0.0        1    4   10.1
  6  01 45      3    9   28.1      0    0    0.0        3    9   28.1
  7  02 50      2   31   36.7      0    0    0.0        2   31   36.7
  8  02 15      2   29   35.3      0    0    0.0        2   29   35.3
  9  04 00      2   22   30.2      0    0    0.0        2   22   30.2
 10  01 30      2   25   32.4      0    0    0.0        2   25   32.4
 11  01 45      2   26   33.1      0    0    0.0        2   26   33.1
 12  02 30      2   12   23.0      0    0    0.0        2   12   23.0
 13  01 45      2   10   21.6      0    0    0.0        2   10   21.6
 14  01 00      1    8   13.0      0    0    0.0        1    8   13.0
 15  01 30      1    3    9.4      0    0    0.0        1    3    9.4
 16  01 30      1    4   10.1      0    0    0.0        1    4   10.1
 17  01 30      1    1    7.9      0    0    0.0        1    1    7.9
 18  01 00      0    0    0.0      0    0    0.0        0    0    0.0
 19    -
 20  04 00      0    0    0.0      0    0    0.0        0    0    0.0
 21  01 15      0    0    0.0      0    0    0.0        0    0    0.0
 22  00 45      0    0    0.0      0    0    0.0        0    0    0.0
 23    -
 24  00 30      1    3    9.4      0    0    0.0        1    3    9.4
 25    -
 26  01 45      1    1    7.9      0    0    0.0        1    1    7.9
 27  01 00      0    0    0.0      0    0    0.0        0    0    0.0
 28  01 00      0    0    0.0      0    0    0.0        0    0    0.0
 29  00 00      1    2    8.6      0    0    0.0        1    2    8.6
 30  05 50      1    2    8.6      0    0    0.0        1    2    8.6


 Monthly Mean            14.8                0.7                 15.4

 --------------------------------------------------------------------

 December  1965     (k = 0.72)

 Date Time(UT)      North              South                Total
      h  m      g    f     R       g    f     R         g    f     R
  1  00 45      1    2    8.6      0    0    0.0        1    2    8.6
  2  01 00      1    2    8.6      0    0    0.0        1    2    8.6
  3  01 00      1    2    8.6      0    0    0.0        1    2    8.6
  4  05 00      1    2    8.6      0    0    0.0        1    2    8.6
  5  01 00      1    1    7.9      0    0    0.0        1    1    7.9
  6  04 15      1    1    7.9      0    0    0.0        1    1    7.9
  7  01 15      1    2    8.6      0    0    0.0        1    2    8.6
  8  01 10      1    1    7.9      0    0    0.0        1    1    7.9
  9  01 00      0    0    0.0      0    0    0.0        0    0    0.0
 10  00 20      1    1    7.9      0    0    0.0        1    1    7.9
 11    -
 12  01 15      0    0    0.0      0    0    0.0        0    0    0.0
 13  01 15      2    2   15.8      1    1    7.9        3    3   23.8
 14  01 45      0    0    0.0      0    0    0.0        0    0    0.0
 15    -
 16  01 00      1    6   11.5      0    0    0.0        1    6   11.5
 17  00 45      1    8   13.0      0    0    0.0        1    8   13.0
 18  01 30      2   21   29.5      0    0    0.0        2   21   29.5
 19  01 00      1   11   15.1      0    0    0.0        1   11   15.1
 20  04 15      1    3    9.4      1    1    7.9        2    4   17.3
 21    -
 22  00 55      2    5   18.0      0    0    0.0        2    5   18.0
 23    -
 24    -
 25    -
 26    -
 27    -
 28    -
 29  06 20      4   35   54.0      1    6   11.5        5   41   65.5
 30  02 15      3   17   33.8      1    5   10.8        4   22   44.6
 31  00 45      3    8   27.4      1    3    9.4        4   11   36.7

 Monthly Mean            13.7                2.2                 15.9

 --------------------------------------------------------------------

