 January   1962     (k = 0.72)

 Date Time(UT)      North              South                Total
      h  m      g    f     R       g    f     R         g    f     R
  1    -
  2    -
  3  00 50      2    7   19.4      0    0    0.0        2    7   19.4
  4  02 00      1    3    9.4      0    0    0.0        1    3    9.4
  5  01 25      1    2    8.6      1    2    8.6        2    4   17.3
  6  01 45      1    2    8.6      0    0    0.0        1    2    8.6
  7  01 30      1    2    8.6      0    0    0.0        1    2    8.6
  8  03 00      1    2    8.6      0    0    0.0        1    2    8.6
  9  01 00      0    0    0.0      0    0    0.0        0    0    0.0
 10    -
 11  01 05      0    0    0.0      0    0    0.0        0    0    0.0
 12  01 15      0    0    0.0      0    0    0.0        0    0    0.0
 13  02 30      2    3   16.6      0    0    0.0        2    3   16.6
 14  01 00      2    5   18.0      0    0    0.0        2    5   18.0
 15    -
 16  01 30      2    6   18.7      0    0    0.0        2    6   18.7
 17  01 15      1    4   10.1      0    0    0.0        1    4   10.1
 18  01 30      1    1    7.9      0    0    0.0        1    1    7.9
 19  01 40      2   18   27.4      0    0    0.0        2   18   27.4
 20  01 00      1   19   20.9      0    0    0.0        1   19   20.9
 21  01 45      1   25   25.2      0    0    0.0        1   25   25.2
 22  02 00      3   40   50.4      0    0    0.0        3   40   50.4
 23  01 00      3   39   49.7      0    0    0.0        3   39   49.7
 24  01 15      5   50   72.0      0    0    0.0        5   50   72.0
 25  01 15      4   50   64.8      0    0    0.0        4   50   64.8
 26  01 15      3   55   61.2      0    0    0.0        3   55   61.2
 27  01 20      3   42   51.8      3    5   25.2        6   47   77.0
 28  01 15      3   61   65.5      3    4   24.5        6   65   90.0
 29  01 15      2   54   53.3      2    5   18.0        4   59   71.3
 30  01 15      2   56   54.7      1    2    8.6        3   58   63.4
 31  01 10      3   51   58.3      0    0    0.0        3   51   58.3

 Monthly Mean            29.3                3.1                 32.4

 --------------------------------------------------------------------

 February  1962     (k = 0.72)

 Date Time(UT)      North              South                Total
      h  m      g    f     R       g    f     R         g    f     R
  1  01 00      3   57   62.6      1    2    8.6        4   59   71.3
  2  01 15      3   51   58.3      1    2    8.6        4   53   67.0
  3  01 15      3   44   53.3      0    0    0.0        3   44   53.3
  4  01 30      3   30   43.2      1    1    7.9        4   31   51.1
  5  01 15      3   26   40.3      0    0    0.0        3   26   40.3
  6  01 30      2   27   33.8      1    3    9.4        3   30   43.2
  7  01 15      2   12   23.0      0    0    0.0        2   12   23.0
  8  01 15      2   12   23.0      0    0    0.0        2   12   23.0
  9  01 20      2   14   24.5      0    0    0.0        2   14   24.5
 10  01 00      1    7   12.2      0    0    0.0        1    7   12.2
 11  00 30      1    3    9.4      0    0    0.0        1    3    9.4
 12    -
 13  01 00      0    0    0.0      0    0    0.0        0    0    0.0
 14  01 15      2    6   18.7      0    0    0.0        2    6   18.7
 15  01 15      2    5   18.0      0    0    0.0        2    5   18.0
 16  01 15      1    6   11.5      0    0    0.0        1    6   11.5
 17  01 00      1    7   12.2      0    0    0.0        1    7   12.2
 18  00 30      2   10   21.6      0    0    0.0        2   10   21.6
 19  01 15      1    8   13.0      2    3   16.6        3   11   29.5
 20  01 00      2    8   20.2      2   13   23.8        4   21   43.9
 21  00 30      2   12   23.0      1   19   20.9        3   31   43.9
 22  01 00      2   10   21.6      2   39   42.5        4   49   64.1
 23  01 15      4   14   38.9      1   79   64.1        5   93  103.0
 24    -
 25    -
 26    -
 27  02 00      5   12   44.6      1   67   55.4        6   79  100.1
 28  01 15      3   11   29.5      1   65   54.0        4   76   83.5




 Monthly Mean            27.4               13.0                 40.4

 --------------------------------------------------------------------

 March     1962     (k = 0.72)

 Date Time(UT)      North              South                Total
      h  m      g    f     R       g    f     R         g    f     R
  1    -
  2  01 10      3   10   28.8      2   51   51.1        5   61   79.9
  3  01 00      3   12   30.2      2   17   26.6        5   29   56.9
  4  00 20      3    8   27.4      1    2    8.6        4   10   36.0
  5  01 15      3    9   28.1      0    0    0.0        3    9   28.1
  6  02 15      2    9   20.9      0    0    0.0        2    9   20.9
  7  01 00      3   13   31.0      0    0    0.0        3   13   31.0
  8  00 45      2    6   18.7      0    0    0.0        2    6   18.7
  9  01 50      2    3   16.6      0    0    0.0        2    3   16.6
 10  02 00      2    3   16.6      0    0    0.0        2    3   16.6
 11  00 10      0    0    0.0      1    1    7.9        1    1    7.9
 12  01 30      0    0    0.0      1    1    7.9        1    1    7.9
 13  01 00      1    6   11.5      0    0    0.0        1    6   11.5
 14  03 00      1    8   13.0      0    0    0.0        1    8   13.0
 15    -
 16  01 20      2    7   19.4      0    0    0.0        2    7   19.4
 17  01 00      2    6   18.7      0    0    0.0        2    6   18.7
 18  00 00      3   10   28.8      1    1    7.9        4   11   36.7
 19  01 00      3   11   29.5      2    9   20.9        5   20   50.4
 20    -
 21    -
 22  01 45      4   55   68.4      1    2    8.6        5   57   77.0
 23    -
 24  01 00      2   42   44.6      1    2    8.6        3   44   53.3
 25  01 45      3   48   56.2      1    3    9.4        4   51   65.5
 26  04 00      2   49   49.7      1    5   10.8        3   54   60.5
 27  01 45      2   38   41.8      1    2    8.6        3   40   50.4
 28  01 45      3   32   44.6      0    0    0.0        3   32   44.6
 29    -
 30    -
 31  01 00      3   16   33.1      0    0    0.0        3   16   33.1

 Monthly Mean            28.2                7.4                 35.6

 --------------------------------------------------------------------

 April     1962     (k = 0.72)

 Date Time(UT)      North              South                Total
      h  m      g    f     R       g    f     R         g    f     R
  1  01 00      3   12   30.2      2    3   16.6        5   15   46.8
  2  00 30      2   12   23.0      1    4   10.1        3   16   33.1
  3    -
  4  01 15      1    5   10.8      1    7   12.2        2   12   23.0
  5  00 15      1    5   10.8      2    9   20.9        3   14   31.7
  6    -
  7  01 15      1    9   13.7      1    4   10.1        2   13   23.8
  8  06 15      1    9   13.7      1    2    8.6        2   11   22.3
  9  01 45      1    8   13.0      0    0    0.0        1    8   13.0
 10  04 00      1    7   12.2      0    0    0.0        1    7   12.2
 11    -
 12    -
 13    -
 14  03 00      2   42   44.6      1    8   13.0        3   50   57.6
 15  00 30      3   67   69.8      1    4   10.1        4   71   79.9
 16  04 00      3   59   64.1      1    3    9.4        4   62   73.4
 17  01 30      3   44   53.3      1    4   10.1        4   48   63.4
 18    -
 19  01 20      3   46   54.7      0    0    0.0        3   46   54.7
 20  01 00      4   39   56.9      0    0    0.0        4   39   56.9
 21  01 30      4   33   52.6      1    4   10.1        5   37   62.6
 22  00 15      4   54   67.7      1   14   17.3        5   68   85.0
 23  01 15      4   33   52.6      1   19   20.9        5   52   73.4
 24  01 25      2    9   20.9      1   16   18.7        3   25   39.6
 25  01 00      2    5   18.0      1   13   16.6        3   18   34.6
 26    -
 27  01 40      2   21   29.5      0    0    0.0        2   21   29.5
 28  01 40      2   15   25.2      0    0    0.0        2   15   25.2
 29  01 30      2   18   27.4      0    0    0.0        2   18   27.4
 30  01 00      1   13   16.6      1    2    8.6        2   15   25.2


 Monthly Mean            34.0                9.3                 43.2

 --------------------------------------------------------------------

 May       1962     (k = 0.72)

 Date Time(UT)      North              South                Total
      h  m      g    f     R       g    f     R         g    f     R
  1    -
  2  05 45      3   27   41.0      0    0    0.0        3   27   41.0
  3  01 00      4   41   58.3      0    0    0.0        4   41   58.3
  4  01 15      3   21   36.7      0    0    0.0        3   21   36.7
  5    -
  6  01 00      3   13   31.0      0    0    0.0        3   13   31.0
  7  00 45      3    9   28.1      0    0    0.0        3    9   28.1
  8  00 45      2    6   18.7      1    1    7.9        3    7   26.6
  9  01 15      1    3    9.4      2    8   20.2        3   11   29.5
 10  01 00      1    2    8.6      2   12   23.0        3   14   31.7
 11  01 00      1    3    9.4      2   18   27.4        3   21   36.7
 12    -
 13  01 30      1    4   10.1      2   14   24.5        3   18   34.6
 14  01 00      1    2    8.6      1   10   14.4        2   12   23.0
 15    -
 16    -
 17    -
 18    -
 19    -
 20  00 45      2    4   17.3      1    4   10.1        3    8   27.4
 21  01 15      2   15   25.2      0    0    0.0        2   15   25.2
 22  00 15      3   17   33.8      2    7   19.4        5   24   53.3
 23    -
 24  01 30      1   20   21.6      1   21   22.3        2   41   43.9
 25  03 20      1   25   25.2      1   32   30.2        2   57   55.4
 26  02 10      1   21   22.3      1   28   27.4        2   49   49.7
 27    -
 28  01 15      2   15   25.2      1   27   26.6        3   42   51.8
 29  01 15      2   15   25.2      1   15   18.0        3   30   43.2
 30  00 45      2   22   30.2      2   18   27.4        4   40   57.6
 31  01 00      1   13   16.6      1    9   13.7        2   22   30.2

 Monthly Mean            23.9               14.9                 38.8

 --------------------------------------------------------------------

 June      1962     (k = 0.72)

 Date Time(UT)      North              South                Total
      h  m      g    f     R       g    f     R         g    f     R
  1  00 15      1    6   11.5      2   11   22.3        3   17   33.8
  2  00 20      1    4   10.1      2   11   22.3        3   15   32.4
  3    -
  4    -
  5  00 30      0    0    0.0      2    3   16.6        2    3   16.6
  6  04 00      2    7   19.4      1    7   12.2        3   14   31.7
  7    -
  8    -
  9    -
 10    -
 11    -
 12    -
 13    -
 14  06 45      1    4   10.1      2   12   23.0        3   16   33.1
 15  01 15      2    9   20.9      2   15   25.2        4   24   46.1
 16  01 00      2   17   26.6      2   12   23.0        4   29   49.7
 17  00 30      4   15   39.6      2   14   24.5        6   29   64.1
 18  00 30      4   12   37.4      3   10   28.8        7   22   66.2
 19  01 15      1   10   14.4      3   12   30.2        4   22   44.6
 20  01 00      2   17   26.6      2    9   20.9        4   26   47.5
 21  01 00      2   16   25.9      1    1    7.9        3   17   33.8
 22    -
 23  01 30      1   17   19.4      1    1    7.9        2   18   27.4
 24  00 30      2   14   24.5      0    0    0.0        2   14   24.5
 25    -
 26    -
 27    -
 28  01 15      1   13   16.6      2    9   20.9        3   22   37.4
 29    -
 30    -


 Monthly Mean            20.2               19.1                 39.3

 --------------------------------------------------------------------

 July      1962     (k = 0.72)

 Date Time(UT)      North              South                Total
      h  m      g    f     R       g    f     R         g    f     R
  1  05 30      1   18   20.2      3    8   27.4        4   26   47.5
  2    -
  3  04 30      1   14   17.3      1    7   12.2        2   21   29.5
  4    -
  5    -
  6    -
  7    -
  8    -
  9    -
 10    -
 11  03 10      1    6   11.5      0    0    0.0        1    6   11.5
 12  00 30      1    4   10.1      0    0    0.0        1    4   10.1
 13  01 45      1   14   17.3      1    2    8.6        2   16   25.9
 14  00 30      1   10   14.4      1    1    7.9        2   11   22.3
 15  00 30      1    5   10.8      1    1    7.9        2    6   18.7
 16  01 30      1    5   10.8      0    0    0.0        1    5   10.8
 17  03 30      3    9   28.1      1    1    7.9        4   10   36.0
 18    -
 19  01 15      1    1    7.9      1    2    8.6        2    3   16.6
 20    -
 21  01 30      2    5   18.0      1    1    7.9        3    6   25.9
 22  02 00      1    2    8.6      2    8   20.2        3   10   28.8
 23  01 45      2    7   19.4      0    0    0.0        2    7   19.4
 24  03 45      0    0    0.0      2    9   20.9        2    9   20.9
 25  00 50      0    0    0.0      1    6   11.5        1    6   11.5
 25  23 45      1    1    7.9      1    5   10.8        2    6   18.7
 26  23 50      1    3    9.4      0    0    0.0        1    3    9.4
 28    -
 29  00 45      1    4   10.1      0    0    0.0        1    4   10.1
 30  00 30      1    2    8.6      0    0    0.0        1    2    8.6
 31  00 30      0    0    0.0      0    0    0.0        0    0    0.0

 Monthly Mean            11.5                7.6                 19.1

 --------------------------------------------------------------------

 August    1962     (k = 0.72)

 Date Time(UT)      North              South                Total
      h  m      g    f     R       g    f     R         g    f     R
  1  00 30      0    0    0.0      0    0    0.0        0    0    0.0
  2  00 45      0    0    0.0      0    0    0.0        0    0    0.0
  3  00 45      0    0    0.0      0    0    0.0        0    0    0.0
  4  01 00      0    0    0.0      1    1    7.9        1    1    7.9
  5  01 00      0    0    0.0      1    1    7.9        1    1    7.9
  6  01 30      1    4   10.1      0    0    0.0        1    4   10.1
  7  01 00      1    1    7.9      0    0    0.0        1    1    7.9
  8  00 10      1    3    9.4      0    0    0.0        1    3    9.4
  9  01 15      0    0    0.0      0    0    0.0        0    0    0.0
 10  01 00      0    0    0.0      0    0    0.0        0    0    0.0
 11  01 30      0    0    0.0      0    0    0.0        0    0    0.0
 12  01 00      1    3    9.4      1    1    7.9        2    4   17.3
 13  01 00      1    8   13.0      0    0    0.0        1    8   13.0
 14  02 30      1   15   18.0      1    4   10.1        2   19   28.1
 15  01 00      1   28   27.4      1    8   13.0        2   36   40.3
 16  00 30      1   18   20.2      1    8   13.0        2   26   33.1
 17  00 45      3   29   42.5      0    0    0.0        3   29   42.5
 18  01 00      3   31   43.9      0    0    0.0        3   31   43.9
 19    -
 20    -
 21  01 45      2   21   29.5      0    0    0.0        2   21   29.5
 22  02 30      3   20   36.0      0    0    0.0        3   20   36.0
 23  01 00      2   17   26.6      0    0    0.0        2   17   26.6
 24  01 20      2    7   19.4      1    3    9.4        3   10   28.8
 25  01 15      1    1    7.9      0    0    0.0        1    1    7.9
 26    -
 27  01 15      0    0    0.0      0    0    0.0        0    0    0.0
 28  01 15      0    0    0.0      0    0    0.0        0    0    0.0
 29  01 15      1    1    7.9      0    0    0.0        1    1    7.9
 30  05 30      1    2    8.6      1    3    9.4        2    5   18.0
 31  01 35      1    6   11.5      1    6   11.5        2   12   23.0

 Monthly Mean            12.5                3.2                 15.7

 --------------------------------------------------------------------

 September 1962     (k = 0.72)

 Date Time(UT)      North              South                Total
      h  m      g    f     R       g    f     R         g    f     R
  1  00 45      1   16   18.7      1    3    9.4        2   19   28.1
  2    -
  3  00 45      1   31   29.5      2   20   28.8        3   51   58.3
  4    -
  5  02 00      3   30   43.2      3   12   30.2        6   42   73.4
  6    -
  7    -
  8    -
  9  01 00      3   15   32.4      1   16   18.7        4   31   51.1
 10  01 00      1    5   10.8      1   13   16.6        2   18   27.4
 11  01 45      3    7   26.6      1    8   13.0        4   15   39.6
 12  01 00      3   17   33.8      1    3    9.4        4   20   43.2
 13  01 20      3   17   33.8      2    8   20.2        5   25   54.0
 14  02 30      3   34   46.1      2    6   18.7        5   40   64.8
 15  00 30      5   37   62.6      0    0    0.0        5   37   62.6
 16  00 15      3   37   48.2      0    0    0.0        3   37   48.2
 17  01 45      1   33   31.0      0    0    0.0        1   33   31.0
 18  07 00      1   43   38.2      0    0    0.0        1   43   38.2
 19  02 00      1   24   24.5      0    0    0.0        1   24   24.5
 20  01 30      1   17   19.4      0    0    0.0        1   17   19.4
 21  01 00      1    6   11.5      1    3    9.4        2    9   20.9
 22    -
 23  02 00      3   11   29.5      0    0    0.0        3   11   29.5
 24  01 45      2   14   24.5      0    0    0.0        2   14   24.5
 25  01 30      3   31   43.9      0    0    0.0        3   31   43.9
 26  02 00      4   34   53.3      0    0    0.0        4   34   53.3
 27  01 00      4   26   47.5      0    0    0.0        4   26   47.5
 28  03 50      3   34   46.1      0    0    0.0        3   34   46.1
 29  01 10      3   17   33.8      0    0    0.0        3   17   33.8
 30  00 00      4   22   44.6      1    2    8.6        5   24   53.3


 Monthly Mean            34.7                7.6                 42.4

 --------------------------------------------------------------------

 October   1962     (k = 0.72)

 Date Time(UT)      North              South                Total
      h  m      g    f     R       g    f     R         g    f     R
  1  00 45      3   26   40.3      1    4   10.1        4   30   50.4
  2  02 00      2   20   28.8      1    1    7.9        3   21   36.7
  3  01 30      1   21   22.3      0    0    0.0        1   21   22.3
  4    -
  5    -
  6  01 30      3    4   24.5      0    0    0.0        3    4   24.5
  7  01 05      3    7   26.6      0    0    0.0        3    7   26.6
  8  01 30      2    8   20.2      0    0    0.0        2    8   20.2
  9  02 45      3   11   29.5      1    3    9.4        4   14   38.9
 10  01 00      3   18   34.6      1    7   12.2        4   25   46.8
 11    -
 12  01 50      1   21   22.3      2   20   28.8        3   41   51.1
 13    -
 14    -
 15  05 15      3   23   38.2      1   25   25.2        4   48   63.4
 16  01 00      3   19   35.3      1   15   18.0        4   34   53.3
 17  01 15      2   26   33.1      1   10   14.4        3   36   47.5
 18  01 10      1   28   27.4      1    3    9.4        2   31   36.7
 19  00 40      2   20   28.8      1    3    9.4        3   23   38.2
 20  01 30      3   14   31.7      0    0    0.0        3   14   31.7
 21  01 10      2    9   20.9      0    0    0.0        2    9   20.9
 22    -
 23  06 00      3   11   29.5      0    0    0.0        3   11   29.5
 24  01 15      3   18   34.6      1    4   10.1        4   22   44.6
 24  23 00      2   18   27.4      1   11   15.1        3   29   42.5
 26  01 30      2   13   23.8      1   10   14.4        3   23   38.2
 27    -
 28    -
 29    -
 30    -
 31  01 15      2    8   20.2      0    0    0.0        2    8   20.2

 Monthly Mean            28.6                8.8                 37.3

 --------------------------------------------------------------------

 November  1962     (k = 0.72)

 Date Time(UT)      North              South                Total
      h  m      g    f     R       g    f     R         g    f     R
  1  01 00      1    2    8.6      3    5   25.2        4    7   33.8
  2  02 00      0    0    0.0      2   12   23.0        2   12   23.0
  3    -
  4  01 15      0    0    0.0      1    6   11.5        1    6   11.5
  5  01 10      0    0    0.0      1    2    8.6        1    2    8.6
  6  01 15      0    0    0.0      1    2    8.6        1    2    8.6
  7  01 30      1    1    7.9      1    2    8.6        2    3   16.6
  8  01 45      0    0    0.0      2    7   19.4        2    7   19.4
  9  02 00      0    0    0.0      1    2    8.6        1    2    8.6
 10    -
 11  01 00      0    0    0.0      1    2    8.6        1    2    8.6
 12  01 00      1    3    9.4      2    5   18.0        3    8   27.4
 13  02 00      2   24   31.7      1    2    8.6        3   26   40.3
 14    -
 15    -
 16    -
 17  01 00      2   30   36.0      2   19   28.1        4   49   64.1
 18    -
 19  01 00      2   11   22.3      1   16   18.7        3   27   41.0
 20    -
 21    -
 22    -
 23    -
 24    -
 25  05 10      3   10   28.8      0    0    0.0        3   10   28.8
 26    -
 27  04 15      1    2    8.6      0    0    0.0        1    2    8.6
 28    -
 29  00 45      1    3    9.4      0    0    0.0        1    3    9.4
 30  01 35      1    4   10.1      0    0    0.0        1    4   10.1


 Monthly Mean            10.2               11.5                 21.7

 --------------------------------------------------------------------

 December  1962     (k = 0.72)

 Date Time(UT)      North              South                Total
      h  m      g    f     R       g    f     R         g    f     R
  1  01 00      2   14   24.5      0    0    0.0        2   14   24.5
  2    -
  3  00 30      2   15   25.2      0    0    0.0        2   15   25.2
  4  01 15      3   15   32.4      1    2    8.6        4   17   41.0
  5    -
  6  02 00      4   11   36.7      1    6   11.5        5   17   48.2
  7  01 45      4    7   33.8      1    7   12.2        5   14   46.1
  8  01 30      1    1    7.9      2    6   18.7        3    7   26.6
  9  01 15      1    1    7.9      2   11   22.3        3   12   30.2
 10  01 15      2    2   15.8      2   10   21.6        4   12   37.4
 11  01 15      0    0    0.0      1    2    8.6        1    2    8.6
 12  02 50      1    2    8.6      0    0    0.0        1    2    8.6
 13  02 15      1    3    9.4      0    0    0.0        1    3    9.4
 14  01 30      0    0    0.0      1    3    9.4        1    3    9.4
 15  01 30      0    0    0.0      1    3    9.4        1    3    9.4
 16  03 30      0    0    0.0      1    3    9.4        1    3    9.4
 17  02 00      0    0    0.0      1   10   14.4        1   10   14.4
 18  04 00      1   11   15.1      2    7   19.4        3   18   34.6
 19  01 30      1   30   28.8      1    1    7.9        2   31   36.7
 20  01 15      2   30   36.0      2    2   15.8        4   32   51.8
 21  02 30      1   27   26.6      1    1    7.9        2   28   34.6
 22  01 15      1   18   20.2      1    1    7.9        2   19   28.1
 23  00 30      1   11   15.1      0    0    0.0        1   11   15.1
 24  01 45      4    9   35.3      0    0    0.0        4    9   35.3
 25  01 15      3    6   25.9      0    0    0.0        3    6   25.9
 26  01 30      2    2   15.8      0    0    0.0        2    2   15.8
 27  02 30      1    1    7.9      0    0    0.0        1    1    7.9
 28  01 40      0    0    0.0      0    0    0.0        0    0    0.0
 29  01 00      0    0    0.0      0    0    0.0        0    0    0.0
 30  05 15      0    0    0.0      0    0    0.0        0    0    0.0
 31    -

 Monthly Mean            15.3                7.3                 22.7

 --------------------------------------------------------------------

