 January   1979     (k = 0.72)

 Date Time(UT)      North              South                Total
      h  m      g    f     R       g    f     R         g    f     R
  1  01 00      4   41   58.3      9  131  159.1       13  172  217.4
  2  01 10      4   29   49.7      8  164  175.7       12  193  225.4
  3  03 20      5   30   57.6      9  153  175.0       14  183  232.6
  4  00 15      4   17   41.0      9  121  151.9       13  138  193.0
  5  00 15      3   17   33.8      9   85  126.0       12  102  159.8
  6  00 15      5   37   62.6      9  101  137.5       14  138  200.2
  7    -
  8  00 15     10   86  133.9      7   51   87.1       17  137  221.0
  9  00 20      9  102  138.2      6   34   67.7       15  136  205.9
 10  00 10      7   66   97.9      5   26   54.7       12   92  152.6
 11  00 10      9   81  123.1      5   35   61.2       14  116  184.3
 12  01 30      8   72  109.4      5   50   72.0       13  122  181.4
 13    -
 14  00 10      6   55   82.8      6   60   86.4       12  115  169.2
 15  01 15      5   52   73.4      7   76  105.1       12  128  178.6
 16  00 20      9   59  107.3      6   90  108.0       15  149  215.3
 17  00 20      8   67  105.8      5   58   77.8       13  125  183.6
 18    -
 19  01 30      4   39   56.9      6   58   85.0       10   97  141.8
 19  23 30      6   60   86.4      6   63   88.6       12  123  175.0
 21  00 05      9   73  117.4      9   81  123.1       18  154  240.5
 21  23 30      9   87  127.4      8   76  112.3       17  163  239.8
 23  00 00      8  124  146.9      8   87  120.2       16  211  267.1
 24  01 45      7   88  113.8      9   90  129.6       16  178  243.4
 25  00 00      6   72   95.0     11   86  141.1       17  158  236.2
 26  00 00      5   93  103.0     12  105  162.0       17  198  265.0
 27  00 00      7   60   93.6     10   85  133.2       17  145  226.8
 28  04 10      8   64  103.7      7   70  100.8       15  134  204.5
 29    -
 30  04 30      8   56   97.9      7   53   88.6       15  109  186.5
 31    -

 Monthly Mean            93.0              112.7                205.6

 --------------------------------------------------------------------

 February  1979     (k = 0.72)

 Date Time(UT)      North              South                Total
      h  m      g    f     R       g    f     R         g    f     R
  1  04 15      7   64   96.5      7   36   76.3       14  100  172.8
  2  00 10      6   53   81.4      4   36   54.7       10   89  136.1
  3  01 15      7   57   91.4      5   55   75.6       12  112  167.0
  4  00 25      7   44   82.1      4   73   81.4       11  117  163.4
  5    -
  6  01 30      6   43   74.2      5   78   92.2       11  121  166.3
  7  01 30      6   30   64.8      4   62   73.4       10   92  138.2
  8  01 00      7   44   82.1      6  111  123.1       13  155  205.2
  9  00 15      7   54   89.3      6  105  118.8       13  159  208.1
 10    -
 11  00 30      3   54   60.5      8   95  126.0       11  149  186.5
 12  01 00      5   52   73.4      8   54   96.5       13  106  169.9
 13  00 00      5   55   75.6     10   59  114.5       15  114  190.1
 14  03 25      6   58   85.0      6   27   62.6       12   85  147.6
 15  00 45      7   86  112.3      9   47   98.6       16  133  211.0
 16  00 30      6   95  111.6      6   39   71.3       12  134  182.9
 16  23 20      7  129  143.3      6   34   67.7       13  163  211.0
 18  01 45      8   97  127.4      7   27   69.8       15  124  197.3
 19  00 00      9  122  152.6      5   19   49.7       14  141  202.3
 19  23 45      9  177  192.2      6   20   57.6       15  197  249.8
 21  00 00      8  155  169.2      8   24   74.9       16  179  244.1
 22  00 50      5  136  133.9      7   24   67.7       12  160  201.6
 23    -
 24    -
 25  00 30      3   19   35.3      6   19   56.9        9   38   92.2
 26    -
 27    -
 28  02 30      2   12   23.0      7   47   84.2        9   59  107.3




 Monthly Mean            98.1               81.5                179.6

 --------------------------------------------------------------------

 March     1979     (k = 0.72)

 Date Time(UT)      North              South                Total
      h  m      g    f     R       g    f     R         g    f     R
  1  00 00      3    7   26.6      8   59  100.1       11   66  126.7
  2  00 00      7   21   65.5      9   55  104.4       16   76  169.9
  2  23 45      4    7   33.8      9   41   94.3       13   48  128.2
  4    -
  5  00 00      5   27   55.4      9   57  105.8       14   84  161.3
  5  23 40      5   41   65.5      6   65   90.0       11  106  155.5
  7  00 00      6   41   72.7      7   74  103.7       13  115  176.4
  8    -
  9  00 15     12   46  119.5      6   93  110.2       18  139  229.7
 10  01 15      7   42   80.6      6   59   85.7       13  101  166.3
 11  04 00      7   37   77.0      4   38   56.2       11   75  133.2
 11  22 20     11   56  119.5      4   42   59.0       15   98  178.6
 13    -
 13  22 50     12   62  131.0      6   15   54.0       18   77  185.0
 14  23 45     14   60  144.0      4   43   59.8       18  103  203.8
 15  23 15     14   61  144.7      5   42   66.2       19  103  211.0
 17  00 00     11   32  102.2      6   38   70.6       17   70  172.8
 18  01 00      8   36   83.5      7   46   83.5       15   82  167.0
 18  23 00      7   71  101.5      7   45   82.8       14  116  184.3
 20    -
 21    -
 21  23 30      7   79  107.3      8   46   90.7       15  125  198.0
 23  00 30      7   66   97.9      7   48   85.0       14  114  182.9
 24  00 00      6   51   79.9      6   50   79.2       12  101  159.1
 25  01 20      4   37   55.4      5   29   56.9        9   66  112.3
 26  00 45      4   48   63.4      7   33   74.2       11   81  137.5
 27  00 20      5   29   56.9      6   27   62.6       11   56  119.5
 28  00 45      4   42   59.0      7   47   84.2       11   89  143.3
 29  01 15      7   41   79.9     10   42  102.2       17   83  182.2
 30    -
 31    -

 Monthly Mean            84.3               81.7                166.0

 --------------------------------------------------------------------

 April     1979     (k = 0.72)

 Date Time(UT)      North              South                Total
      h  m      g    f     R       g    f     R         g    f     R
  1  00 45      3   18   34.6      7  102  123.8       10  120  158.4
  2    -
  3    -
  4  04 30      0    0    0.0      6   90  108.0        6   90  108.0
  5    -
  6  00 00      0    0    0.0      7   83  110.2        7   83  110.2
  7  01 15      1   11   15.1      7   66   97.9        8   77  113.0
  8    -
  9  00 15      1   14   17.3      4   21   43.9        5   35   61.2
 10  00 00      3   18   34.6      2    6   18.7        5   24   53.3
 10  23 45      5   27   55.4      2    9   20.9        7   36   76.3
 11  23 20      7   38   77.8      2    7   19.4        9   45   97.2
 13  00 00      7   66   97.9      2   11   22.3        9   77  120.2
 14  01 45      6   83  103.0      3   21   36.7        9  104  139.7
 15    -
 16  07 00      7   53   88.6      1   18   20.2        8   71  108.7
 17  00 10     10   62  116.6      2   22   30.2       12   84  146.9
 17  23 45      8   48   92.2      2   27   33.8       10   75  126.0
 19    -
 20    -
 20  23 40      5   24   53.3      2    9   20.9        7   33   74.2
 22  00 25      4   18   41.8      3    5   25.2        7   23   67.0
 23  00 00      5   34   60.5      2    3   16.6        7   37   77.0
 23  23 50      4   31   51.1      2   13   23.8        6   44   74.9
 25  00 15      3   40   50.4      3   20   36.0        6   60   86.4
 26    -
 27    -
 27  23 30      7   66   97.9      4   37   55.4       11  103  153.4
 29  02 00      6   79  100.1      6   27   62.6       12  106  162.7
 30  03 15      4   80   86.4      3   32   44.6        7  112  131.0


 Monthly Mean            60.7               46.3                106.9

 --------------------------------------------------------------------

 May       1979     (k = 0.72)

 Date Time(UT)      North              South                Total
      h  m      g    f     R       g    f     R         g    f     R
  1  03 40      5   69   85.7      3   16   33.1        8   85  118.8
  2    -
  3  00 40      3   69   71.3      5   28   56.2        8   97  127.4
  3  23 30      6   68   92.2      4   17   41.0       10   85  133.2
  5  00 40      6   63   88.6      5   18   49.0       11   81  137.5
  5  23 40      5   55   75.6      4   19   42.5        9   74  118.1
  7  00 00      8   65  104.4      6   13   52.6       14   78  157.0
  8    -
  8  23 30     12   95  154.8      6   14   53.3       18  109  208.1
 10    -
 11  00 00      7   95  118.8      7   23   67.0       14  118  185.8
 12  00 00      7   79  107.3      5   18   49.0       12   97  156.2
 12  23 10      8   75  111.6      6   17   55.4       14   92  167.0
 14    -
 15  02 15     11  112  159.8      8   50   93.6       19  162  253.4
 16    -
 17    -
 17  23 45      8   78  113.8      6   23   59.8       14  101  173.5
 19  00 00      6   47   77.0      6   21   58.3       12   68  135.4
 19  23 45      8   30   79.2      5   22   51.8       13   52  131.0
 21  00 45      6   25   61.2      8   28   77.8       14   53  139.0
 21  22 50     14   47  134.6     12   43  117.4       26   90  252.0
 23  00 20      6   30   64.8      6   43   74.2       12   73  139.0
 23  23 50      5   34   60.5      6   35   68.4       11   69  128.9
 25  00 45      7   39   78.5      7   54   89.3       14   93  167.8
 26  00 30      8   31   79.9     10   43  103.0       18   74  182.9
 27  06 30      6   24   60.5      7   30   72.0       13   54  132.5
 28  00 00      5   33   59.8      7   25   68.4       12   58  128.2
 28  23 50      5   28   56.2      7   21   65.5       12   49  121.7
 30  00 10     11   34  103.7      7   20   64.8       18   54  168.5
 31  00 00      7   50   86.4      5    6   40.3       12   56  126.7

 Monthly Mean            91.4               64.1                155.6

 --------------------------------------------------------------------

 June      1979     (k = 0.72)

 Date Time(UT)      North              South                Total
      h  m      g    f     R       g    f     R         g    f     R
  1  00 15      7   66   97.9      5    9   42.5       12   75  140.4
  1  23 30      5   60   79.2      4   16   40.3        9   76  119.5
  2  23 30      8   70  108.0      2   18   27.4       10   88  135.4
  3  23 50      7  118  135.4      5   33   59.8       12  151  195.1
  5  00 00      8  112  138.2      6   44   74.9       14  156  213.1
  5  23 10      7   88  113.8      5   33   59.8       12  121  173.5
  7    -
  8  03 45      8  130  151.2      6   69   92.9       14  199  244.1
  9  01 00      6   95  111.6      6   64   89.3       12  159  200.9
 10  00 00      8  111  137.5      5   73   88.6       13  184  226.1
 11    -
 12    -
 13    -
 14    -
 14  23 35      8   54   96.5      3   33   45.4       11   87  141.8
 15  23 30      6   70   93.6      4   31   51.1       10  101  144.7
 17  00 00      9   72  116.6      4   19   42.5       13   91  159.1
 18  00 00      8   89  121.7      4   18   41.8       12  107  163.4
 18  22 30      8   81  115.9      3   18   34.6       11   99  150.5
 20  06 00      6   37   69.8      4   34   53.3       10   71  123.1
 21  00 00      6   36   69.1      5   43   67.0       11   79  136.1
 21  23 40      7   18   63.4      5   47   69.8       12   65  133.2
 22  23 50      4    8   34.6      4   31   51.1        8   39   85.7
 24  00 30      2    6   18.7      6   40   72.0        8   46   90.7
 24  22 30      6   18   56.2      5   48   70.6       11   66  126.7
 25  23 45      5   33   59.8      6   31   65.5       11   64  125.3
 27    -
 28  00 45      5   19   49.7      8   22   73.4       13   41  123.1
 29    -
 30    -


 Monthly Mean            92.7               59.7                152.3

 --------------------------------------------------------------------

 July      1979     (k = 0.72)

 Date Time(UT)      North              South                Total
      h  m      g    f     R       g    f     R         g    f     R
  1    -
  1  23 45      8   84  118.1      4   24   46.1       12  108  164.2
  3  06 00      9  117  149.0      3   23   38.2       12  140  187.2
  4  05 00      8   82  116.6      4   11   36.7       12   93  153.4
  4  23 30     12  156  198.7      5   25   54.0       17  181  252.7
  5  23 45     14  132  195.8      6   39   71.3       20  171  267.1
  7  00 30     10   94  139.7      4   27   48.2       14  121  187.9
  8    -
  8  23 45      9  130  158.4      3   23   38.2       12  153  196.6
 10  00 45      9   78  121.0      3   13   31.0       12   91  151.9
 11    -
 11  23 45      8   98  128.2      3   14   31.7       11  112  159.8
 13    -
 14    -
 15    -
 16    -
 17  03 30      2   30   36.0      5   37   62.6        7   67   98.6
 18    -
 19  05 00      6   45   75.6      6   48   77.8       12   93  153.4
 20    -
 21  00 30      7   68   99.4      7   47   84.2       14  115  183.6
 22    -
 23  03 20     10   51  108.7      4   39   56.9       14   90  165.6
 23  23 45      8   55   97.2      4   40   57.6       12   95  154.8
 24  23 30      6   41   72.7      6   63   88.6       12  104  161.3
 26  05 00      5   54   74.9      5   68   85.0       10  122  159.8
 27    -
 27  23 30      5   34   60.5      6   44   74.9       11   78  135.4
 29  00 30      6   39   71.3      6   47   77.0       12   86  148.3
 30  01 30      5   51   72.7      5   68   85.0       10  119  157.7
 30  23 45      6   62   87.8      6   53   81.4       12  115  169.2

 Monthly Mean           109.1               61.3                170.4

 --------------------------------------------------------------------

 August    1979     (k = 0.72)

 Date Time(UT)      North              South                Total
      h  m      g    f     R       g    f     R         g    f     R
  1  00 25      7   49   85.7      6   42   73.4       13   91  159.1
  2  00 00      6   31   65.5      4   26   47.5       10   57  113.0
  2  23 00      6   19   56.9      4   15   39.6       10   34   96.5
  4  00 25      8   27   77.0      2    5   18.0       10   32   95.0
  5  00 40      6   36   69.1      3   18   34.6        9   54  103.7
  5  23 45      6   24   60.5      4   10   36.0       10   34   96.5
  7  00 30      5   31   58.3      4   19   42.5        9   50  100.8
  8  01 50      7   47   84.2      4   13   38.2       11   60  122.4
  9  00 00      6   48   77.8      5   13   45.4       11   61  123.1
  9  23 30      5   48   70.6      4   10   36.0        9   58  106.6
 10  23 30      3   40   50.4      3   15   32.4        6   55   82.8
 12  01 00      5   47   69.8      3   12   30.2        8   59  100.1
 12  22 30      7   59   92.9      4   13   38.2       11   72  131.0
 14  00 00      4   77   84.2      5   18   49.0        9   95  133.2
 14  23 40      6   65   90.0      4   35   54.0       10  100  144.0
 15  22 30      6   54   82.1      4   40   57.6       10   94  139.7
 17  01 00      4   21   43.9      4   58   70.6        8   79  114.5
 17  23 30      5   24   53.3      4   58   70.6        9   82  123.8
 19  03 00      5   23   52.6      3   37   48.2        8   60  100.8
 20    -
 21    -
 22  02 35      5   66   83.5     10  105  147.6       15  171  231.1
 23  00 45      5   83   95.8     10   97  141.8       15  180  237.6
 24  04 00      6  103  117.4     10   91  137.5       16  194  254.9
 25    -
 26    -
 26  23 45      3   85   82.8      6   36   69.1        9  121  151.9
 28    -
 28  23 40      9  102  138.2      5   27   55.4       14  129  193.7
 30    -
 31  00 00      9   79  121.7      3   26   40.3       12  105  162.0

 Monthly Mean            78.6               58.1                136.7

 --------------------------------------------------------------------

 September 1979     (k = 0.72)

 Date Time(UT)      North              South                Total
      h  m      g    f     R       g    f     R         g    f     R
  1  23 15     11   82  138.2      3   11   29.5       14   93  167.8
  2    -
  3  00 00     11  112  159.8      6   38   70.6       17  150  230.4
  4  00 00      8   94  125.3      3   38   49.0       11  132  174.2
  5  22 45      6   67   91.4      2   34   38.9        8  101  130.3
  6  00 00      6  104  118.1      2   29   35.3        8  133  153.4
  7  04 15      6   98  113.8      3   26   40.3        9  124  154.1
  8  00 40      6  128  135.4      4   28   49.0       10  156  184.3
  9  00 20      7  118  135.4      3   24   38.9       10  142  174.2
 10  00 00      9  130  158.4      2    8   20.2       11  138  178.6
 10  23 45      9  135  162.0      4   23   45.4       13  158  207.4
 12  00 00      8  123  146.2      6   17   55.4       14  140  201.6
 13  00 15      8  133  153.4      3   12   30.2       11  145  183.6
 14  00 15      7  145  154.8      8   23   74.2       15  168  229.0
 15  04 20      8  112  138.2      5   18   49.0       13  130  187.2
 16  04 30      6   68   92.2      5   24   53.3       11   92  145.4
 17    -
 18  00 00      5   74   89.3      8   21   72.7       13   95  162.0
 19  02 40      4   60   72.0      8   35   82.8       12   95  154.8
 20  01 00      7  111  130.3      9   46   97.9       16  157  228.2
 21  04 45      5  128  128.2      6   39   71.3       11  167  199.4
 22  00 20      8  161  173.5      6   50   79.2       14  211  252.7
 23  00 15     12  155  198.0      8   56   97.9       20  211  295.9
 24    -
 25    -
 26    -
 27    -
 28    -
 29    -
 30    -


 Monthly Mean           134.0               56.2                190.2

 --------------------------------------------------------------------

 October   1979     (k = 0.72)

 Date Time(UT)      North              South                Total
      h  m      g    f     R       g    f     R         g    f     R
  1  00 20      8  121  144.7      6   59   85.7       14  180  230.4
  2    -
  3    -
  4    -
  5  02 15      9   87  127.4      4   14   38.9       13  101  166.3
  6    -
  7    -
  8  00 15     11  149  186.5      6   29   64.1       17  178  250.6
  9  00 00      9  117  149.0      5   28   56.2       14  145  205.2
 10  00 40     10  126  162.7      7   37   77.0       17  163  239.8
 11  01 50      9  113  146.2      5   29   56.9       14  142  203.0
 11  23 45      9  112  145.4      4   40   57.6       13  152  203.0
 13  02 59      8  100  129.6      4   18   41.8       12  118  171.4
 14  00 50     10  119  157.7      5   23   52.6       15  142  210.2
 15  00 45     11  139  179.3      5   21   51.1       16  160  230.4
 16  03 00     11  121  166.3      5   24   53.3       16  145  219.6
 17  00 45      9  124  154.1      5   23   52.6       14  147  206.6
 18    -
 19    -
 20  00 15     12  100  158.4      8   58   99.4       20  158  257.8
 21  02 00     13   95  162.0      8   69  107.3       21  164  269.3
 22  00 15     12   84  146.9      6   47   77.0       18  131  223.9
 23  00 00     10   77  127.4      6   44   74.9       16  121  202.3
 24    -
 25  01 10      8   50   93.6      6  104  118.1       14  154  211.7
 26  01 30      6   33   67.0      7   95  118.8       13  128  185.8
 26  23 45      6   29   64.1      4   67   77.0       10   96  141.1
 28  03 00      4   45   61.2      5   57   77.0        9  102  138.2
 29    -
 29  23 45      8  105  133.2      7   45   82.8       15  150  216.0
 31  01 10     10  124  161.3      5   45   68.4       15  169  229.7

 Monthly Mean           137.5               72.2                209.7

 --------------------------------------------------------------------

 November  1979     (k = 0.72)

 Date Time(UT)      North              South                Total
      h  m      g    f     R       g    f     R         g    f     R
  1  00 00     13  130  187.2      5   42   66.2       18  172  253.4
  1  23 45      8  113  139.0      5   33   59.8       13  146  198.7
  3  01 30      8  141  159.1      4   26   47.5       12  167  206.6
  4    -
  5    -
  5  23 45      5   39   64.1      8   77  113.0       13  116  177.1
  7  00 20      7   43   81.4     10  112  152.6       17  155  234.0
  8  00 45      7   59   92.9     10  184  204.5       17  243  297.4
  9    -
 10    -
 11  01 45     10   71  123.1      9  137  163.4       19  208  286.6
 12  01 15      9   75  118.8      8  171  180.7       17  246  299.5
 13  01 00      9   69  114.5      5   92  102.2       14  161  216.7
 14  00 00     11   89  143.3      8  108  135.4       19  197  278.6
 15  02 45      9   95  133.2      7   97  120.2       16  192  253.4
 16  00 00     10   63  117.4      7   90  115.2       17  153  232.6
 17  04 15     13   95  162.0      5   54   74.9       18  149  236.9
 18    -
 19    -
 19  23 45      5   53   74.2      7   45   82.8       12   98  157.0
 21    -
 22    -
 23    -
 24    -
 25    -
 26  03 00      5   36   61.9      7   41   79.9       12   77  141.8
 26  23 45      6   23   59.8      7   42   80.6       13   65  140.4
 28    -
 29  00 45      2    3   16.6      4   17   41.0        6   20   57.6
 29  23 50      4    5   32.4      6   34   67.7       10   39  100.1


 Monthly Mean           104.5              104.9                209.4

 --------------------------------------------------------------------

 December  1979     (k = 0.72)

 Date Time(UT)      North              South                Total
      h  m      g    f     R       g    f     R         g    f     R
  1  01 30      1    3    9.4      7   41   79.9        8   44   89.3
  2  02 30      4   11   36.7      7   61   94.3       11   72  131.0
  3  00 00      4    9   35.3     14   70  151.2       18   79  186.5
  4    -
  5  01 15      4   12   37.4     14  124  190.1       18  136  227.5
  6  00 15      7    8   56.2     13  146  198.7       20  154  254.9
  7  03 30      6   19   56.9     14  154  211.7       20  173  268.6
  7  23 45     10   37   98.6     13  107  170.6       23  144  269.3
  9  00 30     11   57  120.2     16  108  193.0       27  165  313.2
 10  00 30     10   46  105.1     10   59  114.5       20  105  219.6
 11  00 15      9   66  112.3     13   98  164.2       22  164  276.5
 12  05 30     11   82  138.2     11   67  127.4       22  149  265.7
 13  00 55     10   76  126.7     15   67  156.2       25  143  283.0
 14  00 15      8   79  114.5     12   83  146.2       20  162  260.6
 15  00 10      9   71  115.9     10   76  126.7       19  147  242.6
 16  00 15      6   81  101.5      8   64  103.7       14  145  205.2
 17  00 00      6   71   94.3      9   79  121.7       15  150  216.0
 18  00 15      5   57   77.0      8   50   93.6       13  107  170.6
 19  02 30      4   58   70.6      6   51   79.9       10  109  150.5
 20  00 15      2   29   35.3      7   66   97.9        9   95  133.2
 21  01 00      1   11   15.1      5   94  103.7        6  105  118.8
 22  00 00      2    3   16.6      5   85   97.2        7   88  113.8
 23  04 50      1    2    8.6      6  122  131.0        7  124  139.7
 24    -
 24  23 45      1    1    7.9      6   94  110.9        7   95  118.8
 26  00 00      2    5   18.0      5   84   96.5        7   89  114.5
 27  00 15      0    0    0.0      4   59   71.3        4   59   71.3
 28  00 00      1    1    7.9      5   75   90.0        6   76   97.9
 29  01 10      3    8   27.4      6   81  101.5        9   89  128.9
 30  00 30      2   10   21.6      6   94  110.9        8  104  132.5
 31  00 20      3   10   28.8      6   75   97.2        9   85  126.0

 Monthly Mean            58.4              125.2                183.6

 --------------------------------------------------------------------

