 January   1958     (k = 0.65)

 Date Time(UT)      North              South                Total
      h  m      g    f     R       g    f     R         g    f     R
  1  02 30      9   41   85.1     11   70  117.0       20  111  202.1
  2  05 30      8   44   80.6      9   45   87.8       17   89  168.3
  3  03 30      6   69   83.8      6   51   72.1       12  120  156.0
  4  02 30      7   89  103.3      8   52   85.8       15  141  189.1
  5  02 10      6   99  103.3     10   42   92.3       16  141  195.6
  6  06 10      8  148  148.2      7   70   91.0       15  218  239.2
  7  02 40      6   96  101.4      7   48   76.7       13  144  178.1
  8  01 50      6   79   90.3      8   87  108.5       14  166  198.9
  9  01 15      8   58   89.7      9   97  121.5       17  155  211.2
 10  02 30      9   67  102.0     11  130  156.0       20  197  258.0
 11  01 30     10   54  100.1     10  120  143.0       20  174  243.1
 12    -
 13    -
 14    -
 15    -
 16  04 30     10   75  113.7     12   71  124.1       22  146  237.9
 17  02 00     14   90  149.5     13   75  133.2       27  165  282.8
 18  01 15     14   55  126.7     10   30   84.5       24   85  211.2
 19  02 20     11  104  139.1      7   33   66.9       18  137  206.0
 20  01 15     12   92  137.8      5   25   48.8       17  117  186.5
 21  01 30     10   71  111.1      8   31   72.1       18  102  183.3
 22  01 15     13   69  129.3      8   32   72.8       21  101  202.1
 23  01 30     10   33   86.4      7   34   67.6       17   67  154.0
 24  01 40      9   47   89.0      5   51   65.6       14   98  154.7
 25  01 45      5   13   40.9      6   48   70.2       11   61  111.1
 26  01 30      7   30   65.0      6   68   83.2       13   98  148.2
 27  02 30      6   26   55.9      7   55   81.2       13   81  137.1
 28    -
 29  01 45      4   27   43.5      4   46   55.9        8   73   99.4
 30  07 00      7   25   61.7      4   29   44.8       11   54  106.6
 31  04 40      7   31   65.6      5   50   65.0       12   81  130.6

 Monthly Mean            96.3               88.0                184.3

 --------------------------------------------------------------------

 February  1958     (k = 0.65)

 Date Time(UT)      North              South                Total
      h  m      g    f     R       g    f     R         g    f     R
  1  01 10      6   26   55.9      7   43   73.4       13   69  129.3
  2  02 00      5   16   42.9      8   58   89.7       13   74  132.6
  3    -
  4  01 30      5   21   46.1      5   67   76.0       10   88  122.2
  5  01 15      7   27   63.0      5   86   88.4       12  113  151.4
  6  01 30      9   44   87.1      8  128  135.2       17  172  222.3
  7    -
  8    -
  9  00 50      6   27   56.5      8  131  137.1       14  158  193.7
 10    -
 11  07 15      5   54   67.6      6   76   88.4       11  130  156.0
 12  02 10      5   47   63.0      5   40   58.5       10   87  121.5
 13  00 00      7   70   91.0      6   24   54.6       13   94  145.6
 14  02 00      8   78  102.7      4   20   39.0       12   98  141.7
 15  02 50      8   61   91.6      4    7   30.5       12   68  122.2
 16  01 45      7   66   88.4      5   13   40.9       12   79  129.3
 17  01 10     11   45  100.8      4   16   36.4       15   61  137.1
 18  00 45      6   32   59.8      5   26   49.4       11   58  109.2
 19  01 20      5   22   46.8      6   22   53.3       11   44  100.1
 20  01 15      5   19   44.8      7   29   64.3       12   48  109.2
 21  02 30      3   19   31.8     12   94  139.1       15  113  170.9
 22  00 45      3   11   26.6      7   77   95.5       10   88  122.2
 23  01 00      4   14   35.1      8   68   96.2       12   82  131.3
 24    -
 25  00 45      4   17   37.0     11   97  134.5       15  114  171.6
 25  23 10      2   18   24.7     11   96  133.9       13  114  158.6
 27    -
 28  00 30      2   16   23.4      8   43   79.9       10   59  103.3




 Monthly Mean            58.5               81.6                140.1

 --------------------------------------------------------------------

 March     1958     (k = 0.65)

 Date Time(UT)      North              South                Total
      h  m      g    f     R       g    f     R         g    f     R
  1  06 30      2   15   22.8      6   42   66.3        8   57   89.0
  2  04 15      1    5    9.8      5   48   63.7        6   53   73.4
  3  00 30      5   18   44.2      5   72   79.3       10   90  123.5
  4  01 15      6   32   59.8      5   75   81.2       11  107  141.0
  5  00 30      5   38   57.2      6   85   94.2       11  123  151.4
  6    -
  7  01 45      6   75   87.8      7  100  110.5       13  175  198.2
  8  01 15      8   68   96.2      5   83   86.4       13  151  182.6
  9  01 00      7   72   92.3      2   87   69.5        9  159  161.8
 10  01 00      8  101  117.6      2   50   45.5       10  151  163.1
 11  01 30      8  122  131.3      1   41   33.1        9  163  164.4
 12  00 30      9  121  137.1      1   17   17.5       10  138  154.7
 13  01 00      8  124  132.6      2   12   20.8       10  136  153.4
 14  01 45      7  117  121.5      2   17   24.0        9  134  145.6
 15    -
 16  01 00      8  119  129.3      5   14   41.6       13  133  170.9
 17  01 00      8  133  138.4      5   12   40.3       13  145  178.8
 18  05 30      7   80   97.5      3    4   22.1       10   84  119.6
 19  00 45      8  104  119.6      4    6   29.9       12  110  149.5
 20    -
 21  04 15     11  132  157.3      3    5   22.8       14  137  180.0
 22    -
 23  03 30      9  111  130.6      5   32   53.3       14  143  183.9
 24  00 30      8   98  115.7      6   41   65.6       14  139  181.3
 25    -
 26    -
 27    -
 28    -
 29  01 20      7   36   68.9      7  144  139.1       14  180  208.0
 30  00 45      8   47   82.5      7  195  172.2       15  242  254.8
 31  01 15      9   60   97.5      9  180  175.5       18  240  273.0

 Monthly Mean            97.7               67.6                165.3

 --------------------------------------------------------------------

 April     1958     (k = 0.65)

 Date Time(UT)      North              South                Total
      h  m      g    f     R       g    f     R         g    f     R
  1  00 15      9   62   98.8      8  154  152.1       17  216  250.9
  2    -
  3    -
  4  02 00     11   92  131.3      9  122  137.8       20  214  269.1
  5  01 30     12  151  176.1      7   80   97.5       19  231  273.6
  6    -
  7  04 45     13  159  187.8      6   21   52.6       19  180  240.5
  8  06 30     13  139  174.8      4   12   33.8       17  151  208.6
  9    -
 10  02 45      9  115  133.2      5   27   50.0       14  142  183.3
 11    -
 12  01 45     11   90  130.0      4   28   44.2       15  118  174.2
 13    -
 14  06 45      6   13   47.4      4   10   32.5       10   23   79.9
 14  23 30      5   15   42.2      5   24   48.1       10   39   90.3
 16  01 00      3   17   30.5      4   32   46.8        7   49   77.3
 17  01 10      6   36   62.4      3   44   48.1        9   80  110.5
 18    -
 18  23 00      7   47   76.0      8   51   85.1       15   98  161.2
 20  00 30      8   76  101.4      6   61   78.6       14  137  180.0
 21    -
 22  01 00     13   78  135.2      5   64   74.1       18  142  209.3
 23    -
 24    -
 25    -
 26  01 15      8   75  100.8      7   40   71.5       15  115  172.2
 27  02 00     10   84  119.6      8   28   70.2       18  112  189.8
 28  00 30      7   49   77.3      5   31   52.6       12   80  130.0
 29    -
 30  01 15      7   55   81.2      5  123  112.4       12  178  193.7


 Monthly Mean           105.9               71.6                177.5

 --------------------------------------------------------------------

 May       1958     (k = 0.65)

 Date Time(UT)      North              South                Total
      h  m      g    f     R       g    f     R         g    f     R
  1  07 15     11   65  113.7      5   81   85.1       16  146  198.9
  2    -
  3    -
  4  04 30     11   74  119.6      4   60   65.0       15  134  184.6
  5  02 10     13   99  148.8      4   79   77.3       17  178  226.2
  6  01 30      9   75  107.2      4   50   58.5       13  125  165.8
  7  04 40     11  106  140.4      7   44   74.1       18  150  214.5
  8    -
  9  02 00      6   67   82.5      4   30   45.5       10   97  128.0
 10  01 15      8   61   91.6      6   50   71.5       14  111  163.1
 11    -
 12    -
 13  01 00      6   33   60.4      6   63   79.9       12   96  140.4
 14  04 15      2   10   19.5      6   64   80.6        8   74  100.1
 15    -
 16  04 10      2   11   20.1      7   78   96.2        9   89  116.3
 17  01 15      2    9   18.8      6   59   77.3        8   68   96.2
 18  00 30      4   31   46.1      5   53   66.9        9   84  113.1
 19  01 15      7   47   76.0      5   50   65.0       12   97  141.0
 20    -
 21  01 10      7   75   94.2      7   23   60.4       14   98  154.7
 22    -
 23    -
 24  01 00      9   70  104.0     11   49  103.3       20  119  207.3
 25  01 15      9   57   95.5     10   45   94.2       19  102  189.8
 26  00 45      9   39   83.8      6   38   63.7       15   77  147.5
 27  01 15      9   32   79.3      7   31   65.6       16   63  144.9
 28  01 15      9   28   76.7      7   31   65.6       16   59  142.3
 29  00 45     11   28   89.7      6   27   56.5       17   55  146.2
 30  01 10     14   63  131.9      8   42   79.3       22  105  211.2
 31  01 15     11   58  109.2      7   35   68.2       18   93  177.4

 Monthly Mean            86.8               72.7                159.5

 --------------------------------------------------------------------

 June      1958     (k = 0.65)

 Date Time(UT)      North              South                Total
      h  m      g    f     R       g    f     R         g    f     R
  1  00 15     12   73  125.4      5   23   47.4       17   96  172.9
  2  00 40      8   55   87.8      6   19   51.3       14   74  139.1
  3  04 00      7   56   81.9      8   30   71.5       15   86  153.4
  4  04 20     10   84  119.6      5   20   45.5       15  104  165.1
  5  00 30      9   98  122.2      5   20   45.5       14  118  167.7
  6  01 15      9  118  135.2      5   23   47.4       14  141  182.6
  7    -
  8    -
  9  06 30      9  133  144.9      5   39   57.8       14  172  202.8
 10  04 30      7  139  135.8      6   43   66.9       13  182  202.8
 11    -
 12  04 15      6  132  124.8      7   27   63.0       13  159  187.8
 13  06 30      5  109  103.3      6   20   52.0       11  129  155.3
 14    -
 15    -
 16    -
 17    -
 18    -
 18  23 15      7   70   91.0      2    9   18.8        9   79  109.8
 20    -
 21  00 50      6   56   75.4      2   28   31.2        8   84  106.6
 22  00 30      6   87   95.5      2   34   35.1        8  121  130.6
 23  00 45      7   72   92.3      4   39   51.3       11  111  143.6
 24  00 00      5   61   72.1      6   51   72.1       11  112  144.3
 25  01 15      5   74   80.6      8   73   99.4       13  147  180.0
 26  01 15      8   93  112.4      8   81  104.6       16  174  217.1
 27  01 45      7   83   99.4      5   63   73.4       12  146  172.9
 28  01 00      6   73   86.4      5   66   75.4       11  139  161.8
 28  23 30      7   64   87.1      5   73   79.9       12  137  167.0
 30  01 15      8   51   85.1      3   57   56.5       11  108  141.7


 Monthly Mean           102.8               59.4                162.2

 --------------------------------------------------------------------

 July      1958     (k = 0.65)

 Date Time(UT)      North              South                Total
      h  m      g    f     R       g    f     R         g    f     R
  1    -
  2    -
  3  01 30      6   99  103.3      5   36   55.9       11  135  159.2
  4    -
  5  01 00     10  193  190.4      3   24   35.1       13  217  225.5
  6    -
  7  01 15      9  178  174.2      5   24   48.1       14  202  222.3
  8  04 00      8  137  141.0      4   41   52.6       12  178  193.7
  9    -
 10  02 20      9   90  117.0      3   71   65.6       12  161  182.6
 11    -
 12    -
 13  05 20      5   23   47.4      7   52   79.3       12   75  126.7
 14  07 30      6   29   57.8      7   34   67.6       13   63  125.4
 15  00 50      6   40   65.0      5   40   58.5       11   80  123.5
 16  01 15      6   44   67.6      7   37   69.5       13   81  137.1
 17  00 30      6   55   74.8      5   48   63.7       11  103  138.4
 18  02 40      8   75  100.8      5   51   65.6       13  126  166.4
 19  00 15      8   92  111.8      6   77   89.0       14  169  200.8
 20    -
 21    -
 22    -
 23  06 00      5   55   68.2      8   86  107.9       13  141  176.1
 24    -
 25    -
 26    -
 27    -
 28    -
 29  01 30      8   86  107.9      7  142  137.8       15  228  245.7
 30  00 15      9  140  149.5      5  113  105.9       14  253  255.4
 31  01 20      8  178  167.7      7  115  120.2       15  293  287.9

 Monthly Mean           109.0               76.4                185.5

 --------------------------------------------------------------------

 August    1958     (k = 0.65)

 Date Time(UT)      North              South                Total
      h  m      g    f     R       g    f     R         g    f     R
  1  01 45      9  163  164.4      6   90   97.5       15  253  261.9
  2  02 00      9  138  148.2      5   51   65.6       14  189  213.8
  3  04 00     11  132  157.3      4   49   57.8       15  181  215.1
  4  01 30     10   96  127.4      5   55   68.2       15  151  195.6
  5  01 00     10   87  121.5      6   38   63.7       16  125  185.2
  6    -
  7  06 30     10   89  122.8      9   47   89.0       19  136  211.9
  8  01 00     11   88  128.7      9   71  104.6       20  159  233.3
  9  01 30      8   91  111.1     10  134  152.1       18  225  263.2
 10  00 15      9   72  105.3      7  115  120.2       16  187  225.5
 11  00 20      8   74  100.1      8  170  162.5       16  244  262.6
 12  00 45      9   55   94.2      9  173  170.9       18  228  265.2
 13  00 30      6   31   59.1      8  156  153.4       14  187  212.5
 14    -
 15    -
 16  01 30      6   32   59.8     11   94  132.6       17  126  192.4
 17  03 00      6   57   76.0      8   65   94.2       14  122  170.3
 18  00 00      7   78   96.2      7   52   79.3       14  130  175.5
 19  03 15      6   73   86.4      5   38   57.2       11  111  143.6
 20  00 15      6   75   87.8      4   29   44.8       10  104  132.6
 21    -
 21  23 45      6  110  110.5      4   41   52.6       10  151  163.1
 23    -
 24    -
 25    -
 26  05 00      8  107  121.5      5   55   68.2       13  162  189.8
 27  01 00      9   81  111.1      7   57   82.5       16  138  193.7
 28  02 45     11   73  118.9      9   51   91.6       20  124  210.6
 29  00 30     11   73  118.9      8   80  104.0       19  153  222.9
 30    -
 31    -

 Monthly Mean           110.4               96.1                206.4

 --------------------------------------------------------------------

 September 1958     (k = 0.65)

 Date Time(UT)      North              South                Total
      h  m      g    f     R       g    f     R         g    f     R
  1    -
  2  05 00      6  113  112.4      7   75   94.2       13  188  206.7
  3  00 15      6   87   95.5      8   84  106.6       14  171  202.1
  4  03 00      7   98  109.2      9   92  118.3       16  190  227.5
  5  00 15     12  111  150.1     10   97  128.0       22  208  278.2
  6  00 30     12   65  120.2      9   74  106.6       21  139  226.8
  7  00 00     11   52  105.3      9   84  113.1       20  136  218.4
  8    -
  9  00 30      5   80   84.5      7   78   96.2       12  158  180.7
 10  02 15      8   80  104.0      9   96  120.9       17  176  224.9
 11  01 00      9   80  110.5     11  113  144.9       20  193  255.4
 12    -
 12  23 45     11   88  128.7     10  108  135.2       21  196  263.9
 14  01 15      9   64  100.1     11  113  144.9       20  177  245.0
 15  01 30      8   71   98.1     10  118  141.7       18  189  239.8
 16    -
 17    -
 18  03 30      6   47   69.5     11   70  117.0       17  117  186.5
 19  01 50      7   47   76.0      9   76  107.9       16  123  183.9
 20  00 45      6   69   83.8     10   80  117.0       16  149  200.8
 21  01 00      4   51   59.1      6   51   72.1       10  102  131.3
 22    -
 23    -
 24    -
 25    -
 26    -
 27  05 15      5   51   65.6      9   78  109.2       14  129  174.8
 27  23 45      5   62   72.8      8   75  100.8       13  137  173.5
 29  00 30      8   62   92.3      8   92  111.8       16  154  204.1
 30  01 45      8   52   85.8      8   51   85.1       16  103  170.9


 Monthly Mean            96.2              113.6                209.8

 --------------------------------------------------------------------

 October   1958     (k = 0.65)

 Date Time(UT)      North              South                Total
      h  m      g    f     R       g    f     R         g    f     R
  1    -
  2  04 40      8   69   96.8      9   56   94.9       17  125  191.8
  3    -
  4  00 50      7   55   81.2      6   40   65.0       13   95  146.2
  5    -
  6    -
  7    -
  8  00 15      6   50   71.5      2   11   20.1        8   61   91.6
  9  01 00      5   46   62.4      3    6   23.4        8   52   85.8
 10  01 40      6   56   75.4      3   12   27.3        9   68  102.7
 11  00 30      6   51   72.1      6   31   59.1       12   82  131.3
 12  00 30      7   42   72.8      7   52   79.3       14   94  152.1
 13  00 00      9   45   87.8      6   54   74.1       15   99  161.8
 14  02 40      6   32   59.8      5   79   83.8       11  111  143.6
 15  02 45      3   13   27.9      7   76   94.9       10   89  122.8
 16    -
 17  00 45      8   50   84.5      9  123  138.4       17  173  222.9
 18    -
 19  02 10      3   49   51.3      9  134  145.6       12  183  196.9
 20  03 00      3   43   47.4      9  116  133.9       12  159  181.3
 21    -
 22    -
 23    -
 24    -
 25    -
 26    -
 27  01 45      4   20   39.0     12   68  122.2       16   88  161.2
 28    -
 29  02 00      6   44   67.6      9   70  104.0       15  114  171.6
 30  03 00      8   60   91.0     14   78  141.7       22  138  232.7
 31  02 00      9   60   97.5      8   82  105.3       17  142  202.8

 Monthly Mean            69.8               89.0                158.8

 --------------------------------------------------------------------

 November  1958     (k = 0.65)

 Date Time(UT)      North              South                Total
      h  m      g    f     R       g    f     R         g    f     R
  1    -
  2    -
  3    -
  4  02 00      9   60   97.5      5   72   79.3       14  132  176.8
  5  01 00      8   53   86.4      3   44   48.1       11   97  134.5
  6  01 30      6   49   70.8      4   55   61.7       10  104  132.6
  7  01 15      4   27   43.5      2   37   37.0        6   64   80.6
  8  01 15      6   30   58.5      5   24   48.1       11   54  106.6
  9    -
 10    -
 11  00 30      6   13   47.4      3    7   24.0        9   20   71.5
 12    -
 13    -
 14  01 00      2    3   14.9      5   15   42.2        7   18   57.2
 15    -
 16  00 45      4   11   33.1      6   23   53.9       10   34   87.1
 17  00 30      3   28   37.7      3   12   27.3        6   40   65.0
 18    -
 19  00 30      5   23   47.4      2   14   22.1        7   37   69.5
 20  05 30      4   20   39.0      4   25   42.2        8   45   81.2
 21    -
 22  00 30      3    7   24.0      5   56   68.9        8   63   92.9
 23  01 45      2    8   18.2      6   70   84.5        8   78  102.7
 24  01 30      4   16   36.4      7   88  102.7       11  104  139.1
 25  03 45      8   38   76.7      7   72   92.3       15  110  169.0
 26  00 45      8   49   83.8      5   70   78.0       13  119  161.8
 27  01 30      9   61   98.1      5   84   87.1       14  145  185.2
 28  01 45     11   52  105.3      5   94   93.6       16  146  198.9
 29  03 00      9   65  100.8      6   88   96.2       15  153  196.9
 30    -


 Monthly Mean            58.9               62.6                121.5

 --------------------------------------------------------------------

 December  1958     (k = 0.65)

 Date Time(UT)      North              South                Total
      h  m      g    f     R       g    f     R         g    f     R
  1  01 30     10  109  135.8      6   95  100.8       16  204  236.6
  2  02 30      9  108  128.7      6   77   89.0       15  185  217.7
  3  02 50     12   90  136.5      6   74   87.1       18  164  223.6
  4  02 30      9   84  113.1      8   73   99.4       17  157  212.5
  5  02 30      8  124  132.6      8   97  115.0       16  221  247.6
  6  02 15      6   73   86.4      8   68   96.2       14  141  182.6
  7  02 00      7   79   96.8     10   82  118.3       17  161  215.1
  8    -
  9  02 15      7   74   93.6     10  127  147.5       17  201  241.1
 10  02 00      7   48   76.7     10  115  139.8       17  163  216.4
 11  05 00      7   64   87.1     10  162  170.3       17  226  257.4
 12  02 15      5   39   57.8      9  167  167.0       14  206  224.9
 13  01 45      5   38   57.2      5  166  140.4       10  204  197.6
 14  01 20      5   45   61.7      5  137  121.5       10  182  183.3
 15  02 00      4   55   61.7      4  111   98.1        8  166  159.9
 16  02 00      5   59   70.8      6   81   91.6       11  140  162.5
 17  02 00      4   41   52.6      6   54   74.1       10   95  126.7
 18    -
 19  03 30      4   40   52.0      2   29   31.8        6   69   83.8
 20  02 00      3   36   42.9      3   31   39.6        6   67   82.5
 20  23 45      3   16   29.9      4   23   40.9        7   39   70.8
 22  02 00      7   25   61.7      5   41   59.1       12   66  120.9
 23    -
 24  02 15     12   54  113.1      6   89   96.8       18  143  209.9
 25  02 00     14   73  138.4      4   75   74.8       18  148  213.2
 26    -
 27  02 25     12   87  134.5      5   65   74.8       17  152  209.3
 28  04 30     12   90  136.5      4   62   66.3       16  152  202.8
 29  03 00     11  103  138.4      4   55   61.7       15  158  200.2
 30  03 30      8   51   85.1      4   33   47.4       12   84  132.6
 31  02 15      7   57   82.5      6   50   71.5       13  107  154.0

 Monthly Mean            91.3               93.4                184.7

 --------------------------------------------------------------------

