 January   1942     (k = 0.60)

 Date Time(UT)      North              South                Total
      h  m      g    f     R       g    f     R         g    f     R
  1  04 20      3   20   30.0      1    3    7.8        4   23   37.8
  2  00 09      1    5    9.0      2   10   18.0        3   15   27.0
  3  00 30      1    5    9.0      3   15   27.0        4   20   36.0
  4  02 17      1    7   10.2      3   24   32.4        4   31   42.6
  4  23 45      1    8   10.8      3   41   42.6        4   49   53.4
  6  02 10      0    0    0.0      7   52   73.2        7   52   73.2
  7    -
  8  01 10      0    0    0.0      6   57   70.2        6   57   70.2
  9  01 06      0    0    0.0      6  144  122.4        6  144  122.4
 10  01 39      0    0    0.0      4  111   90.6        4  111   90.6
 11  01 40      0    0    0.0      3   86   69.6        3   86   69.6
 12    -
 13  02 28      0    0    0.0      4   74   68.4        4   74   68.4
 14  01 06      1    4    8.4      2   22   25.2        3   26   33.6
 15  01 04      1    5    9.0      3   17   28.2        4   22   37.2
 16  01 40      2   13   19.8      1    5    9.0        3   18   28.8
 17  02 06      1   12   13.2      0    0    0.0        1   12   13.2
 18  01 40      1   18   16.8      0    0    0.0        1   18   16.8
 19  01 14      2   12   19.2      0    0    0.0        2   12   19.2
 20  01 19      2   14   20.4      0    0    0.0        2   14   20.4
 21  04 36      3   24   32.4      0    0    0.0        3   24   32.4
 22  04 45      3   21   30.6      0    0    0.0        3   21   30.6
 23  04 03      3   28   34.8      0    0    0.0        3   28   34.8
 24  02 35      3   37   40.2      0    0    0.0        3   37   40.2
 25  01 50      3   26   33.6      0    0    0.0        3   26   33.6
 26  04 30      3   15   27.0      0    0    0.0        3   15   27.0
 27  02 01      2    5   15.0      0    0    0.0        2    5   15.0
 28  02 10      0    0    0.0      0    0    0.0        0    0    0.0
 29  02 35      0    0    0.0      1    3    7.8        1    3    7.8
 30  02 10      0    0    0.0      1    8   10.8        1    8   10.8
 31  02 04      0    0    0.0      1    8   10.8        1    8   10.8

 Monthly Mean            13.4               24.6                 38.0

 --------------------------------------------------------------------

 February  1942     (k = 0.60)

 Date Time(UT)      North              South                Total
      h  m      g    f     R       g    f     R         g    f     R
  1    -
  2    -
  3  01 25      1   17   16.2      2   16   21.6        3   33   37.8
  4  04 26      2   62   49.2      2   18   22.8        4   80   72.0
  5  04 06      3   40   42.0      2   12   19.2        5   52   61.2
  6    -
  7  02 07      3   25   33.0      3   20   30.0        6   45   63.0
  8    -
  9  04 28      1   18   16.8      2   23   25.8        3   41   42.6
 10  07 10      1    3    7.8      2   14   20.4        3   17   28.2
 11  05 10      1    3    7.8      1    8   10.8        2   11   18.6
 12  01 35      2    5   15.0      1    6    9.6        3   11   24.6
 13  05 30      3   18   28.8      1   14   14.4        4   32   43.2
 14  02 20      3   22   31.2      1   12   13.2        4   34   44.4
 15    -
 16  06 15      3   36   39.6      0    0    0.0        3   36   39.6
 17  02 00      4   24   38.4      0    0    0.0        4   24   38.4
 18  01 30      3   21   30.6      0    0    0.0        3   21   30.6
 19    -
 20  01 30      4   23   37.8      1   16   15.6        5   39   53.4
 21  01 55      3   18   28.8      1   26   21.6        4   44   50.4
 22  01 00      3   20   30.0      1   14   14.4        4   34   44.4
 23  02 05      4   36   45.6      1    6    9.6        5   42   55.2
 24    -
 25  02 00      2   47   40.2      2   10   18.0        4   57   58.2
 26    -
 27    -
 28  01 30      3  124   92.4      2   24   26.4        5  148  118.8




 Monthly Mean            33.2               15.4                 48.7

 --------------------------------------------------------------------

 March     1942     (k = 0.60)

 Date Time(UT)      North              South                Total
      h  m      g    f     R       g    f     R         g    f     R
  1  03 55      4   83   73.8      2   25   27.0        6  108  100.8
  2    -
  3    -
  4  01 32      1   33   25.8      1    5    9.0        2   38   34.8
  5    -
  6  01 42      2   18   22.8      2    7   16.2        4   25   39.0
  7    -
  8  00 55      1    4    8.4      1    3    7.8        2    7   16.2
  9    -
 10  05 30      0    0    0.0      0    0    0.0        0    0    0.0
 11  01 25      0    0    0.0      1    4    8.4        1    4    8.4
 12    -
 13  02 10      2    7   16.2      1    2    7.2        3    9   23.4
 14  01 36      2   22   25.2      0    0    0.0        2   22   25.2
 15    -
 16  07 20      3   31   36.6      0    0    0.0        3   31   36.6
 17  01 45      2   25   27.0      0    0    0.0        2   25   27.0
 18  01 07      2   30   30.0      2    6   15.6        4   36   45.6
 19    -
 20  01 17      4   33   43.8      2   33   31.8        6   66   75.6
 21  06 50      3   43   43.8      2   57   46.2        5  100   90.0
 22  00 30      5   66   69.6      2   51   42.6        7  117  112.2
 23  01 00      5   71   72.6      3   52   49.2        8  123  121.8
 24    -
 25  01 15      5   62   67.2      2   42   37.2        7  104  104.4
 26  01 45      6   63   73.8      3   36   39.6        9   99  113.4
 27  01 30      3   42   43.2      2    9   17.4        5   51   60.6
 28  04 10      3   39   41.4      0    0    0.0        3   39   41.4
 29    -
 30  01 00      4   41   48.6      0    0    0.0        4   41   48.6
 31  05 22      4   53   55.8      0    0    0.0        4   53   55.8

 Monthly Mean            39.3               16.9                 56.2

 --------------------------------------------------------------------

 April     1942     (k = 0.60)

 Date Time(UT)      North              South                Total
      h  m      g    f     R       g    f     R         g    f     R
  1  00 42      2   32   31.2      1    5    9.0        3   37   40.2
  2  03 37      3   17   28.2      1    4    8.4        4   21   36.6
  3  01 45      2   13   19.8      1    6    9.6        3   19   29.4
  4  00 30      3   18   28.8      1    2    7.2        4   20   36.0
  5  04 20      3   17   28.2      0    0    0.0        3   17   28.2
  6    -
  7  01 44      2   12   19.2      0    0    0.0        2   12   19.2
  8  03 20      2   28   28.8      0    0    0.0        2   28   28.8
  9  00 10      1   34   26.4      0    0    0.0        1   34   26.4
 10    -
 11    -
 12  00 48      3   42   43.2      0    0    0.0        3   42   43.2
 13  01 50      4   41   48.6      0    0    0.0        4   41   48.6
 14  01 01      4   52   55.2      0    0    0.0        4   52   55.2
 15  00 34      4   74   68.4      0    0    0.0        4   74   68.4
 16  01 02      4   72   67.2      0    0    0.0        4   72   67.2
 17  02 45      4  101   84.6      2    7   16.2        6  108  100.8
 17  23 59      4   75   69.0      1    8   10.8        5   83   79.8
 19    -
 20    -
 21  04 02      6   65   75.0      1   29   23.4        7   94   98.4
 22  00 35      6   93   91.8      3   57   52.2        9  150  144.0
 23  00 00      5   51   60.6      2   47   40.2        7   98  100.8
 24  00 50      5  103   91.8      2   49   41.4        7  152  133.2
 25  00 06      3   97   76.2      2   41   36.6        5  138  112.8
 26  00 01      3   67   58.2      2   76   57.6        5  143  115.8
 27  00 35      5   51   60.6      3   27   34.2        8   78   94.8
 28    -
 29  06 15      4   38   46.8      2   12   19.2        6   50   66.0
 30  00 14      4   40   48.0      3   21   30.6        7   61   78.6


 Monthly Mean            52.3               16.5                 68.8

 --------------------------------------------------------------------

 May       1942     (k = 0.60)

 Date Time(UT)      North              South                Total
      h  m      g    f     R       g    f     R         g    f     R
  1  03 20      2   12   19.2      3    9   23.4        5   21   42.6
  2  01 45      2   10   18.0      1    3    7.8        3   13   25.8
  3    -
  4    -
  5  00 10      1   27   22.2      3   34   38.4        4   61   60.6
  6  00 08      1    9   11.4      3   17   28.2        4   26   39.6
  7    -
  8    -
  9  03 50      3   12   25.2      0    0    0.0        3   12   25.2
 10  00 40      3   11   24.6      1    3    7.8        4   14   32.4
 10  23 20      3   16   27.6      1    8   10.8        4   24   38.4
 12    -
 13  01 20      3   10   24.0      1   14   14.4        4   24   38.4
 14  02 05      5   19   41.4      1   21   18.6        6   40   60.0
 15  00 33      3   12   25.2      1   18   16.8        4   30   42.0
 16  00 14      2   11   18.6      1   16   15.6        3   27   34.2
 17    -
 18  01 44      3   11   24.6      1   12   13.2        4   23   37.8
 19    -
 20    -
 21  01 03      2    9   17.4      1    4    8.4        3   13   25.8
 22  00 40      2    8   16.8      0    0    0.0        2    8   16.8
 23  00 05      2    8   16.8      0    0    0.0        2    8   16.8
 23  23 10      1    4    8.4      0    0    0.0        1    4    8.4
 25  07 30      1    4    8.4      0    0    0.0        1    4    8.4
 26  02 40      1    3    7.8      1    3    7.8        2    6   15.6
 27  02 03      1    3    7.8      0    0    0.0        1    3    7.8
 28  01 40      1    3    7.8      1    5    9.0        2    8   16.8
 29  00 39      0    0    0.0      1    3    7.8        1    3    7.8
 30  00 55      0    0    0.0      0    0    0.0        0    0    0.0
 31  00 25      0    0    0.0      0    0    0.0        0    0    0.0

 Monthly Mean            16.2                9.9                 26.1

 --------------------------------------------------------------------

 June      1942     (k = 0.60)

 Date Time(UT)      North              South                Total
      h  m      g    f     R       g    f     R         g    f     R
  1  01 30      0    0    0.0      0    0    0.0        0    0    0.0
  2  00 05      1    2    7.2      0    0    0.0        1    2    7.2
  3  04 30      2    5   15.0      0    0    0.0        2    5   15.0
  4    -
  5  04 30      0    0    0.0      0    0    0.0        0    0    0.0
  6  01 18      1    9   11.4      0    0    0.0        1    9   11.4
  7    -
  8  07 25      1   14   14.4      0    0    0.0        1   14   14.4
  9    -
  9  23 50      1    5    9.0      0    0    0.0        1    5    9.0
 11  00 15      1    4    8.4      0    0    0.0        1    4    8.4
 12  00 17      1    2    7.2      0    0    0.0        1    2    7.2
 12  23 40      0    0    0.0      0    0    0.0        0    0    0.0
 14    -
 15  05 30      1    3    7.8      0    0    0.0        1    3    7.8
 16  00 50      2    8   16.8      0    0    0.0        2    8   16.8
 17    -
 18    -
 19    -
 19  23 50      1   12   13.2      1    7   10.2        2   19   23.4
 20  23 50      1   18   16.8      1    8   10.8        2   26   27.6
 22    -
 23  01 35      1   15   15.0      0    0    0.0        1   15   15.0
 24  07 40      1   16   15.6      0    0    0.0        1   16   15.6
 25    -
 26    -
 27  00 00      1   10   12.0      0    0    0.0        1   10   12.0
 27  23 30      1    8   10.8      0    0    0.0        1    8   10.8
 29    -
 30    -


 Monthly Mean            10.0                1.2                 11.2

 --------------------------------------------------------------------

 July      1942     (k = 0.60)

 Date Time(UT)      North              South                Total
      h  m      g    f     R       g    f     R         g    f     R
  1  01 05      0    0    0.0      0    0    0.0        0    0    0.0
  2  02 32      0    0    0.0      1    8   10.8        1    8   10.8
  3  06 30      0    0    0.0      1   16   15.6        1   16   15.6
  4    -
  5  03 20      0    0    0.0      2   38   34.8        2   38   34.8
  6  03 25      0    0    0.0      2   36   33.6        2   36   33.6
  7  01 08      0    0    0.0      2   29   29.4        2   29   29.4
  8  00 38      0    0    0.0      2   31   30.6        2   31   30.6
  9  00 16      0    0    0.0      2   22   25.2        2   22   25.2
  9  23 40      0    0    0.0      2   12   19.2        2   12   19.2
 10  23 50      0    0    0.0      1   15   15.0        1   15   15.0
 12  02 28      0    0    0.0      1    2    7.2        1    2    7.2
 13    -
 14    -
 15  04 35      0    0    0.0      1    2    7.2        1    2    7.2
 16    -
 17  01 07      0    0    0.0      1    7   10.2        1    7   10.2
 17  23 28      0    0    0.0      0    0    0.0        0    0    0.0
 19  04 04      1    2    7.2      0    0    0.0        1    2    7.2
 19  21 35      1    1    6.6      0    0    0.0        1    1    6.6
 21  01 00      0    0    0.0      1    9   11.4        1    9   11.4
 22    -
 23  04 38      0    0    0.0      1    5    9.0        1    5    9.0
 23  23 35      0    0    0.0      0    0    0.0        0    0    0.0
 25  01 22      0    0    0.0      0    0    0.0        0    0    0.0
 25  23 50      0    0    0.0      1    3    7.8        1    3    7.8
 27  00 15      0    0    0.0      1    1    6.6        1    1    6.6
 27  23 57      0    0    0.0      1    1    6.6        1    1    6.6
 29    -
 30  01 35      1    3    7.8      2    4   14.4        3    7   22.2
 31  02 28      1    2    7.2      1    5    9.0        2    7   16.2

 Monthly Mean             1.2               12.1                 13.3

 --------------------------------------------------------------------

 August    1942     (k = 0.60)

 Date Time(UT)      North              South                Total
      h  m      g    f     R       g    f     R         g    f     R
  1  00 35      1    2    7.2      1    7   10.2        2    9   17.4
  2  01 50      0    0    0.0      1    6    9.6        1    6    9.6
  3  05 00      1    3    7.8      1    6    9.6        2    9   17.4
  4  02 37      1    7   10.2      1    7   10.2        2   14   20.4
  5    -
  6    -
  7  05 00      1    9   11.4      1    5    9.0        2   14   20.4
  8  02 45      1   13   13.8      1    3    7.8        2   16   21.6
  9  07 02      1   11   12.6      1    3    7.8        2   14   20.4
 10    -
 11  05 45      1    4    8.4      0    0    0.0        1    4    8.4
 12  01 26      2    4   14.4      0    0    0.0        2    4   14.4
 13    -
 14  01 38      1    3    7.8      0    0    0.0        1    3    7.8
 15  02 45      1    2    7.2      0    0    0.0        1    2    7.2
 15  23 30      3   12   25.2      0    0    0.0        3   12   25.2
 17  01 20      1    3    7.8      0    0    0.0        1    3    7.8
 18    -
 19    -
 20  00 40      1    3    7.8      0    0    0.0        1    3    7.8
 21  00 55      2   13   19.8      0    0    0.0        2   13   19.8
 22  01 30      3   13   25.8      0    0    0.0        3   13   25.8
 23    -
 24  05 03      1   12   13.2      1   36   27.6        2   48   40.8
 25  02 39      1   19   17.4      1   31   24.6        2   50   42.0
 26  02 02      1   16   15.6      1   21   18.6        2   37   34.2
 27  02 23      2   19   23.4      1   27   22.2        3   46   45.6
 28  02 33      2   13   19.8      1   11   12.6        3   24   32.4
 29  01 46      2   20   24.0      1    5    9.0        3   25   33.0
 30    -
 31    -

 Monthly Mean            13.7                8.1                 21.8

 --------------------------------------------------------------------

 September 1942     (k = 0.60)

 Date Time(UT)      North              South                Total
      h  m      g    f     R       g    f     R         g    f     R
  1  23 47      2    4   14.4      0    0    0.0        2    4   14.4
  2    -
  3  02 38      1    8   10.8      1    6    9.6        2   14   20.4
  4    -
  5    -
  6  04 20      1   14   14.4      0    0    0.0        1   14   14.4
  7  00 40      1   29   23.4      1    6    9.6        2   35   33.0
  7  23 36      1   26   21.6      1    2    7.2        2   28   28.8
  9  01 06      1   11   12.6      0    0    0.0        1   11   12.6
 10  00 32      2    8   16.8      0    0    0.0        2    8   16.8
 10  23 39      0    0    0.0      1    2    7.2        1    2    7.2
 11  23 47      0    0    0.0      1    6    9.6        1    6    9.6
 13  01 17      0    0    0.0      2    4   14.4        2    4   14.4
 14  01 36      0    0    0.0      2    9   17.4        2    9   17.4
 15    -
 16  00 02      0    0    0.0      1    9   11.4        1    9   11.4
 17    -
 18    -
 19    -
 20  06 10      0    0    0.0      1    4    8.4        1    4    8.4
 21  00 30      1    3    7.8      1    6    9.6        2    9   17.4
 22    -
 23  04 20      1    4    8.4      1   16   15.6        2   20   24.0
 24  01 30      1    1    6.6      1   13   13.8        2   14   20.4
 25  00 12      1    8   10.8      0    0    0.0        1    8   10.8
 26  00 45      1    7   10.2      1    7   10.2        2   14   20.4
 27  00 40      1    6    9.6      1    4    8.4        2   10   18.0
 28    -
 29  00 03      0    0    0.0      1   22   19.2        1   22   19.2
 30  03 00      0    0    0.0      1   19   17.4        1   19   17.4


 Monthly Mean             8.0                9.0                 17.0

 --------------------------------------------------------------------

 October   1942     (k = 0.60)

 Date Time(UT)      North              South                Total
      h  m      g    f     R       g    f     R         g    f     R
  1    -
  2  01 45      1    2    7.2      1    7   10.2        2    9   17.4
  2  23 40      1    2    7.2      0    0    0.0        1    2    7.2
  4    -
  5  00 34      0    0    0.0      0    0    0.0        0    0    0.0
  6  01 18      0    0    0.0      0    0    0.0        0    0    0.0
  7  00 23      0    0    0.0      1    2    7.2        1    2    7.2
  7  23 40      0    0    0.0      1    6    9.6        1    6    9.6
  9    -
 10  05 14      0    0    0.0      3   20   30.0        3   20   30.0
 10    -
 12    -
 13  01 08      0    0    0.0      3   10   24.0        3   10   24.0
 14  00 02      0    0    0.0      1    5    9.0        1    5    9.0
 14  23 35      0    0    0.0      1    5    9.0        1    5    9.0
 15  23 40      0    0    0.0      1    4    8.4        1    4    8.4
 17    -
 18    -
 19  01 47      0    0    0.0      1    5    9.0        1    5    9.0
 20  00 05      1    9   11.4      1    4    8.4        2   13   19.8
 21  00 53      1    8   10.8      1    4    8.4        2   12   19.2
 21  23 55      1   13   13.8      1    3    7.8        2   16   21.6
 23  00 08      1   11   12.6      1    8   10.8        2   19   23.4
 24    -
 25    -
 26  00 12      0    0    0.0      1    8   10.8        1    8   10.8
 26  23 41      0    0    0.0      1   13   13.8        1   13   13.8
 28  00 52      1    6    9.6      2   38   34.8        3   44   44.4
 28  23 49      1    4    8.4      2   43   37.8        3   47   46.2
 30  02 31      1    7   10.2      2   35   33.0        3   42   43.2
 31  02 31      0    0    0.0      3   52   49.2        3   52   49.2

 Monthly Mean             4.1               15.1                 19.2

 --------------------------------------------------------------------

 November  1942     (k = 0.60)

 Date Time(UT)      North              South                Total
      h  m      g    f     R       g    f     R         g    f     R
  1    -
  2  01 18      1    3    7.8      3   76   63.6        4   79   71.4
  3  06 18      1    8   10.8      1   82   55.2        2   90   66.0
  4  02 48      1    5    9.0      2   62   49.2        3   67   58.2
  5  01 23      1    2    7.2      1   49   35.4        2   51   42.6
  6    -
  7  01 21      0    0    0.0      2   30   30.0        2   30   30.0
  7  23 06      0    0    0.0      2   14   20.4        2   14   20.4
  9  01 32      1    6    9.6      1    2    7.2        2    8   16.8
 10  00 23      0    0    0.0      2   15   21.0        2   15   21.0
 11  00 28      1    1    6.6      2    7   16.2        3    8   22.8
 12  01 50      0    0    0.0      1   13   13.8        1   13   13.8
 13  01 07      0    0    0.0      2   19   23.4        2   19   23.4
 14    -
 15  01 12      0    0    0.0      2   10   18.0        2   10   18.0
 16    -
 17    -
 18  01 03      0    0    0.0      0    0    0.0        0    0    0.0
 19  01 55      0    0    0.0      0    0    0.0        0    0    0.0
 20  00 53      0    0    0.0      1    1    6.6        1    1    6.6
 21  00 58      0    0    0.0      2    7   16.2        2    7   16.2
 22  00 52      1    2    7.2      2   15   21.0        3   17   28.2
 23    -
 24  01 51      1   16   15.6      2   25   27.0        3   41   42.6
 25    -
 26    -
 27    -
 28    -
 29  00 32      1   57   40.2      2    9   17.4        3   66   57.6
 30  01 10      1   51   36.6      1   42   31.2        2   93   67.8


 Monthly Mean             7.5               23.6                 31.2

 --------------------------------------------------------------------

 December  1942     (k = 0.60)

 Date Time(UT)      North              South                Total
      h  m      g    f     R       g    f     R         g    f     R
  1  01 36      1   32   25.2      2   54   44.4        3   86   69.6
  2  00 57      1   22   19.2      2   51   42.6        3   73   61.8
  3  01 10      1   18   16.8      2   51   42.6        3   69   59.4
  4    -
  5  01 37      2    4   14.4      2   18   22.8        4   22   37.2
  6  00 58      1    3    7.8      1    3    7.8        2    6   15.6
  7  01 20      2    5   15.0      1    2    7.2        3    7   22.2
  8  01 07      2    7   16.2      0    0    0.0        2    7   16.2
  9  01 52      2   21   24.6      0    0    0.0        2   21   24.6
 10  01 11      3   29   35.4      0    0    0.0        3   29   35.4
 11  05 06      2   28   28.8      1    3    7.8        3   31   36.6
 12    -
 13  01 00      2   13   19.8      0    0    0.0        2   13   19.8
 14    -
 15    -
 16  02 20      2    7   16.2      1    4    8.4        3   11   24.6
 17  04 40      1    2    7.2      0    0    0.0        1    2    7.2
 18    -
 19  02 40      1    2    7.2      0    0    0.0        1    2    7.2
 20  00 45      0    0    0.0      0    0    0.0        0    0    0.0
 21  02 15      0    0    0.0      1    2    7.2        1    2    7.2
 22  00 47      0    0    0.0      1    5    9.0        1    5    9.0
 23  01 19      1    3    7.8      1    9   11.4        2   12   19.2
 24    -
 25    -
 26    -
 27  00 40      0    0    0.0      1   11   12.6        1   11   12.6
 28    -
 29    -
 30    -
 31  00 00      0    0    0.0      1    7   10.2        1    7   10.2

 Monthly Mean            13.1               11.7                 24.8

 --------------------------------------------------------------------

