 January   1971     (k = 0.72)

 Date Time(UT)      North              South                Total
      h  m      g    f     R       g    f     R         g    f     R
  1  01 00      5   41   65.5      2   31   36.7        7   72  102.2
  1  23 30      5   48   70.6      2   21   29.5        7   69  100.1
  3    -
  4  01 15      5   38   63.4      2    6   18.7        7   44   82.1
  5  00 00      3   14   31.7      1   25   25.2        4   39   56.9
  6  00 50      3   16   33.1      1   29   28.1        4   45   61.2
  7  01 50      3    9   28.1      1   41   36.7        4   50   64.8
  8  01 15      4   12   37.4      1   94   74.9        5  106  112.3
  9  01 15      3    9   28.1      2  100   86.4        5  109  114.5
 10  01 00      3    8   27.4      4   94   96.5        7  102  123.8
 11  01 15      4   15   39.6      5  110  115.2        9  125  154.8
 12  01 15      4   16   40.3      4  107  105.8        8  123  146.2
 13  01 15      2    7   19.4      4   60   72.0        6   67   91.4
 14  03 40      4   12   37.4      4   45   61.2        8   57   98.6
 15  02 00      5   30   57.6      5   33   59.8       10   63  117.4
 16  01 15      2    9   20.9      5   56   76.3        7   65   97.2
 17  03 45      4   64   74.9      0    0    0.0        4   64   74.9
 18  02 00      7   84  110.9      1    8   13.0        8   92  123.8
 19  01 15      7  106  126.7      2   24   31.7        9  130  158.4
 20  01 15      7  137  149.0      2   36   40.3        9  173  189.4
 21    -
 22    -
 23  00 15      6  132  138.2      1   39   35.3        7  171  173.5
 24    -
 25  01 45      6   99  114.5      4   83   88.6       10  182  203.0
 26  00 15      7   55   90.0      2   67   62.6        9  122  152.6
 27  00 00      6   53   81.4      3   88   85.0        9  141  166.3
 28  02 40      6   47   77.0      2   56   54.7        8  103  131.8
 29  01 15      6   73   95.8      2   63   59.8        8  136  155.5
 30  01 15      6   62   87.8      1   42   37.4        7  104  125.3
 31  00 30      4   93   95.8      4   49   64.1        8  142  159.8

 Monthly Mean            68.2               55.4                123.6

 --------------------------------------------------------------------

 February  1971     (k = 0.72)

 Date Time(UT)      North              South                Total
      h  m      g    f     R       g    f     R         g    f     R
  1  01 15      2   87   77.0      3   36   47.5        5  123  124.6
  2  01 15      2   81   72.7      4   44   60.5        6  125  133.2
  3  01 15      2  118   99.4      4   22   44.6        6  140  144.0
  4  01 15      3   92   87.8      3   18   34.6        6  110  122.4
  5  01 15      3   76   76.3      4   25   46.8        7  101  123.1
  6  01 30      3   54   60.5      1   11   15.1        4   65   75.6
  7  01 35      4   31   51.1      1    6   11.5        5   37   62.6
  8  01 30      6   45   75.6      3    5   25.2        9   50  100.8
  9  01 15      3   25   39.6      1    3    9.4        4   28   49.0
 10  01 15      3   20   36.0      3   12   30.2        6   32   66.2
 11  01 30      2   12   23.0      4   13   38.2        6   25   61.2
 12    -
 13    -
 14  00 30      4   43   59.8      1    3    9.4        5   46   69.1
 15    -
 16  01 20      3   31   43.9      3   12   30.2        6   43   74.2
 17    -
 18  01 15      3   40   50.4      4   42   59.0        7   82  109.4
 19  01 30      3   14   31.7      4   60   72.0        7   74  103.7
 20  02 40      3   13   31.0      5   62   80.6        8   75  111.6
 21  05 15      2   17   26.6      5   68   85.0        7   85  111.6
 22  05 30      3   15   32.4      6  119  128.9        9  134  161.3
 23    -
 24  00 00      3   17   33.8      5   68   85.0        8   85  118.8
 25    -
 26    -
 27  00 15      3   44   53.3      3   29   42.5        6   73   95.8
 28  00 45      4   53   67.0      3   22   37.4        7   75  104.4




 Monthly Mean            53.8               47.3                101.1

 --------------------------------------------------------------------

 March     1971     (k = 0.72)

 Date Time(UT)      North              South                Total
      h  m      g    f     R       g    f     R         g    f     R
  1  04 15      4   42   59.0      4   17   41.0        8   59  100.1
  2  01 15      3   46   54.7      5   24   53.3        8   70  108.0
  3    -
  4  00 40      4   30   50.4      3   22   37.4        7   52   87.8
  5  01 45      3   20   36.0      3   17   33.8        6   37   69.8
  6  01 00      3   18   34.6      3   13   31.0        6   31   65.5
  7  01 30      2    5   18.0      2    3   16.6        4    8   34.6
  8  01 00      2    8   20.2      3   18   34.6        5   26   54.7
  9  01 15      2    5   18.0      3   22   37.4        5   27   55.4
 10  01 15      2    2   15.8      2   25   32.4        4   27   48.2
 11  01 00      1    6   11.5      2   40   43.2        3   46   54.7
 12    -
 13  01 00      3   16   33.1      4   37   55.4        7   53   88.6
 14  05 35      3   12   30.2      4   25   46.8        7   37   77.0
 15  01 00      3   22   37.4      4   23   45.4        7   45   82.8
 16  03 10      4   23   45.4      7   21   65.5       11   44  110.9
 17  01 00      3   17   33.8      5   24   53.3        8   41   87.1
 18  01 15      2   11   22.3      6   48   77.8        8   59  100.1
 19  01 15      3    8   27.4      5   34   60.5        8   42   87.8
 20  01 30      4    6   33.1      5   31   58.3        9   37   91.4
 21  01 10      1    2    8.6      4   25   46.8        5   27   55.4
 22  01 30      2    4   17.3      5   40   64.8        7   44   82.1
 23    -
 24  01 00      0    0    0.0      3   30   43.2        3   30   43.2
 25  01 00      1    1    7.9      3   27   41.0        4   28   49.0
 26  04 45      1    2    8.6      3   41   51.1        4   43   59.8
 27  00 15      3    6   25.9      3   34   46.1        6   40   72.0
 28  04 15      1    2    8.6      3   42   51.8        4   44   60.5
 29  00 00      1    2    8.6      3   31   43.9        4   33   52.6
 30    -
 31    -

 Monthly Mean            25.6               46.6                 72.3

 --------------------------------------------------------------------

 April     1971     (k = 0.72)

 Date Time(UT)      North              South                Total
      h  m      g    f     R       g    f     R         g    f     R
  1  05 45      2   17   26.6      4   28   49.0        6   45   75.6
  2  00 45      3   12   30.2      3   22   37.4        6   34   67.7
  3    -
  4    -
  5    -
  6  02 00      2    9   20.9      5   19   49.7        7   28   70.6
  7  00 30      3   27   41.0      3   12   30.2        6   39   71.3
  8  05 15      2   44   46.1      4   13   38.2        6   57   84.2
  9    -
 10  02 00      3   22   37.4      2    7   19.4        5   29   56.9
 11  01 15      3   23   38.2      3   13   31.0        6   36   69.1
 11  23 30      5   30   57.6      7   37   77.0       12   67  134.6
 12  23 40      4   33   52.6      6   51   79.9       10   84  132.5
 13  23 50      5   42   66.2      6   58   85.0       11  100  151.2
 15    -
 16    -
 17    -
 18    -
 19  00 30      7   91  115.9      5   33   59.8       12  124  175.7
 20  00 40      6   85  104.4      4   34   53.3       10  119  157.7
 20  23 45      5   83   95.8      3   18   34.6        8  101  130.3
 22    -
 23  00 00      4   33   52.6      4   13   38.2        8   46   90.7
 23  23 50      5   12   44.6      2    8   20.2        7   20   64.8
 25  00 30      1    3    9.4      2   27   33.8        3   30   43.2
 26  00 05      1   18   20.2      4   40   57.6        5   58   77.8
 26  23 45      1   21   22.3      3   35   46.8        4   56   69.1
 28  00 00      1   38   34.6      3   27   41.0        4   65   75.6
 29    -
 29  23 45      1   17   19.4      3   14   31.7        4   31   51.1


 Monthly Mean            46.8               45.7                 92.5

 --------------------------------------------------------------------

 May       1971     (k = 0.72)

 Date Time(UT)      North              South                Total
      h  m      g    f     R       g    f     R         g    f     R
  1  00 00      2   10   21.6      3    7   26.6        5   17   48.2
  2    -
  3  00 45      5   22   51.8      2    4   17.3        7   26   69.1
  4    -
  5  00 45      2   54   53.3      2    8   20.2        4   62   73.4
  6    -
  7  00 00      3   49   56.9      1    2    8.6        4   51   65.5
  8    -
  9  00 30      4   65   75.6      0    0    0.0        4   65   75.6
 10  00 10      4   75   82.8      1    5   10.8        5   80   93.6
 11  00 00      5   65   82.8      1    1    7.9        6   66   90.7
 12  00 00      6   69   92.9      0    0    0.0        6   69   92.9
 13  04 20      7   61   94.3      1    5   10.8        8   66  105.1
 13  23 45      6   58   85.0      1    1    7.9        7   59   92.9
 14  23 45      7   62   95.0      1    3    9.4        8   65  104.4
 16    -
 17  00 00      6   49   78.5      2    5   18.0        8   54   96.5
 18    -
 19    -
 20  00 00      4   26   47.5      0    0    0.0        4   26   47.5
 20  23 45      5   14   46.1      0    0    0.0        5   14   46.1
 22  02 20      3   12   30.2      0    0    0.0        3   12   30.2
 23    -
 24    -
 25  05 40      2   17   26.6      0    0    0.0        2   17   26.6
 26  00 00      1   20   21.6      0    0    0.0        1   20   21.6
 27    -
 28  04 10      3   21   36.7      1   36   33.1        4   57   69.8
 29    -
 30    -
 31  02 45      4   27   48.2      2    9   20.9        6   36   69.1

 Monthly Mean            59.3               10.1                 69.4

 --------------------------------------------------------------------

 June      1971     (k = 0.72)

 Date Time(UT)      North              South                Total
      h  m      g    f     R       g    f     R         g    f     R
  1  00 00      5   44   67.7      1    3    9.4        6   47   77.0
  2  00 00      6   39   71.3      1    1    7.9        7   40   79.2
  3    -
  4  05 45      2    2   15.8      3   10   28.8        5   12   44.6
  5  03 30      2    4   17.3      3    9   28.1        5   13   45.4
  6    -
  6  23 45      1    2    8.6      3   18   34.6        4   20   43.2
  8  00 00      1    4   10.1      3   12   30.2        4   16   40.3
  8  23 45      1    8   13.0      3    8   27.4        4   16   40.3
 10    -
 11  01 15      2    4   17.3      1    4   10.1        3    8   27.4
 12    -
 13  04 15      1   11   15.1      1    3    9.4        2   14   24.5
 14    -
 15  03 10      0    0    0.0      2   10   21.6        2   10   21.6
 16    -
 17  02 20      1    4   10.1      5   11   43.9        6   15   54.0
 18  00 00      1    4   10.1      3   14   31.7        4   18   41.8
 19  00 00      2    2   15.8      2    6   18.7        4    8   34.6
 20    -
 21    -
 22    -
 23  00 15      2   10   21.6      2   10   21.6        4   20   43.2
 24    -
 24  23 45      2   23   31.0      3   34   46.1        5   57   77.0
 26  00 15      3   45   54.0      2   37   41.0        5   82   95.0
 27    -
 28  00 00      5   77   91.4      5   44   67.7       10  121  159.1
 29  04 00      4   54   67.7      4   44   60.5        8   98  128.2
 30  01 00      5   69   85.7      4   70   79.2        9  139  164.9


 Monthly Mean            32.8               32.5                 65.3

 --------------------------------------------------------------------

 July      1971     (k = 0.72)

 Date Time(UT)      North              South                Total
      h  m      g    f     R       g    f     R         g    f     R
  1    -
  2    -
  3    -
  4  03 45      3   14   31.7      3   97   91.4        6  111  123.1
  5  01 00      1    3    9.4      4   79   85.7        5   82   95.0
  6  00 15      2    4   17.3      4   58   70.6        6   62   87.8
  7  02 45      1    2    8.6      4   58   70.6        5   60   79.2
  8  01 15      1    4   10.1      4   46   61.9        5   50   72.0
  9  00 00      1    3    9.4      3   34   46.1        4   37   55.4
 10  01 45      1    3    9.4      2   31   36.7        3   34   46.1
 11  01 20      1    8   13.0      2   27   33.8        3   35   46.8
 12  00 30      2   12   23.0      2   60   57.6        4   72   80.6
 13  01 30      2   20   28.8      3   39   49.7        5   59   78.5
 14  00 00      3   28   41.8      3   35   46.8        6   63   88.6
 15    -
 16  00 15      3   75   75.6      4   16   40.3        7   91  115.9
 17  01 20      5   61   79.9      5   15   46.8       10   76  126.7
 17  23 45      4   77   84.2      4   10   36.0        8   87  120.2
 19  00 10      4   85   90.0      5   12   44.6        9   97  134.6
 20  00 30      7   87  113.0      0    0    0.0        7   87  113.0
 21  03 30      8   91  123.1      0    0    0.0        8   91  123.1
 22    -
 23    -
 24  02 00      6   50   79.2      4   22   44.6       10   72  123.8
 25  06 15      6   35   68.4      4    8   34.6       10   43  103.0
 26    -
 27  06 15      4   38   56.2      3   13   31.0        7   51   87.1
 28  02 00      3   24   38.9      4   20   43.2        7   44   82.1
 29  04 40      2   20   28.8      4   28   49.0        6   48   77.8
 30  00 20      5   24   53.3      4   23   45.4        9   47   98.6
 31  00 10      3   21   36.7      4   25   46.8        7   46   83.5

 Monthly Mean            47.1               46.4                 93.4

 --------------------------------------------------------------------

 August    1971     (k = 0.72)

 Date Time(UT)      North              South                Total
      h  m      g    f     R       g    f     R         g    f     R
  1    -
  2  00 10      3   11   29.5      4   21   43.9        7   32   73.4
  3  00 10      2   10   21.6      4   15   39.6        6   25   61.2
  4  00 00      1    6   11.5      5   22   51.8        6   28   63.4
  5  01 30      1    3    9.4      5   17   48.2        6   20   57.6
  6  01 30      1    1    7.9      2   11   22.3        3   12   30.2
  6  23 30      0    0    0.0      4   24   46.1        4   24   46.1
  8  01 10      1   12   15.8      3   37   48.2        4   49   64.1
  9  00 30      2   29   35.3      3   24   38.9        5   53   74.2
 10  00 10      2   28   34.6      3   47   55.4        5   75   90.0
 11  00 15      3   17   33.8      3   33   45.4        6   50   79.2
 12  03 00      5   44   67.7      4   29   49.7        9   73  117.4
 13  00 30      5   17   48.2      2   14   24.5        7   31   72.7
 14  00 10      5   12   44.6      3   12   30.2        8   24   74.9
 15  00 15      4   12   37.4      3    8   27.4        7   20   64.8
 16  00 15      5   14   46.1      1    1    7.9        6   15   54.0
 17    -
 18  05 20      4   12   37.4      2   21   29.5        6   33   67.0
 19  01 30      4   11   36.7      2   29   35.3        6   40   72.0
 20    -
 21  01 40      3   12   30.2      3   74   74.9        6   86  105.1
 22  04 15      4    7   33.8      2  110   93.6        6  117  127.4
 23  00 30      3    5   25.2      2  130  108.0        5  135  133.2
 24    -
 25    -
 26  07 00      2   11   22.3      3   92   87.8        5  103  110.2
 27  00 30      1    4   10.1      2   77   69.8        3   81   79.9
 28  00 15      0    0    0.0      2   63   59.8        2   63   59.8
 29  02 20      0    0    0.0      2   17   26.6        2   17   26.6
 30  00 15      0    0    0.0      2    7   19.4        2    7   19.4
 31    -

 Monthly Mean            25.6               47.4                 72.9

 --------------------------------------------------------------------

 September 1971     (k = 0.72)

 Date Time(UT)      North              South                Total
      h  m      g    f     R       g    f     R         g    f     R
  1  00 50      0    0    0.0      2    4   17.3        2    4   17.3
  2    -
  3    -
  4  02 40      1    2    8.6      1   25   25.2        2   27   33.8
  4  23 40      1    3    9.4      1   18   20.2        2   21   29.5
  6    -
  7    -
  8    -
  9    -
 10  01 00      3    6   25.9      1    2    8.6        4    8   34.6
 11  02 45      2    5   18.0      0    0    0.0        2    5   18.0
 12    -
 13  01 00      3    6   25.9      1   12   15.8        4   18   41.8
 14  04 30      2    4   17.3      2   25   32.4        4   29   49.7
 15    -
 16  02 50      2    7   19.4      2   44   46.1        4   51   65.5
 17  00 30      3   10   28.8      3   51   58.3        6   61   87.1
 18    -
 19    -
 20  00 15      3    7   26.6      2   39   42.5        5   46   69.1
 21    -
 22    -
 23  01 45      3   17   33.8      2    8   20.2        5   25   54.0
 24  00 30      2    5   18.0      3   14   31.7        5   19   49.7
 25    -
 26    -
 27  00 00      0    0    0.0      3   24   38.9        3   24   38.9
 28  00 15      1    4   10.1      3   32   44.6        4   36   54.7
 29  03 30      1    8   13.0      3   23   38.2        4   31   51.1
 30  02 00      1   17   19.4      4   41   58.3        5   58   77.8


 Monthly Mean            17.1               31.1                 48.3

 --------------------------------------------------------------------

 October   1971     (k = 0.72)

 Date Time(UT)      North              South                Total
      h  m      g    f     R       g    f     R         g    f     R
  1    -
  2  00 00      2   24   31.7      2   17   26.6        4   41   58.3
  3  02 55      2   31   36.7      2   15   25.2        4   46   61.9
  4    -
  5    -
  6    -
  7    -
  8  00 15      3    8   27.4      1    6   11.5        4   14   38.9
  9  00 15      3   12   30.2      1    1    7.9        4   13   38.2
 10    -
 11    -
 12    -
 13    -
 14    -
 15  00 15      1    1    7.9      2    5   18.0        3    6   25.9
 16  00 00      2    4   17.3      2    6   18.7        4   10   36.0
 17  01 30      1   11   15.1      1    1    7.9        2   12   23.0
 18  05 15      2   25   32.4      0    0    0.0        2   25   32.4
 19  00 00      2   32   37.4      0    0    0.0        2   32   37.4
 20  00 15      4   65   75.6      1    4   10.1        5   69   85.7
 21  00 20      2   62   59.0      1    8   13.0        3   70   72.0
 22  00 40      2   61   58.3      2    4   17.3        4   65   75.6
 23  00 00      2   65   61.2      2    6   18.7        4   71   79.9
 24  01 45      3   79   78.5      1    2    8.6        4   81   87.1
 25  00 30      5   74   89.3      1    3    9.4        6   77   98.6
 26  04 00      4   47   62.6      1    4   10.1        5   51   72.7
 27  00 45      4   55   68.4      5    9   42.5        9   64  110.9
 28  03 30      4   29   49.7      4   17   41.0        8   46   90.7
 29  00 10      3   17   33.8      5   15   46.8        8   32   80.6
 30    -
 31  00 10      1    2    8.6      3   24   38.9        4   26   47.5

 Monthly Mean            44.1               18.6                 62.7

 --------------------------------------------------------------------

 November  1971     (k = 0.72)

 Date Time(UT)      North              South                Total
      h  m      g    f     R       g    f     R         g    f     R
  1  00 15      2    3   16.6      6   35   68.4        8   38   85.0
  2  00 10      2    4   17.3      5   31   58.3        7   35   75.6
  3  02 20      2    5   18.0      3   25   39.6        5   30   57.6
  4    -
  5  00 15      3   14   31.7      4   26   47.5        7   40   79.2
  6    -
  7    -
  8  00 10      2   16   25.9      5   27   55.4        7   43   81.4
  9  02 45      2   13   23.8      5   16   47.5        7   29   71.3
 10  00 30      1    2    8.6      3    9   28.1        4   11   36.7
 11  00 15      1    2    8.6      3    6   25.9        4    8   34.6
 12  00 15      2    4   17.3      5   10   43.2        7   14   60.5
 12  23 30      2    8   20.2      5    6   40.3        7   14   60.5
 14  03 30      2    2   15.8      1    6   11.5        3    8   27.4
 15    -
 16    -
 17    -
 18    -
 19  00 00      4    8   34.6      3   12   30.2        7   20   64.8
 20  00 10      2    3   16.6      3   22   37.4        5   25   54.0
 21  02 40      2    3   16.6      2   11   22.3        4   14   38.9
 22  00 30      2    6   18.7      4   27   48.2        6   33   67.0
 23  01 10      2   10   21.6      5   35   61.2        7   45   82.8
 24  00 30      2   24   31.7      5   34   60.5        7   58   92.2
 25    -
 26  00 30      2   26   33.1      5   65   82.8        7   91  115.9
 27  01 30      3   41   51.1      5   88   99.4        8  129  150.5
 28  00 30      2   42   44.6      5   98  106.6        7  140  151.2
 29  00 00      1   27   26.6      6   87  105.8        7  114  132.5
 30  00 15      1   15   18.0      6   75   97.2        7   90  115.2


 Monthly Mean            23.5               55.3                 78.8

 --------------------------------------------------------------------

 December  1971     (k = 0.72)

 Date Time(UT)      North              South                Total
      h  m      g    f     R       g    f     R         g    f     R
  1  00 15      1    8   13.0      5   54   74.9        6   62   87.8
  2  04 20      1   12   15.8      6   44   74.9        7   56   90.7
  3  00 30      1    5   10.8      3   19   35.3        4   24   46.1
  4  00 15      1    2    8.6      4   32   51.8        5   34   60.5
  5    -
  6  00 15      3   14   31.7      5   37   62.6        8   51   94.3
  7  00 15      3   26   40.3      4   34   53.3        7   60   93.6
  8  00 00      4   23   45.4      3   33   45.4        7   56   90.7
  9  00 15      5   38   63.4      4   29   49.7        9   67  113.0
 10  00 15      6   55   82.8      5   28   56.2       11   83  139.0
 11  00 10      6   51   79.9      5   21   51.1       11   72  131.0
 12  00 15      5   36   61.9      4   14   38.9        9   50  100.8
 13  00 30      6   40   72.0      4   15   39.6       10   55  111.6
 14  01 15      4   42   59.0      4    9   35.3        8   51   94.3
 15  01 10      5   51   72.7      5   10   43.2       10   61  115.9
 16  05 15      4   35   54.0      4   11   36.7        8   46   90.7
 17  00 15      4   51   65.5      6   24   60.5       10   75  126.0
 18  00 40      4   51   65.5      7   33   74.2       11   84  139.7
 19    -
 20    -
 21  00 40      3   13   31.0      6   51   79.9        9   64  110.9
 22  02 30      2    8   20.2      5   74   89.3        7   82  109.4
 23  04 30      1    3    9.4      5   94  103.7        6   97  113.0
 24  00 30      0    0    0.0      7   88  113.8        7   88  113.8
 25  00 00      0    0    0.0      7   84  110.9        7   84  110.9
 26    -
 27    -
 28  01 00      1    2    8.6      6   28   63.4        7   30   72.0
 29  02 00      1    2    8.6      5   24   53.3        6   26   61.9
 30    -
 31  05 20      1    3    9.4      5   33   59.8        6   36   69.1

 Monthly Mean            37.2               62.3                 99.5

 --------------------------------------------------------------------

