 January   1954     (k = 0.65)

 Date Time(UT)      North              South                Total
      h  m      g    f     R       g    f     R         g    f     R
  1  01 15      0    0    0.0      0    0    0.0        0    0    0.0
  2  01 00      0    0    0.0      0    0    0.0        0    0    0.0
  3  01 30      0    0    0.0      0    0    0.0        0    0    0.0
  4    -
  5  00 40      0    0    0.0      0    0    0.0        0    0    0.0
  6  01 30      0    0    0.0      0    0    0.0        0    0    0.0
  7  00 20      0    0    0.0      0    0    0.0        0    0    0.0
  8  02 00      2    4   15.6      0    0    0.0        2    4   15.6
  9  00 45      0    0    0.0      0    0    0.0        0    0    0.0
 10  02 30      0    0    0.0      0    0    0.0        0    0    0.0
 11    -
 12  00 30      0    0    0.0      1    1    7.1        1    1    7.1
 13    -
 14  00 45      0    0    0.0      0    0    0.0        0    0    0.0
 15  04 00      0    0    0.0      0    0    0.0        0    0    0.0
 16  05 20      0    0    0.0      0    0    0.0        0    0    0.0
 17    -
 18  06 00      0    0    0.0      0    0    0.0        0    0    0.0
 19  00 45      0    0    0.0      0    0    0.0        0    0    0.0
 20  01 20      0    0    0.0      0    0    0.0        0    0    0.0
 21    -
 22    -
 23    -
 24    -
 25    -
 26  00 30      0    0    0.0      0    0    0.0        0    0    0.0
 27  01 00      0    0    0.0      0    0    0.0        0    0    0.0
 28  01 00      0    0    0.0      0    0    0.0        0    0    0.0
 29  01 50      0    0    0.0      0    0    0.0        0    0    0.0
 30  01 00      0    0    0.0      0    0    0.0        0    0    0.0
 31  01 00      0    0    0.0      0    0    0.0        0    0    0.0

 Monthly Mean             0.7                0.3                  1.0

 --------------------------------------------------------------------

 February  1954     (k = 0.65)

 Date Time(UT)      North              South                Total
      h  m      g    f     R       g    f     R         g    f     R
  1  00 15      0    0    0.0      0    0    0.0        0    0    0.0
  2  00 15      0    0    0.0      0    0    0.0        0    0    0.0
  3  01 00      0    0    0.0      0    0    0.0        0    0    0.0
  4  00 20      0    0    0.0      0    0    0.0        0    0    0.0
  5  02 20      0    0    0.0      0    0    0.0        0    0    0.0
  6  00 15      0    0    0.0      0    0    0.0        0    0    0.0
  7  00 45      0    0    0.0      0    0    0.0        0    0    0.0
  8  00 45      0    0    0.0      0    0    0.0        0    0    0.0
  9  01 10      1    3    8.4      0    0    0.0        1    3    8.4
 10  00 00      0    0    0.0      0    0    0.0        0    0    0.0
 11  00 30      0    0    0.0      0    0    0.0        0    0    0.0
 12  05 10      0    0    0.0      0    0    0.0        0    0    0.0
 13  01 15      0    0    0.0      0    0    0.0        0    0    0.0
 14    -
 15  00 35      0    0    0.0      0    0    0.0        0    0    0.0
 16  01 00      0    0    0.0      0    0    0.0        0    0    0.0
 17    -
 18    -
 19  05 20      0    0    0.0      0    0    0.0        0    0    0.0
 20  00 45      0    0    0.0      0    0    0.0        0    0    0.0
 21  00 45      0    0    0.0      0    0    0.0        0    0    0.0
 22  00 45      0    0    0.0      0    0    0.0        0    0    0.0
 23  00 45      0    0    0.0      0    0    0.0        0    0    0.0
 24  00 15      0    0    0.0      0    0    0.0        0    0    0.0
 25  00 45      0    0    0.0      0    0    0.0        0    0    0.0
 26    -
 27  00 30      0    0    0.0      0    0    0.0        0    0    0.0
 27  23 45      0    0    0.0      0    0    0.0        0    0    0.0




 Monthly Mean             0.4                0.0                  0.4

 --------------------------------------------------------------------

 March     1954     (k = 0.65)

 Date Time(UT)      North              South                Total
      h  m      g    f     R       g    f     R         g    f     R
  1  00 15      0    0    0.0      0    0    0.0        0    0    0.0
  2    -
  3  01 30      0    0    0.0      1    6   10.4        1    6   10.4
  4    -
  5    -
  6    -
  7    -
  8  00 15      0    0    0.0      0    0    0.0        0    0    0.0
  9  00 50      0    3    1.9      0    0    0.0        0    3    1.9
 10    -
 11    -
 12    -
 13  01 15      0    0    0.0      1    9   12.3        1    9   12.3
 14  00 00      0    0    0.0      1   19   18.8        1   19   18.8
 15  01 00      0    0    0.0      1   23   21.4        1   23   21.4
 16  00 45      0    0    0.0      1   27   24.0        1   27   24.0
 17  00 30      0    0    0.0      1   30   26.0        1   30   26.0
 18  03 20      0    0    0.0      1   27   24.0        1   27   24.0
 19  04 50      1    7   11.0      1   41   33.1        2   48   44.2
 20  01 00      0    0    0.0      1   12   14.3        1   12   14.3
 21  01 30      0    0    0.0      1    8   11.7        1    8   11.7
 22  00 30      0    0    0.0      1   11   13.6        1   11   13.6
 23  00 30      0    0    0.0      1    6   10.4        1    6   10.4
 24  00 35      0    0    0.0      1    2    7.8        1    2    7.8
 25  00 30      0    0    0.0      1    1    7.1        1    1    7.1
 25  23 10      0    0    0.0      0    0    0.0        0    0    0.0
 27  00 20      0    0    0.0      0    0    0.0        0    0    0.0
 28  02 15      0    0    0.0      0    0    0.0        0    0    0.0
 29  04 30      0    0    0.0      0    0    0.0        0    0    0.0
 30  00 40      0    0    0.0      0    0    0.0        0    0    0.0
 31  01 00      0    0    0.0      0    0    0.0        0    0    0.0

 Monthly Mean             0.6               10.2                 10.8

 --------------------------------------------------------------------

 April     1954     (k = 0.65)

 Date Time(UT)      North              South                Total
      h  m      g    f     R       g    f     R         g    f     R
  1  00 10      0    0    0.0      0    0    0.0        0    0    0.0
  2  02 30      0    0    0.0      0    0    0.0        0    0    0.0
  3  00 30      0    0    0.0      0    0    0.0        0    0    0.0
  4  03 00      0    0    0.0      0    0    0.0        0    0    0.0
  5  00 30      0    0    0.0      0    0    0.0        0    0    0.0
  6    -
  6  23 00      0    0    0.0      1    5    9.8        1    5    9.8
  8  00 30      0    0    0.0      1    2    7.8        1    2    7.8
  9  00 00      0    0    0.0      1    1    7.1        1    1    7.1
 10  01 15      0    0    0.0      0    0    0.0        0    0    0.0
 11  00 30      0    0    0.0      1    1    7.1        1    1    7.1
 12    -
 13    -
 14  04 45      0    0    0.0      0    0    0.0        0    0    0.0
 15  00 30      0    0    0.0      2    4   15.6        2    4   15.6
 16  02 15      0    0    0.0      1    2    7.8        1    2    7.8
 17  00 30      0    0    0.0      1    1    7.1        1    1    7.1
 18  05 45      0    0    0.0      0    0    0.0        0    0    0.0
 19  00 00      0    0    0.0      0    0    0.0        0    0    0.0
 20  00 00      0    0    0.0      0    0    0.0        0    0    0.0
 21  00 45      0    0    0.0      1    1    7.1        1    1    7.1
 22  03 00      0    0    0.0      0    0    0.0        0    0    0.0
 22  22 40      0    0    0.0      0    0    0.0        0    0    0.0
 24  00 50      0    0    0.0      0    0    0.0        0    0    0.0
 25  00 30      0    0    0.0      0    0    0.0        0    0    0.0
 26  07 15      0    0    0.0      0    0    0.0        0    0    0.0
 27    -
 28  00 20      0    0    0.0      0    0    0.0        0    0    0.0
 29  00 45      0    0    0.0      0    0    0.0        0    0    0.0
 30    -


 Monthly Mean             0.0                2.8                  2.8

 --------------------------------------------------------------------

 May       1954     (k = 0.65)

 Date Time(UT)      North              South                Total
      h  m      g    f     R       g    f     R         g    f     R
  1  00 00      0    0    0.0      0    0    0.0        0    0    0.0
  2  00 00      0    0    0.0      0    0    0.0        0    0    0.0
  3    -
  4  00 15      0    0    0.0      0    0    0.0        0    0    0.0
  5  00 45      1    4    9.1      0    0    0.0        1    4    9.1
  6  07 50      0    0    0.0      0    0    0.0        0    0    0.0
  7    -
  8  00 10      0    0    0.0      0    0    0.0        0    0    0.0
  9  07 40      0    0    0.0      0    0    0.0        0    0    0.0
 10  00 45      0    0    0.0      0    0    0.0        0    0    0.0
 11  00 37      0    0    0.0      0    0    0.0        0    0    0.0
 12  00 15      0    0    0.0      0    0    0.0        0    0    0.0
 13  01 00      0    0    0.0      0    0    0.0        0    0    0.0
 14  00 15      1    2    7.8      0    0    0.0        1    2    7.8
 15  03 40      1    2    7.8      0    0    0.0        1    2    7.8
 16  01 20      0    0    0.0      0    0    0.0        0    0    0.0
 17  06 00      0    0    0.0      0    0    0.0        0    0    0.0
 18  01 00      0    0    0.0      0    0    0.0        0    0    0.0
 19    -
 20  00 30      0    0    0.0      0    0    0.0        0    0    0.0
 21    -
 22    -
 23  02 30      0    0    0.0      0    0    0.0        0    0    0.0
 24  01 00      0    0    0.0      0    0    0.0        0    0    0.0
 25  05 40      0    0    0.0      0    0    0.0        0    0    0.0
 26  00 00      0    0    0.0      0    0    0.0        0    0    0.0
 27  00 00      0    0    0.0      0    0    0.0        0    0    0.0
 28    -
 29  00 00      0    0    0.0      0    0    0.0        0    0    0.0
 30  01 00      0    0    0.0      0    0    0.0        0    0    0.0
 31  06 35      0    0    0.0      0    0    0.0        0    0    0.0

 Monthly Mean             1.0                0.0                  1.0

 --------------------------------------------------------------------

 June      1954     (k = 0.65)

 Date Time(UT)      North              South                Total
      h  m      g    f     R       g    f     R         g    f     R
  1  00 30      0    0    0.0      0    0    0.0        0    0    0.0
  2    -
  3  05 45      0    0    0.0      0    0    0.0        0    0    0.0
  4  01 40      0    0    0.0      0    0    0.0        0    0    0.0
  4  23 45      0    0    0.0      0    0    0.0        0    0    0.0
  6    -
  7  00 00      0    0    0.0      0    0    0.0        0    0    0.0
  8    -
  9    -
 10    -
 11    -
 12  00 15      0    0    0.0      0    0    0.0        0    0    0.0
 13  02 15      0    0    0.0      0    0    0.0        0    0    0.0
 14    -
 14  23 50      0    0    0.0      0    0    0.0        0    0    0.0
 15  23 50      0    0    0.0      0    0    0.0        0    0    0.0
 17  02 15      0    0    0.0      0    0    0.0        0    0    0.0
 18  00 00      0    0    0.0      0    0    0.0        0    0    0.0
 19    -
 20    -
 20  23 45      0    0    0.0      0    0    0.0        0    0    0.0
 22    -
 23    -
 24  00 25      0    0    0.0      0    0    0.0        0    0    0.0
 25    -
 26    -
 27    -
 28    -
 29    -
 30  00 50      0    0    0.0      0    0    0.0        0    0    0.0


 Monthly Mean             0.0                0.0                  0.0

 --------------------------------------------------------------------

 July      1954     (k = 0.65)

 Date Time(UT)      North              South                Total
      h  m      g    f     R       g    f     R         g    f     R
  1  00 15      0    0    0.0      0    0    0.0        0    0    0.0
  2  00 40      0    0    0.0      0    0    0.0        0    0    0.0
  3  01 30      0    0    0.0      0    0    0.0        0    0    0.0
  4  00 00      0    0    0.0      0    0    0.0        0    0    0.0
  5  01 10      0    0    0.0      0    0    0.0        0    0    0.0
  6  01 30      0    0    0.0      0    0    0.0        0    0    0.0
  7    -
  8    -
  9  02 00      0    0    0.0      0    0    0.0        0    0    0.0
 10  00 20      0    0    0.0      0    0    0.0        0    0    0.0
 11    -
 12    -
 13  05 30      1    5    9.8      0    0    0.0        1    5    9.8
 14  00 00      1    2    7.8      0    0    0.0        1    2    7.8
 15    -
 16  02 00      1    2    7.8      0    0    0.0        1    2    7.8
 17  01 10      1    2    7.8      0    0    0.0        1    2    7.8
 18  00 30      1    2    7.8      0    0    0.0        1    2    7.8
 19  01 20      0    0    0.0      0    0    0.0        0    0    0.0
 20  02 15      0    0    0.0      0    0    0.0        0    0    0.0
 20  23 50      0    0    0.0      0    0    0.0        0    0    0.0
 22  00 15      0    0    0.0      0    0    0.0        0    0    0.0
 23  01 00      0    0    0.0      0    0    0.0        0    0    0.0
 24  04 30      1    2    7.8      0    0    0.0        1    2    7.8
 25  01 45      1    3    8.4      0    0    0.0        1    3    8.4
 26  00 00      1    2    7.8      0    0    0.0        1    2    7.8
 27  00 30      1    5    9.8      0    0    0.0        1    5    9.8
 28  00 00      1    2    7.8      0    0    0.0        1    2    7.8
 29  00 00      1    2    7.8      0    0    0.0        1    2    7.8
 30  04 20      1    5    9.8      0    0    0.0        1    5    9.8
 31  00 30      0    0    0.0      0    0    0.0        0    0    0.0

 Monthly Mean             3.8                0.0                  3.8

 --------------------------------------------------------------------

 August    1954     (k = 0.65)

 Date Time(UT)      North              South                Total
      h  m      g    f     R       g    f     R         g    f     R
  1  00 30      0    0    0.0      0    0    0.0        0    0    0.0
  2  00 30      1    4    9.1      0    0    0.0        1    4    9.1
  3  00 15      1    3    8.4      0    0    0.0        1    3    8.4
  4  01 20      1    6   10.4      0    0    0.0        1    6   10.4
  5  00 15      1    5    9.8      0    0    0.0        1    5    9.8
  6  04 10      1    7   11.0      0    0    0.0        1    7   11.0
  7  00 15      1   13   14.9      0    0    0.0        1   13   14.9
  8  00 45      1    5    9.8      0    0    0.0        1    5    9.8
  9  00 25      1    3    8.4      0    0    0.0        1    3    8.4
 10  03 30      1    2    7.8      0    0    0.0        1    2    7.8
 11  04 30      1    2    7.8      1   24   22.1        2   26   29.9
 12  01 00      0    0    0.0      1   12   14.3        1   12   14.3
 13  04 40      0    0    0.0      1   12   14.3        1   12   14.3
 14  00 00      0    0    0.0      1    3    8.4        1    3    8.4
 15  00 15      0    0    0.0      0    0    0.0        0    0    0.0
 16  00 00      1    2    7.8      0    0    0.0        1    2    7.8
 17  00 15      0    0    0.0      0    0    0.0        0    0    0.0
 18  03 20      0    0    0.0      0    0    0.0        0    0    0.0
 19    -
 20  02 30      0    0    0.0      0    0    0.0        0    0    0.0
 21    -
 22  02 00      0    0    0.0      1   12   14.3        1   12   14.3
 23  00 00      0    0    0.0      1   21   20.1        1   21   20.1
 24  00 00      0    0    0.0      1   18   18.2        1   18   18.2
 25    -
 26  02 30      0    0    0.0      1    2    7.8        1    2    7.8
 26  23 00      0    0    0.0      1    1    7.1        1    1    7.1
 28  00 00      0    0    0.0      1    1    7.1        1    1    7.1
 29  00 30      0    0    0.0      0    0    0.0        0    0    0.0
 30  02 00      0    0    0.0      0    0    0.0        0    0    0.0
 31    -

 Monthly Mean             3.9                5.0                  8.9

 --------------------------------------------------------------------

 September 1954     (k = 0.65)

 Date Time(UT)      North              South                Total
      h  m      g    f     R       g    f     R         g    f     R
  1  04 30      0    0    0.0      0    0    0.0        0    0    0.0
  2  02 00      0    0    0.0      0    0    0.0        0    0    0.0
  3  00 00      0    0    0.0      0    0    0.0        0    0    0.0
  4  00 15      0    0    0.0      0    0    0.0        0    0    0.0
  5    -
  6  01 00      0    0    0.0      1    1    7.1        1    1    7.1
  7  00 00      0    0    0.0      0    0    0.0        0    0    0.0
  8  00 00      0    0    0.0      0    0    0.0        0    0    0.0
  9  00 00      0    0    0.0      0    0    0.0        0    0    0.0
 10  03 00      0    0    0.0      0    0    0.0        0    0    0.0
 11  02 00      0    0    0.0      0    0    0.0        0    0    0.0
 12  00 45      0    0    0.0      0    0    0.0        0    0    0.0
 13  00 00      0    0    0.0      0    0    0.0        0    0    0.0
 14  00 15      1    1    7.1      0    0    0.0        1    1    7.1
 15  00 15      1    1    7.1      0    0    0.0        1    1    7.1
 16  00 45      1    3    8.4      0    0    0.0        1    3    8.4
 17    -
 18  00 30      0    0    0.0      0    0    0.0        0    0    0.0
 19  00 30      0    0    0.0      0    0    0.0        0    0    0.0
 20  00 25      0    0    0.0      0    0    0.0        0    0    0.0
 21  00 15      0    0    0.0      0    0    0.0        0    0    0.0
 22  00 30      0    0    0.0      0    0    0.0        0    0    0.0
 23  02 00      0    0    0.0      0    0    0.0        0    0    0.0
 24  00 15      0    0    0.0      0    0    0.0        0    0    0.0
 25  03 00      0    0    0.0      0    0    0.0        0    0    0.0
 25  23 45      0    0    0.0      0    0    0.0        0    0    0.0
 27  00 00      0    0    0.0      0    0    0.0        0    0    0.0
 28    -
 29  04 35      0    0    0.0      0    0    0.0        0    0    0.0
 30  01 00      0    0    0.0      0    0    0.0        0    0    0.0


 Monthly Mean             0.8                0.3                  1.1

 --------------------------------------------------------------------

 October   1954     (k = 0.65)

 Date Time(UT)      North              South                Total
      h  m      g    f     R       g    f     R         g    f     R
  1  01 30      0    0    0.0      0    0    0.0        0    0    0.0
  2  00 00      0    0    0.0      0    0    0.0        0    0    0.0
  3    -
  4  00 10      1    1    7.1      0    0    0.0        1    1    7.1
  5  00 00      2    3   14.9      1    1    7.1        3    4   22.1
  6    -
  7  04 45      0    0    0.0      0    0    0.0        0    0    0.0
  8    -
  9  01 45      1    6   10.4      0    0    0.0        1    6   10.4
 10    -
 11    -
 12  06 15      0    0    0.0      1    1    7.1        1    1    7.1
 13  00 15      0    0    0.0      1    2    7.8        1    2    7.8
 14  00 00      0    0    0.0      1    1    7.1        1    1    7.1
 15  03 00      1   10   13.0      1    2    7.8        2   12   20.8
 16  00 15      1    8   11.7      1    1    7.1        2    9   18.8
 17  00 15      1    3    8.4      2    2   14.3        3    5   22.8
 18    -
 19  01 00      1    1    7.1      0    0    0.0        1    1    7.1
 20    -
 21  02 15      1    2    7.8      0    0    0.0        1    2    7.8
 22  01 30      1    2    7.8      0    0    0.0        1    2    7.8
 23  01 00      1    1    7.1      0    0    0.0        1    1    7.1
 24  00 30      1    1    7.1      0    0    0.0        1    1    7.1
 25    -
 26    -
 27    -
 28  01 30      0    0    0.0      0    0    0.0        0    0    0.0
 29  01 00      0    0    0.0      0    0    0.0        0    0    0.0
 30  02 30      0    0    0.0      0    0    0.0        0    0    0.0
 31  00 30      0    0    0.0      0    0    0.0        0    0    0.0

 Monthly Mean             4.9                2.8                  7.7

 --------------------------------------------------------------------

 November  1954     (k = 0.65)

 Date Time(UT)      North              South                Total
      h  m      g    f     R       g    f     R         g    f     R
  1  00 00      0    0    0.0      0    0    0.0        0    0    0.0
  2  00 15      0    0    0.0      0    0    0.0        0    0    0.0
  3  00 00      0    0    0.0      0    0    0.0        0    0    0.0
  4  00 15      0    0    0.0      0    0    0.0        0    0    0.0
  5  01 00      0    0    0.0      0    0    0.0        0    0    0.0
  6  00 15      1    3    8.4      0    0    0.0        1    3    8.4
  7  00 15      1    5    9.8      0    0    0.0        1    5    9.8
  8  00 00      1    5    9.8      0    0    0.0        1    5    9.8
  9  00 15      1    1    7.1      0    0    0.0        1    1    7.1
 10  00 30      2    7   17.5      2   12   20.8        4   19   38.3
 11  00 15      1    5    9.8      2   10   19.5        3   15   29.2
 12  00 00      2    8   18.2      2   32   33.8        4   40   52.0
 13  00 30      2    5   16.2      2   18   24.7        4   23   40.9
 14    -
 15  04 00      1    2    7.8      2    8   18.2        3   10   26.0
 16  02 30      1    1    7.1      0    0    0.0        1    1    7.1
 17  01 00      0    0    0.0      0    0    0.0        0    0    0.0
 18  00 15      0    0    0.0      0    0    0.0        0    0    0.0
 19    -
 20    -
 21    -
 22  01 15      0    0    0.0      0    0    0.0        0    0    0.0
 23  00 30      0    0    0.0      0    0    0.0        0    0    0.0
 24  00 30      0    0    0.0      0    0    0.0        0    0    0.0
 25    -
 26  00 10      0    0    0.0      0    0    0.0        0    0    0.0
 27  00 15      0    0    0.0      0    0    0.0        0    0    0.0
 28    -
 29  00 15      0    0    0.0      0    0    0.0        0    0    0.0
 30  01 30      0    0    0.0      0    0    0.0        0    0    0.0


 Monthly Mean             4.7                4.9                  9.5

 --------------------------------------------------------------------

 December  1954     (k = 0.65)

 Date Time(UT)      North              South                Total
      h  m      g    f     R       g    f     R         g    f     R
  1  01 00      0    0    0.0      0    0    0.0        0    0    0.0
  2  00 45      0    0    0.0      0    0    0.0        0    0    0.0
  3  01 00      0    0    0.0      0    0    0.0        0    0    0.0
  4  01 15      0    0    0.0      0    0    0.0        0    0    0.0
  5    -
  6  01 50      0    0    0.0      0    0    0.0        0    0    0.0
  7  00 05      0    0    0.0      0    0    0.0        0    0    0.0
  8  05 30      0    0    0.0      0    0    0.0        0    0    0.0
  9  02 15      0    0    0.0      0    0    0.0        0    0    0.0
 10    -
 11  01 15      0    0    0.0      0    0    0.0        0    0    0.0
 12  03 20      0    0    0.0      0    0    0.0        0    0    0.0
 13  00 15      0    0    0.0      0    0    0.0        0    0    0.0
 14  00 15      0    0    0.0      0    0    0.0        0    0    0.0
 15  00 30      1    7   11.0      0    0    0.0        1    7   11.0
 16  01 00      1   18   18.2      0    0    0.0        1   18   18.2
 17  00 45      1   10   13.0      0    0    0.0        1   10   13.0
 18  00 15      2   13   21.4      0    0    0.0        2   13   21.4
 19    -
 20  00 30      2   12   20.8      0    0    0.0        2   12   20.8
 21  00 10      2    6   16.9      0    0    0.0        2    6   16.9
 22  00 15      1    2    7.8      0    0    0.0        1    2    7.8
 23  01 45      1    6   10.4      0    0    0.0        1    6   10.4
 24  00 30      1    4    9.1      0    0    0.0        1    4    9.1
 25  00 40      1    2    7.8      0    0    0.0        1    2    7.8
 26  00 15      1    1    7.1      0    0    0.0        1    1    7.1
 27  00 00      0    0    0.0      0    0    0.0        0    0    0.0
 28  01 20      0    0    0.0      0    0    0.0        0    0    0.0
 29  04 30      1    2    7.8      1    2    7.8        2    4   15.6
 30  00 30      0    0    0.0      1    7   11.0        1    7   11.0
 31  03 45      0    0    0.0      1   23   21.4        1   23   21.4

 Monthly Mean             5.4                1.4                  6.8

 --------------------------------------------------------------------

