 January   1947     (k = 0.70)

 Date Time(UT)      North              South                Total
      h  m      g    f     R       g    f     R         g    f     R
  1    -
  2  05 30      3   23   37.1      1    2    8.4        4   25   45.5
  3  04 50      4   25   45.5      2    8   19.6        6   33   65.1
  4  01 05      4   18   40.6      2   10   21.0        6   28   61.6
  5    -
  6  05 35      3   11   28.7      3   16   32.2        6   27   60.9
  7  05 50      2    8   19.6      4   19   41.3        6   27   60.9
  8    -
  9  01 30      1   10   14.0      4   46   60.2        5   56   74.2
 10  01 00      2   16   25.2      4   54   65.8        6   70   91.0
 11    -
 12    -
 13    -
 14  06 00      3   24   37.8      4  104  100.8        7  128  138.6
 15  00 20      4   41   56.7      6  111  119.7       10  152  176.4
 16  01 10      6   29   62.3      7   98  117.6       13  127  179.9
 17    -
 18  00 40      6   30   63.0      8  156  165.2       14  186  228.2
 19  04 00      7   44   79.8      6  114  121.8       13  158  201.6
 20  02 00      7   66   95.2      5  126  123.2       12  192  218.4
 21  00 15      6   24   58.8      4   48   61.6       10   72  120.4
 22  00 40      7   52   85.4      4   79   83.3       11  131  168.7
 23  00 40      6   45   73.5      5   57   74.9       11  102  148.4
 24    -
 25    -
 26  01 10      4   32   50.4      4   74   79.8        8  106  130.2
 27  04 30      3   26   39.2      3   61   63.7        6   87  102.9
 28  00 10      4   26   46.2      3   49   55.3        7   75  101.5
 29  01 25      2    7   18.9      4   47   60.9        6   54   79.8
 30  03 00      1    7   11.9      4   49   62.3        5   56   74.2
 31  00 25      1    7   11.9      3   56   60.2        4   63   72.1

 Monthly Mean            45.5               72.7                118.2

 --------------------------------------------------------------------

 February  1947     (k = 0.70)

 Date Time(UT)      North              South                Total
      h  m      g    f     R       g    f     R         g    f     R
  1  00 10      1    1    7.7      3   72   71.4        4   73   79.1
  2  00 35      0    0    0.0      5   76   88.2        5   76   88.2
  3  00 10      0    0    0.0      4   82   85.4        4   82   85.4
  4  00 50      1    2    8.4      5   90   98.0        6   92  106.4
  5  00 30      3    6   25.2      6  101  112.7        9  107  137.9
  6  04 45      1    2    8.4      7  116  130.2        8  118  138.6
  7  01 10      1    2    8.4      8  130  147.0        9  132  155.4
  7  23 50      3   12   29.4      5  116  116.2        8  128  145.6
  9  00 55      2    7   18.9      6  189  174.3        8  196  193.2
 10  00 30      2   11   21.7      6  148  145.6        8  159  167.3
 11  00 40      3   29   41.3      6  169  160.3        9  198  201.6
 12  05 40      3   24   37.8      8  146  158.2       11  170  196.0
 13  00 40      5   20   49.0      5  116  116.2       10  136  165.2
 14    -
 15  01 00      8   58   96.6      5  109  111.3       13  167  207.9
 16  05 00      6   19   55.3      5  108  110.6       11  127  165.9
 17  04 20      5   30   56.0      5   90   98.0       10  120  154.0
 18  00 10      4   29   48.3      7  104  121.8       11  133  170.1
 19  00 50      6   44   72.8      7  105  122.5       13  149  195.3
 20  00 20      4   19   41.3      4   62   71.4        8   81  112.7
 21  00 15      5   12   43.4      4   72   78.4        9   84  121.8
 22  00 20      3   17   32.9      4   95   94.5        7  112  127.4
 23  04 50      3   12   29.4      4   80   84.0        7   92  113.4
 24  00 40      3   15   31.5      3  100   91.0        6  115  122.5
 24  23 10      4   27   46.9      5  137  130.9        9  164  177.8
 26    -
 27    -
 28  00 50      5   62   78.4      6   56   81.2       11  118  159.6




 Monthly Mean            35.6              112.0                147.5

 --------------------------------------------------------------------

 March     1947     (k = 0.70)

 Date Time(UT)      North              South                Total
      h  m      g    f     R       g    f     R         g    f     R
  1  05 15      3   52   57.4      5   50   70.0        8  102  127.4
  2    -
  3  00 40      1   45   38.5      6   67   88.9        7  112  127.4
  4  02 50      1   20   21.0      9   71  112.7       10   91  133.7
  5  00 15      3   46   53.2     10  151  175.7       13  197  228.9
  6  03 00      3   38   47.6     10  103  142.1       13  141  189.7
  7  00 45      2   47   46.9     12  176  207.2       14  223  254.1
  8  01 00      2   48   47.6     10  154  177.8       12  202  225.4
  9    -
 10  01 30      1   33   30.1      8  115  136.5        9  148  166.6
 11  00 55      3   88   82.6      8  184  184.8       11  272  267.4
 12  00 10      2   65   59.5      7  190  182.0        9  255  241.5
 13  00 20      2   60   56.0      6  169  160.3        8  229  216.3
 14  00 50      2   29   34.3      8  140  154.0       10  169  188.3
 15    -
 16    -
 17  01 15      2    3   16.1      5   33   58.1        7   36   74.2
 18  05 15      0    0    0.0      5   18   47.6        5   18   47.6
 19  00 05      0    0    0.0      5   25   52.5        5   25   52.5
 20  01 20      1    2    8.4      4   12   36.4        5   14   44.8
 21    -
 22  04 30      2   13   23.1      5   50   70.0        7   63   93.1
 23  01 05      2   32   36.4      7   85  108.5        9  117  144.9
 24  01 30      2   19   27.3      8   67  102.9       10   86  130.2
 25  06 00      3    9   27.3      7   59   90.3       10   68  117.6
 26  05 30      4   27   46.9      6   53   79.1       10   80  126.0
 21    -
 28  02 00      5   28   54.6      5   78   89.6       10  106  144.2
 29  00 20      5   63   79.1      7  122  134.4       12  185  213.5
 30  02 50      5  103  107.1      8  144  156.8       13  247  263.9
 31  01 15      4   68   75.6      7  101  119.7       11  169  195.3

 Monthly Mean            43.1              117.5                160.6

 --------------------------------------------------------------------

 April     1947     (k = 0.70)

 Date Time(UT)      North              South                Total
      h  m      g    f     R       g    f     R         g    f     R
  1  05 30      5   59   76.3      8  156  165.2       13  215  241.5
  2  02 15      6   52   78.4      9  141  161.7       15  193  240.1
  3  00 50      5   37   60.9      9  180  189.0       14  217  249.9
  4  05 00      2   19   27.3      6  227  200.9        8  246  228.2
  5  00 45      3   16   32.2      6  206  186.2        9  222  218.4
  6  06 30      4   20   42.0      6  267  228.9       10  287  270.9
  7  06 00      4   21   42.7      8  285  255.5       12  306  298.2
  8    -
  9  05 30      5   11   42.7      7  237  214.9       12  248  257.6
 10  01 15      6   16   53.2      8  184  184.8       14  200  238.0
 11  02 00      6   13   51.1      6  111  119.7       12  124  170.8
 12  00 30      4   12   36.4      5  106  109.2        9  118  145.6
 13  06 00      5   11   42.7      5   49   69.3       10   60  112.0
 14  01 00      6   12   50.4      5   29   55.3       11   41  105.7
 15  01 00      7   22   64.4      4   39   55.3       11   61  119.7
 16  00 00      3   10   28.0      3   19   34.3        6   29   62.3
 17  01 17      1   10   14.0      5   42   64.4        6   52   78.4
 18  00 30      1   11   14.7      5   48   68.6        6   59   83.3
 19  01 40      3   12   29.4      5   39   62.3        8   51   91.7
 20  00 40      4   18   40.6      5   39   62.3        9   57  102.9
 21  00 45      3   11   28.7      5   30   56.0        8   41   84.7
 22  00 20      3    7   25.9      4   15   38.5        7   22   64.4
 23  00 40      5   24   51.8      5   27   53.9       10   51  105.7
 24  00 45      5   42   64.4      4   37   53.9        9   79  118.3
 25  04 40      7  113  128.1      6   44   72.8       13  157  200.9
 26  01 40      7   83  107.1      9   62  106.4       16  145  213.5
 27  01 45      9   84  121.8      8   72  106.4       17  156  228.2
 28    -
 29  00 15      5   60   77.0     11   86  137.2       16  146  214.2
 30  06 30      3   44   51.8      9   61  105.7       12  105  157.5


 Monthly Mean            53.0              114.9                167.9

 --------------------------------------------------------------------

 May       1947     (k = 0.70)

 Date Time(UT)      North              South                Total
      h  m      g    f     R       g    f     R         g    f     R
  1  01 50      3   49   55.3      9  106  137.2       12  155  192.5
  2    -
  3    -
  4  00 30      3   37   46.9      8  151  161.7       11  188  208.6
  5  00 10      5   30   56.0     11  173  198.1       16  203  254.1
  6  01 00      4   20   42.0      7  106  123.2       11  126  165.2
  7    -
  8    -
  9  01 50      4   52   64.4      7   95  115.5       11  147  179.9
 10  02 50      5   54   72.8      5   48   68.6       10  102  141.4
 11    -
 12    -
 13  01 00      5   83   93.1      6   72   92.4       11  155  185.5
 14  00 50      5   97  102.9      6   30   63.0       11  127  165.9
 15  00 20      5   53   72.1      5   14   44.8       10   67  116.9
 15  23 45      6   89  104.3      3   12   29.4        9  101  133.7
 17  01 00      7   62   92.4      2    7   18.9        9   69  111.3
 18  05 15      6   77   95.9      5   25   52.5       11  102  148.4
 19  02 00      7   96  116.2      6   49   76.3       13  145  192.5
 20  00 00      8  122  141.4      6   75   94.5       14  197  235.9
 21  05 50     10  176  193.2      6   98  110.6       16  274  303.8
 22  01 15     11  149  181.3      8  100  126.0       19  249  307.3
 23  00 50     10  212  218.4      9  126  151.2       19  338  369.6
 24  00 45     10  201  210.7      8  121  140.7       18  322  351.4
 25    -
 26    -
 27  01 10      4   81   84.7     12  129  174.3       16  210  259.0
 28  02 20      5   62   78.4     13  152  197.4       18  214  275.8
 29  01 00      4   53   65.1     12  166  200.2       16  219  265.3
 30  01 00      3   57   60.9     10  181  196.7       13  238  257.6
 31  03 00      2   29   34.3      9  131  154.7       11  160  189.0

 Monthly Mean            99.2              118.6                217.9

 --------------------------------------------------------------------

 June      1947     (k = 0.70)

 Date Time(UT)      North              South                Total
      h  m      g    f     R       g    f     R         g    f     R
  1  02 00      4   15   38.5     11   67  123.9       15   82  162.4
  2    -
  3    -
  3  23 45      3   21   35.7      8   82  113.4       11  103  149.1
  5    -
  6    -
  7    -
  7  23 50      7  142  148.4      4   10   35.0       11  152  183.4
  9  02 45      3  119  104.3      2    4   16.8        5  123  121.1
 10  05 30      3   88   82.6      1    1    7.7        4   89   90.3
 11    -
 12  01 35      6   56   81.2      1    1    7.7        7   57   88.9
 13    -
 14    -
 15    -
 16  01 30      5   31   56.7      6   45   73.5       11   76  130.2
 17    -
 18  00 25      7   52   85.4      9  105  136.5       16  157  221.9
 19  05 10      9   72  113.4      9  106  137.2       18  178  250.6
 20  02 30     14  118  180.6      9  128  152.6       23  246  333.2
 21    -
 22  05 55      5   66   81.2      8   78  110.6       13  144  191.8
 23    -
 24  00 45      8  133  149.1      6   65   87.5       14  198  236.6
 25  08 35      6   49   76.3      5   19   48.3       11   68  124.6
 26  00 45      7   72   99.4      6   31   63.7       13  103  163.1
 27  01 35      5   50   70.0      5   27   53.9       10   77  123.9
 28    -
 29    -
 30    -


 Monthly Mean            93.5               77.9                171.4

 --------------------------------------------------------------------

 July      1947     (k = 0.70)

 Date Time(UT)      North              South                Total
      h  m      g    f     R       g    f     R         g    f     R
  1    -
  2  03 30      7   72   99.4      8   57   95.9       15  129  195.3
  3  00 55      9   82  120.4      4   35   52.5       13  117  172.9
  4    -
  5  00 55      6   53   79.1      5   54   72.8       11  107  151.9
  6  05 30      3   31   42.7      6   38   68.6        9   69  111.3
  7  00 15      4   38   54.6      5   57   74.9        9   95  129.5
  8  00 00      6   35   66.5      4   59   69.3       10   94  135.8
  9  05 10      5   22   50.4      8   42   85.4       13   64  135.8
 10  00 40      6   31   63.7      9   52   99.4       15   83  163.1
 11  00 00      6   66   88.2      5   56   74.2       11  122  162.4
 12    -
 13    -
 14  00 30      9   79  118.3      5   14   44.8       14   93  163.1
 15  02 50      8  106  130.2      4   22   43.4       12  128  173.6
 16  01 00      6  104  114.8      8   33   79.1       14  137  193.9
 17  01 05      7  145  150.5      5   16   46.2       12  161  196.7
 18  00 00     10  170  189.0      8   36   81.2       18  206  270.2
 19  00 45      8  204  198.8      6   26   60.2       14  230  259.0
 20  03 00      8  147  158.9      4   41   56.7       12  188  215.6
 21  00 30     11  127  165.9      3   41   49.7       14  168  215.6
 22  07 35      8  133  149.1      6   69   90.3       14  202  239.4
 23  02 35      7  120  133.0      2   48   47.6        9  168  180.6
 24  01 20      8  132  148.4      2   61   56.7       10  193  205.1
 25  05 50      5   57   74.9      6   24   58.8       11   81  133.7
 26  02 30      5   97  102.9      5   35   59.5       10  132  162.4
 27  00 35      5   53   72.1      6   31   63.7       11   84  135.8
 28  00 30      5   48   68.6      7   42   78.4       12   90  147.0
 29  02 19      4   39   55.3      6   53   79.1       10   92  134.4
 30  00 30      5   34   58.8      5   76   88.2       10  110  147.0
 31  01 00      5   24   51.8      4   95   94.5        9  119  146.3

 Monthly Mean           103.9               69.3                173.2

 --------------------------------------------------------------------

 August    1947     (k = 0.70)

 Date Time(UT)      North              South                Total
      h  m      g    f     R       g    f     R         g    f     R
  1    -
  2  00 00      4   36   53.2      3  170  140.0        7  206  193.2
  3  01 00      6   36   67.2      5  182  162.4       11  218  229.6
  3  23 00      4   52   64.4      5  184  163.8        9  236  228.2
  5  01 30      4   35   52.5      6  169  160.3       10  204  212.8
  6  04 30      6   48   75.6      6  162  155.4       12  210  231.0
  7    -
  8  01 20      5  101  105.7      9  225  220.5       14  326  326.2
  9    -
 10    -
 11  00 55      7  143  149.1      9  111  140.7       16  254  289.8
 12  00 55      5  192  169.4      7  105  122.5       12  297  291.9
 13  02 20     10  222  225.4      6   70   91.0       16  292  316.4
 14  01 20     12  268  271.6      6   25   59.5       18  293  331.1
 15  00 30      9  222  218.4      8   43   86.1       17  265  304.5
 15  23 00      9  171  182.7      7   54   86.8       16  225  269.5
 17  00 25      6  112  120.4      7   64   93.8       13  176  214.2
 18  01 05      4   72   78.4      7   59   90.3       11  131  168.7
 19  00 45      4   44   58.8      8   50   91.0       12   94  149.8
 20  00 20      3   21   35.7      7   61   91.7       10   82  127.4
 21  00 25      3   18   33.6      4   50   63.0        7   68   96.6
 22  00 45      5   28   54.6      5   55   73.5       10   83  128.1
 23  00 45      2   11   21.7      4   27   46.9        6   38   68.6
 24  01 15      3   18   33.6      3   21   35.7        6   39   69.3
 25  00 10      4   28   47.6      3   22   36.4        7   50   84.0
 26  00 30      4   44   58.8      2   24   30.8        6   68   89.6
 27  00 30      4   69   76.3      3   32   43.4        7  101  119.7
 28    -
 29  02 20      5   86   95.2      4   68   75.6        9  154  170.8
 30  02 20      5  108  110.6      4   68   75.6        9  176  186.2
 31  02 00      7  137  144.9      5  108  110.6       12  245  255.5

 Monthly Mean           100.2               98.0                198.2

 --------------------------------------------------------------------

 September 1947     (k = 0.70)

 Date Time(UT)      North              South                Total
      h  m      g    f     R       g    f     R         g    f     R
  1  01 00      5   97  102.9      5   70   84.0       10  167  186.9
  2    -
  3  00 30      8   87  116.9      6  112  120.4       14  199  237.3
  4    -
  5  03 00      5   98  103.6      7   82  106.4       12  180  210.0
  6  00 30      5  124  121.8      7   94  114.8       12  218  236.6
  7  01 00      7  123  135.1      8  107  130.9       15  230  266.0
  8  00 40      7   86  109.2      9   61  105.7       16  147  214.9
  9    -
 10    -
 11    -
 12  04 45      6   38   68.6      3   59   62.3        9   97  130.9
 13    -
 14    -
 15    -
 16  05 40      5   81   91.7      3   39   48.3        8  120  140.0
 17  00 15      4   71   77.7      6   42   71.4       10  113  149.1
 18    -
 19    -
 20  00 00      3   68   68.6      3   12   29.4        6   80   98.0
 21    -
 22  05 15      4   64   72.8      2   17   25.9        6   81   98.7
 23  00 25      4   89   90.3      3   23   37.1        7  112  127.4
 23  23 55      4   72   78.4      4   29   48.3        8  101  126.7
 25    -
 26    -
 27  00 45      3   80   77.0     10   64  114.8       13  144  191.8
 28  00 00      3   60   63.0      8   50   91.0       11  110  154.0
 29    -
 30    -


 Monthly Mean            91.8               79.4                171.2

 --------------------------------------------------------------------

 October   1947     (k = 0.70)

 Date Time(UT)      North              South                Total
      h  m      g    f     R       g    f     R         g    f     R
  1  01 00      7  102  120.4      8   84  114.8       15  186  235.2
  2  00 40      5   89   97.3      7   78  103.6       12  167  200.9
  3  00 40      6  157  151.9      8   88  117.6       14  245  269.5
  4  02 50     11  142  176.4      9  117  144.9       20  259  321.3
  5    -
  6    -
  7  00 30      7  162  162.4      5   64   79.8       12  226  242.2
  8  01 00      7  120  133.0      5   19   48.3       12  139  181.3
  9  00 55      8   99  125.3      7   37   74.9       15  136  200.2
 10    -
 11    -
 12    -
 13  01 50      3   15   31.5      3   19   34.3        6   34   65.8
 13  23 45      4   32   50.4      3   22   36.4        7   54   86.8
 14  23 35      3   39   48.3      4   32   50.4        7   71   98.7
 16  00 20      6   45   73.5      5   40   63.0       11   85  136.5
 17    -
 18    -
 19    -
 20    -
 21    -
 22    -
 23  00 15      5   72   85.4      6  108  117.6       11  180  203.0
 24  01 20      7   72   99.4      7   76  102.2       14  148  201.6
 25  02 15      7  107  123.9      8  120  140.0       15  227  263.9
 26  04 55      7   85  108.5      8   84  114.8       15  169  223.3
 27    -
 28  02 25      6   38   68.6      7   39   76.3       13   77  144.9
 29  00 10      6   33   65.1      9   55  101.5       15   88  166.6
 30  01 00      4   28   47.6      7   45   80.5       11   73  128.1
 31    -

 Monthly Mean            98.3               88.9                187.2

 --------------------------------------------------------------------

 November  1947     (k = 0.70)

 Date Time(UT)      North              South                Total
      h  m      g    f     R       g    f     R         g    f     R
  1  01 30      2   12   22.4      7   56   88.2        9   68  110.6
  2  01 30      2    9   20.3      7   41   77.7        9   50   98.0
  3  00 40      3    9   27.3      6   39   69.3        9   48   96.6
  4  00 30      3   20   35.0      4   31   49.7        7   51   84.7
  5  00 20      2   12   22.4      4   18   40.6        6   30   63.0
  6  01 10      3   16   32.2      5   23   51.1        8   39   83.3
  7  01 40      4   17   39.9      3   16   32.2        7   33   72.1
  8  04 00      4   29   48.3      3   23   37.1        7   52   85.4
  9    -
 10  01 00      3   30   42.0      1    1    7.7        4   31   49.7
 11  02 00      3   64   65.8      1    2    8.4        4   66   74.2
 12  00 10      3   43   51.1      1    4    9.8        4   47   60.9
 13  00 15      5   68   82.6      2   17   25.9        7   85  108.5
 14  01 30      5   67   81.9      3   21   35.7        8   88  117.6
 15  03 50      8   54   93.8      6   47   74.9       14  101  168.7
 16  01 00      8   78  110.6     11   97  144.9       19  175  255.5
 17  00 40      8   34   79.8      8   88  117.6       16  122  197.4
 18    -
 19  01 00      5   19   48.3      8   90  119.0       13  109  167.3
 20    -
 21  02 00      5   42   64.4      8  100  126.0       13  142  190.4
 22  06 00      6   36   67.2      8  110  133.0       14  146  200.2
 23  01 50      5   46   67.2      7  100  119.0       12  146  186.2
 24    -
 25    -
 26  01 10      9   39   90.3      9   66  109.2       18  105  199.5
 27  01 00      6   26   60.2      4   59   69.3       10   85  129.5
 28  06 25      6   19   55.3      4   47   60.9       10   66  116.2
 29  02 00      5   21   49.7      8   57   95.9       13   78  145.6
 30  01 55      6   20   56.0      5   32   57.4       11   52  113.4


 Monthly Mean            56.6               70.4                127.0

 --------------------------------------------------------------------

 December  1947     (k = 0.70)

 Date Time(UT)      North              South                Total
      h  m      g    f     R       g    f     R         g    f     R
  1  02 05      4   21   42.7      6   60   84.0       10   81  126.7
  2  01 10      4   18   40.6      6   39   69.3       10   57  109.9
  3  01 15      4   14   37.8      5   41   63.7        9   55  101.5
  4  00 25      4   18   40.6      3   38   47.6        7   56   88.2
  5  02 30      4   27   46.9      3   26   39.2        7   53   86.1
  6  02 00      4   19   41.3      3   45   52.5        7   64   93.8
  7  00 55      4   25   45.5      4   44   58.8        8   69  104.3
  8  04 00      3   29   41.3      4   75   80.5        7  104  121.8
  9  05 45      3   26   39.2      3   73   72.1        6   99  111.3
 10  02 55      3   23   37.1      3   90   84.0        6  113  121.1
 11  00 40      4   26   46.2      3  133  114.1        7  159  160.3
 12  01 30      3   10   28.0      4  111  105.7        7  121  133.7
 13  00 40      3    5   24.5      5   95  101.5        8  100  126.0
 14  01 00      3    4   23.8      6  108  117.6        9  112  141.4
 15  01 30      3    7   25.9      7   89  111.3       10   96  137.2
 16    -
 17  05 50      4   29   48.3      5   67   81.9        9   96  130.2
 18  02 00      5   33   58.1      4   35   52.5        9   68  110.6
 19  00 40      7   52   85.4      4   28   47.6       11   80  133.0
 20  01 00      8   67  102.9      4   18   40.6       12   85  143.5
 21  01 30     10   56  109.2      5   13   44.1       15   69  153.3
 22  02 15      5   53   72.1      5   22   50.4       10   75  122.5
 23  01 15      4   41   56.7      6   35   66.5       10   76  123.2
 24  01 30      3   32   43.4      4   24   44.8        7   56   88.2
 25  00 54      4   27   46.9      5   53   72.1        9   80  119.0
 26  00 50      5   28   54.6      6   98  110.6       11  126  165.2
 27    -
 27    -
 29  01 20      5   25   52.5      5   59   76.3       10   84  128.8
 30  00 40      3   32   43.4      4  115  108.5        7  147  151.9
 31    -

 Monthly Mean            49.4               74.0                123.4

 --------------------------------------------------------------------

