 January   1945     (k = 0.60)

 Date Time(UT)      North              South                Total
      h  m      g    f     R       g    f     R         g    f     R
  1    -
  2  00 50      0    0    0.0      1    2    7.2        1    2    7.2
  3  05 00      0    0    0.0      0    0    0.0        0    0    0.0
  4  01 57      0    0    0.0      0    0    0.0        0    0    0.0
  5  01 00      1    1    6.6      0    0    0.0        1    1    6.6
  6  00 12      2    5   15.0      1    1    6.6        3    6   21.6
  7  00 46      1    4    8.4      1    2    7.2        2    6   15.6
  8  00 29      1    3    7.8      2    4   14.4        3    7   22.2
  9  02 47      0    0    0.0      2    7   16.2        2    7   16.2
 10  00 29      0    0    0.0      2    8   16.8        2    8   16.8
 11  01 42      1    1    6.6      1    2    7.2        2    3   13.8
 12  00 26      1    2    7.2      1    9   11.4        2   11   18.6
 13  00 24      1    2    7.2      1   13   13.8        2   15   21.0
 14  01 49      1    2    7.2      1    9   11.4        2   11   18.6
 15  00 27      1    2    7.2      1    3    7.8        2    5   15.0
 16    -
 17    -
 18  01 11      2    3   13.8      0    0    0.0        2    3   13.8
 19  02 28      2    5   15.0      1    3    7.8        3    8   22.8
 20  01 12      2    4   14.4      0    0    0.0        2    4   14.4
 21  01 18      4   14   32.4      0    0    0.0        4   14   32.4
 22  02 37      4   16   33.6      0    0    0.0        4   16   33.6
 23  01 00      3    9   23.4      0    0    0.0        3    9   23.4
 24  00 50      3    6   21.6      0    0    0.0        3    6   21.6
 24  23 56      3    5   21.0      0    0    0.0        3    5   21.0
 26    -
 27    -
 28    -
 29    -
 30    -
 31    -

 Monthly Mean            11.3                5.8                 17.1

 --------------------------------------------------------------------

 February  1945     (k = 0.60)

 Date Time(UT)      North              South                Total
      h  m      g    f     R       g    f     R         g    f     R
  1  00 00      0    0    0.0      0    0    0.0        0    0    0.0
  2  00 00      0    0    0.0      0    0    0.0        0    0    0.0
  3  00 00      0    0    0.0      0    0    0.0        0    0    0.0
  4  00 00      0    0    0.0      0    0    0.0        0    0    0.0
  5  00 00      0    0    0.0      0    0    0.0        0    0    0.0
  6  00 00      0    0    0.0      0    0    0.0        0    0    0.0
  7  00 00      0    0    0.0      0    0    0.0        0    0    0.0
  8  02 08      0    0    0.0      1    1    6.6        1    1    6.6
  8  23 57      0    0    0.0      1    1    6.6        1    1    6.6
  9  23 55      0    0    0.0      0    0    0.0        0    0    0.0
 11    -
 12    -
 13  01 15      0    0    0.0      0    0    0.0        0    0    0.0
 14  00 16      1    2    7.2      0    0    0.0        1    2    7.2
 15  04 53      1    7   10.2      0    0    0.0        1    7   10.2
 16  03 06      1    8   10.8      0    0    0.0        1    8   10.8
 17  02 22      1    6    9.6      0    0    0.0        1    6    9.6
 18  00 42      1    9   11.4      0    0    0.0        1    9   11.4
 19  00 25      1   13   13.8      1    3    7.8        2   16   21.6
 20  00 05      1    5    9.0      2    5   15.0        3   10   24.0
 21  04 15      1    1    6.6      0    0    0.0        1    1    6.6
 22    -
 23  01 29      0    0    0.0      1    1    6.6        1    1    6.6
 24  01 07      0    0    0.0      1    4    8.4        1    4    8.4
 25    -
 26    -
 27  00 49      0    0    0.0      2    9   17.4        2    9   17.4
 28  00 57      0    0    0.0      1   11   12.6        1   11   12.6


 Monthly Mean             3.4                3.5                  6.9

 --------------------------------------------------------------------

 March     1945     (k = 0.60)

 Date Time(UT)      North              South                Total
      h  m      g    f     R       g    f     R         g    f     R
  1  00 35      0    0    0.0      1    5    9.0        1    5    9.0
  2    -
  3  00 28      0    0    0.0      3    8   22.8        3    8   22.8
  4    -
  5  05 19      0    0    0.0      2    3   13.8        2    3   13.8
  6  03 38      0    0    0.0      1    2    7.2        1    2    7.2
  7  01 04      0    0    0.0      1    3    7.8        1    3    7.8
  8  00 49      0    0    0.0      2    6   15.6        2    6   15.6
  9  00 31      0    0    0.0      2    5   15.0        2    5   15.0
 10  01 10      0    0    0.0      2   11   18.6        2   11   18.6
 10  22 58      0    0    0.0      2   10   18.0        2   10   18.0
 12  01 28      0    0    0.0      2    8   16.8        2    8   16.8
 13  01 05      0    0    0.0      2   15   21.0        2   15   21.0
 14  04 23      0    0    0.0      1    8   10.8        1    8   10.8
 15    -
 16  00 19      0    0    0.0      0    0    0.0        0    0    0.0
 17  00 25      1    1    6.6      0    0    0.0        1    1    6.6
 18  00 15      1    3    7.8      0    0    0.0        1    3    7.8
 19  00 11      1    3    7.8      0    0    0.0        1    3    7.8
 20  01 56      0    0    0.0      0    0    0.0        0    0    0.0
 21  00 01      1    3    7.8      0    0    0.0        1    3    7.8
 22  06 21      0    0    0.0      1    7   10.2        1    7   10.2
 23  02 27      0    0    0.0      1    7   10.2        1    7   10.2
 23  23 59      0    0    0.0      1   13   13.8        1   13   13.8
 25  00 12      0    0    0.0      1   28   22.8        1   28   22.8
 26  00 07      0    0    0.0      1   22   19.2        1   22   19.2
 27  00 45      0    0    0.0      2   19   23.4        2   19   23.4
 28  00 04      1    1    6.6      2   40   36.0        3   41   42.6
 29  00 45      1    2    7.2      3   60   54.0        4   62   61.2
 30  00 35      1    2    7.2      3   55   51.0        4   57   58.2
 31  00 34      1    3    7.8      4   71   66.6        5   74   74.4

 Monthly Mean             2.1               17.3                 19.4

 --------------------------------------------------------------------

 April     1945     (k = 0.70)

 Date Time(UT)      North              South                Total
      h  m      g    f     R       g    f     R         g    f     R
  1  00 35      1    1    7.7      3   44   51.8        4   45   59.5
  1  23 26      1    6   11.2      3   50   56.0        4   56   67.2
  3  00 33      1    4    9.8      3   37   46.9        4   41   56.7
  4    -
  5  00 52      1    1    7.7      2   25   31.5        3   26   39.2
  6  01 45      1    1    7.7      2   28   33.6        3   29   41.3
  7  03 22      1    1    7.7      2   13   23.1        3   14   30.8
  8    -
  9    -
 10    -
 10  23 37      0    0    0.0      0    0    0.0        0    0    0.0
 11  23 01      0    0    0.0      0    0    0.0        0    0    0.0
 13  01 15      0    0    0.0      1    1    7.7        1    1    7.7
 14  00 55      0    0    0.0      1    3    9.1        1    3    9.1
 15  00 14      0    0    0.0      1    5   10.5        1    5   10.5
 16  02 19      0    0    0.0      1    4    9.8        1    4    9.8
 17  01 40      0    0    0.0      1   10   14.0        1   10   14.0
 18  00 40      0    0    0.0      2   17   25.9        2   17   25.9
 19    -
 20  00 13      0    0    0.0      2   22   29.4        2   22   29.4
 21  00 40      0    0    0.0      2   30   35.0        2   30   35.0
 22  00 12      0    0    0.0      2   23   30.1        2   23   30.1
 23  01 30      0    0    0.0      2   23   30.1        2   23   30.1
 24  01 27      0    0    0.0      2   31   35.7        2   31   35.7
 25  00 11      0    0    0.0      4   38   54.6        4   38   54.6
 26  01 37      0    0    0.0      3   24   37.8        3   24   37.8
 27  00 05      0    0    0.0      4   44   58.8        4   44   58.8
 27  23 58      0    0    0.0      3   47   53.9        3   47   53.9
 29  05 37      0    0    0.0      2   39   41.3        2   39   41.3
 29  23 55      0    0    0.0      4   37   53.9        4   37   53.9


 Monthly Mean             2.1               31.2                 33.3

 --------------------------------------------------------------------

 May       1945     (k = 0.70)

 Date Time(UT)      North              South                Total
      h  m      g    f     R       g    f     R         g    f     R
  1  01 14      0    0    0.0      4   37   53.9        4   37   53.9
  2    -
  3    -
  3  23 31      1    1    7.7      3   24   37.8        4   25   45.5
  5  00 27      1    2    8.4      2   12   22.4        3   14   30.8
  6  04 26      0    0    0.0      3   20   35.0        3   20   35.0
  7  03 01      0    0    0.0      3   29   41.3        3   29   41.3
  8    -
  9  06 50      0    0    0.0      4   13   37.1        4   13   37.1
 10  01 43      0    0    0.0      3    5   24.5        3    5   24.5
 11    -
 12  06 45      0    0    0.0      1    2    8.4        1    2    8.4
 12  22 57      0    0    0.0      1    1    7.7        1    1    7.7
 14  04 04      0    0    0.0      0    0    0.0        0    0    0.0
 15    -
 16    -
 16  23 26      1    2    8.4      2   20   28.0        3   22   36.4
 17  23 45      1    1    7.7      3   27   39.9        4   28   47.6
 19    -
 20    -
 20  23 19      1    2    8.4      2    8   19.6        3   10   28.0
 22  02 55      1    7   11.9      2    6   18.2        3   13   30.1
 23    -
 24    -
 25  00 16      1    5   10.5      3   12   29.4        4   17   39.9
 26    -
 27  04 30      0    0    0.0      3   11   28.7        3   11   28.7
 28  00 00      0    0    0.0      2    4   16.8        2    4   16.8
 29    -
 30  00 35      1    9   13.3      1    2    8.4        2   11   21.7
 31  02 42      1   12   15.4      2    8   19.6        3   20   35.0

 Monthly Mean             4.8               25.1                 29.9

 --------------------------------------------------------------------

 June      1945     (k = 0.70)

 Date Time(UT)      North              South                Total
      h  m      g    f     R       g    f     R         g    f     R
  1    -
  2    -
  3  00 15      2    3   16.1      1    1    7.7        3    4   23.8
  4  00 23      0    0    0.0      1    2    8.4        1    2    8.4
  5  00 00      0    0    0.0      1    2    8.4        1    2    8.4
  6  04 36      1    3    9.1      1    7   11.9        2   10   21.0
  7    -
  8  05 36      0    0    0.0      1    6   11.2        1    6   11.2
  9    -
 10    -
 11    -
 12    -
 13    -
 14    -
 15    -
 16  05 28      0    0    0.0      4   37   53.9        4   37   53.9
 17  04 25      0    0    0.0      3   41   49.7        3   41   49.7
 18    -
 19  00 25      0    0    0.0      3   38   47.6        3   38   47.6
 20  06 45      1   16   18.2      4   25   45.5        5   41   63.7
 21  00 23      1    8   12.6      4   25   45.5        5   33   58.1
 21  23 35      1   10   14.0      3   26   39.2        4   36   53.2
 23  00 55      1    5   10.5      3   32   43.4        4   37   53.9
 24    -
 25  00 45      1    1    7.7      1   25   24.5        2   26   32.2
 25  23 13      0    0    0.0      1   22   22.4        1   22   22.4
 27    -
 27  23 38      0    0    0.0      1   18   19.6        1   18   19.6
 29    -
 30    -


 Monthly Mean             5.9               29.3                 35.1

 --------------------------------------------------------------------

 July      1945     (k = 0.70)

 Date Time(UT)      North              South                Total
      h  m      g    f     R       g    f     R         g    f     R
  1  06 15      0    0    0.0      2    3   16.1        2    3   16.1
  2  04 00      0    0    0.0      1    1    7.7        1    1    7.7
  3  04 00      0    0    0.0      0    0    0.0        0    0    0.0
  4    -
  5  01 47      0    0    0.0      2    8   19.6        2    8   19.6
  6  00 25      0    0    0.0      2    9   20.3        2    9   20.3
  7    -
  8  02 00      0    0    0.0      1    1    7.7        1    1    7.7
  8  23 40      1    4    9.8      1    2    8.4        2    6   18.2
 10  00 50      2   10   21.0      1   12   15.4        3   22   36.4
 11    -
 12  06 25      2   25   31.5      1   16   18.2        3   41   49.7
 13  06 25      2   48   47.6      2   34   37.8        4   82   85.4
 14    -
 15    -
 16  00 45      2   14   23.8      2   25   31.5        4   39   55.3
 17    -
 18  01 50      1    3    9.1      3   36   46.2        4   39   55.3
 19  00 25      2   13   23.1      4   37   53.9        6   50   77.0
 20    -
 21    -
 21  22 00      1   22   22.4      2    3   16.1        3   25   38.5
 23    -
 24    -
 24  22 55      2   21   28.7      0    0    0.0        2   21   28.7
 25  23 40      2   10   21.0      0    0    0.0        2   10   21.0
 27  00 10      2    4   16.8      0    0    0.0        2    4   16.8
 27  23 10      2   10   21.0      1    1    7.7        3   11   28.7
 29  02 30      2    6   18.2      0    0    0.0        2    6   18.2
 30  00 30      2    3   16.1      0    0    0.0        2    3   16.1


 Monthly Mean            15.5               15.3                 30.8

 --------------------------------------------------------------------

 August    1945     (k = 0.70)

 Date Time(UT)      North              South                Total
      h  m      g    f     R       g    f     R         g    f     R
  1  00 25      1    3    9.1      0    0    0.0        1    3    9.1
  1  23 40      3    9   27.3      0    0    0.0        3    9   27.3
  3  04 03      2    7   18.9      0    0    0.0        2    7   18.9
  4    -
  5  02 05      1    4    9.8      1    3    9.1        2    7   18.9
  6  04 20      1    3    9.1      1    5   10.5        2    8   19.6
  6  23 45      2    3   16.1      2    4   16.8        4    7   32.9
  7  23 05      1    5   10.5      1    2    8.4        2    7   18.9
  9  06 25      1   13   16.1      0    0    0.0        1   13   16.1
 10  03 30      1   13   16.1      1    2    8.4        2   15   24.5
 11  06 40      1   22   22.4      1    1    7.7        2   23   30.1
 11  23 10      2   34   37.8      0    0    0.0        2   34   37.8
 13  02 00      2   36   39.2      0    0    0.0        2   36   39.2
 14    -
 15  04 13      2   45   45.5      0    0    0.0        2   45   45.5
 16  03 35      2   56   53.2      0    0    0.0        2   56   53.2
 17  03 05      2   43   44.1      0    0    0.0        2   43   44.1
 18  01 00      2   25   31.5      1    4    9.8        3   29   41.3
 19  01 55      4   12   36.4      1    4    9.8        5   16   46.2
 20  05 05      2    4   16.8      1    4    9.8        3    8   26.6
 21  05 20      0    0    0.0      0    0    0.0        0    0    0.0
 22    -
 23    -
 24    -
 25    -
 26    -
 26  23 10      0    0    0.0      0    0    0.0        0    0    0.0
 28  06 15      0    0    0.0      1    3    9.1        1    3    9.1
 28  23 06      0    0    0.0      1    5   10.5        1    5   10.5
 30  06 30      0    0    0.0      1    4    9.8        1    4    9.8
 31    -

 Monthly Mean            20.0                5.2                 25.2

 --------------------------------------------------------------------

 September 1945     (k = 0.70)

 Date Time(UT)      North              South                Total
      h  m      g    f     R       g    f     R         g    f     R
  1    -
  2    -
  3    -
  4    -
  5  05 00      0    0    0.0      1    4    9.8        1    4    9.8
  6  04 55      1   13   16.1      1   11   14.7        2   24   30.8
  7    -
  8    -
  9  05 50      1    9   13.3      2    9   20.3        3   18   33.6
 10    -
 11    -
 12    -
 13    -
 14    -
 15    -
 16  00 45      0    0    0.0      0    0    0.0        0    0    0.0
 17  04 10      0    0    0.0      0    0    0.0        0    0    0.0
 18    -
 18  23 30      0    0    0.0      1    4    9.8        1    4    9.8
 19  23 37      0    0    0.0      1    7   11.9        1    7   11.9
 21  05 10      0    0    0.0      1    3    9.1        1    3    9.1
 22    -
 23    -
 24  02 10      2   23   30.1      2   48   47.6        4   71   77.7
 25  00 27      2   22   29.4      1   45   38.5        3   67   67.9
 25  23 50      2   23   30.1      1   27   25.9        3   50   56.0
 27    -
 28  04 45      1    3    9.1      2   18   26.6        3   21   35.7
 29  00 30      2   16   25.2      2    9   20.3        4   25   45.5
 30  00 55      2   27   32.9      3   12   29.4        5   39   62.3


 Monthly Mean            13.3               18.9                 32.2

 --------------------------------------------------------------------

 October   1945     (k = 0.70)

 Date Time(UT)      North              South                Total
      h  m      g    f     R       g    f     R         g    f     R
  1    -
  2    -
  3  00 25      1   19   20.3      1   25   24.5        2   44   44.8
  4    -
  5    -
  5  23 45      2   37   39.9      1   24   23.8        3   61   63.7
  6  23 55      2   48   47.6      1   15   17.5        3   63   65.1
  8    -
  9    -
 10    -
 11    -
 12  00 05      1    4    9.8      1   12   15.4        2   16   25.2
 12  23 25      2    3   16.1      2   15   24.5        4   18   40.6
 14  01 15      2    5   17.5      2   14   23.8        4   19   41.3
 14  23 40      1    5   10.5      4   13   37.1        5   18   47.6
 15  23 47      1    7   11.9      3   11   28.7        4   18   40.6
 17  00 00      1    8   12.6      1   25   24.5        2   33   37.1
 18    -
 19    -
 20    -
 21    -
 22    -
 23    -
 24    -
 24  23 50      2   14   23.8      2   17   25.9        4   31   49.7
 26    -
 27  01 20      3   23   37.1      3   15   31.5        6   38   68.6
 27  23 50      3   39   48.3      4   29   48.3        7   68   96.6
 29  01 00      3   41   49.7      4   26   46.2        7   67   95.9
 29  23 50      2   45   45.5      3   26   39.2        5   71   84.7
 31    -

 Monthly Mean            27.9               29.4                 57.2

 --------------------------------------------------------------------

 November  1945     (k = 0.70)

 Date Time(UT)      North              South                Total
      h  m      g    f     R       g    f     R         g    f     R
  1  00 15      2   16   25.2      4   26   46.2        6   42   71.4
  2    -
  3  00 10      1    1    7.7      3    8   26.6        4    9   34.3
  3  23 30      1    2    8.4      3   11   28.7        4   13   37.1
  5  01 40      0    0    0.0      3   10   28.0        3   10   28.0
  6  00 25      0    0    0.0      4   13   37.1        4   13   37.1
  7  00 25      0    0    0.0      4   15   38.5        4   15   38.5
  8  00 35      0    0    0.0      2    7   18.9        2    7   18.9
  9  03 35      0    0    0.0      4   11   35.7        4   11   35.7
 10  00 55      0    0    0.0      2    5   17.5        2    5   17.5
 11  03 10      0    0    0.0      2    6   18.2        2    6   18.2
 12  01 55      1   14   16.8      3    9   27.3        4   23   44.1
 13  04 40      1    6   11.2      3   15   31.5        4   21   42.7
 14    -
 15    -
 16  02 50      1    2    8.4      3   24   37.8        4   26   46.2
 17  01 50      0    0    0.0      4   21   42.7        4   21   42.7
 18  00 55      0    0    0.0      4   43   58.1        4   43   58.1
 19  03 05      1    1    7.7      3   13   30.1        4   14   37.8
 20    -
 21    -
 22    -
 23  01 15      1    9   13.3      2    8   19.6        3   17   32.9
 24  01 15      2   32   36.4      2    6   18.2        4   38   54.6
 25  04 00      2   42   43.4      2    5   17.5        4   47   60.9
 26  02 30      3   38   47.6      1    3    9.1        4   41   56.7
 27    -
 28  00 20      2   18   26.6      2    5   17.5        4   23   44.1
 29    -
 30    -


 Monthly Mean            12.0               28.8                 40.8

 --------------------------------------------------------------------

 December  1945     (k = 0.70)

 Date Time(UT)      North              South                Total
      h  m      g    f     R       g    f     R         g    f     R
  1  00 25      1   11   14.7      2   37   39.9        3   48   54.6
  2  00 55      1    4    9.8      1   21   21.7        2   25   31.5
  3  01 40      0    0    0.0      1   35   31.5        1   35   31.5
  4  00 40      0    0    0.0      2   29   34.3        2   29   34.3
  5  04 20      0    0    0.0      2   33   37.1        2   33   37.1
  6  00 40      0    0    0.0      2   24   30.8        2   24   30.8
  7  01 45      0    0    0.0      1   10   14.0        1   10   14.0
  8    -
  9  01 15      0    0    0.0      1    6   11.2        1    6   11.2
 10  02 15      0    0    0.0      1    6   11.2        1    6   11.2
 11  00 25      0    0    0.0      1    9   13.3        1    9   13.3
 12  01 50      0    0    0.0      1    8   12.6        1    8   12.6
 13  01 45      1    5   10.5      1    9   13.3        2   14   23.8
 14  00 45      2    4   16.8      1    4    9.8        3    8   26.6
 15  00 30      2    3   16.1      1    2    8.4        3    5   24.5
 16  01 05      2    5   17.5      1    2    8.4        3    7   25.9
 17    -
 18  00 20      3   13   30.1      0    0    0.0        3   13   30.1
 19  00 10      3   10   28.0      0    0    0.0        3   10   28.0
 20  00 40      2   11   21.7      0    0    0.0        2   11   21.7
 21  00 25      2    9   20.3      0    0    0.0        2    9   20.3
 22  00 20      2    5   17.5      0    0    0.0        2    5   17.5
 23  03 00      2    9   20.3      0    0    0.0        2    9   20.3
 24  00 50      2    3   16.1      0    0    0.0        2    3   16.1
 25  02 40      1    2    8.4      1    3    9.1        2    5   17.5
 26  00 20      1    2    8.4      1    3    9.1        2    5   17.5
 27    -
 28  00 50      1    2    8.4      1    4    9.8        2    6   18.2
 29  03 10      0    0    0.0      1    6   11.2        1    6   11.2
 30  00 20      0    0    0.0      1   14   16.8        1   14   16.8
 31  00 30      0    0    0.0      2   10   21.0        2   10   21.0

 Monthly Mean             9.4               13.4                 22.8

 --------------------------------------------------------------------

