 January   1987     (k = 0.60)

 Date Time(UT)      North              South                Total
      h  m      g    f     R       g    f     R         g    f     R
  1  01 00      1    8   10.8      0    0    0.0        1    8   10.8
  2    -
  3  03 05      1    3    7.8      0    0    0.0        1    3    7.8
  4  00 48      1    6    9.6      0    0    0.0        1    6    9.6
  5    -
  6  03 10      1    2    7.2      0    0    0.0        1    2    7.2
  7  04 10      1    1    6.6      1    1    6.6        2    2   13.2
  8  00 20      0    0    0.0      0    0    0.0        0    0    0.0
  9  00 20      0    0    0.0      0    0    0.0        0    0    0.0
 10  00 30      0    0    0.0      0    0    0.0        0    0    0.0
 11  00 36      0    0    0.0      0    0    0.0        0    0    0.0
 12  00 10      0    0    0.0      0    0    0.0        0    0    0.0
 13  00 55      0    0    0.0      0    0    0.0        0    0    0.0
 14  00 20      0    0    0.0      0    0    0.0        0    0    0.0
 15  00 20      0    0    0.0      1    1    6.6        1    1    6.6
 16  00 15      0    0    0.0      0    0    0.0        0    0    0.0
 17  00 05      0    0    0.0      0    0    0.0        0    0    0.0
 18  00 05      0    0    0.0      1    2    7.2        1    2    7.2
 19  03 35      0    0    0.0      1    1    6.6        1    1    6.6
 20  00 05      0    0    0.0      1    1    6.6        1    1    6.6
 21  00 10      0    0    0.0      2    5   15.0        2    5   15.0
 22  00 20      0    0    0.0      1   19   17.4        1   19   17.4
 23    -
 24    -
 25  04 26      0    0    0.0      1    2    7.2        1    2    7.2
 26  00 45      1    2    7.2      1    1    6.6        2    3   13.8
 27  00 05      1    3    7.8      0    0    0.0        1    3    7.8
 28  00 05      1    5    9.0      1    1    6.6        2    6   15.6
 29  00 05      1    3    7.8      1    3    7.8        2    6   15.6
 30  00 05      0    0    0.0      0    0    0.0        0    0    0.0
 31  00 10      0    0    0.0      0    0    0.0        0    0    0.0

 Monthly Mean             2.7                3.5                  6.2

 --------------------------------------------------------------------

 February  1987     (k = 0.60)

 Date Time(UT)      North              South                Total
      h  m      g    f     R       g    f     R         g    f     R
  1  00 46      0    0    0.0      0    0    0.0        0    0    0.0
  2    -
  3  00 40      0    0    0.0      0    0    0.0        0    0    0.0
  4  02 10      0    0    0.0      0    0    0.0        0    0    0.0
  5  00 30      0    0    0.0      0    0    0.0        0    0    0.0
  6  00 25      0    0    0.0      0    0    0.0        0    0    0.0
  7  02 25      0    0    0.0      0    0    0.0        0    0    0.0
  8  01 10      0    0    0.0      0    0    0.0        0    0    0.0
  9  00 10      0    0    0.0      0    0    0.0        0    0    0.0
 10  00 10      0    0    0.0      1    2    7.2        1    2    7.2
 11  00 30      0    0    0.0      0    0    0.0        0    0    0.0
 12  00 15      0    0    0.0      0    0    0.0        0    0    0.0
 13    -
 14  00 05      0    0    0.0      0    0    0.0        0    0    0.0
 15  05 24      1    2    7.2      0    0    0.0        1    2    7.2
 16  00 55      0    0    0.0      0    0    0.0        0    0    0.0
 17    -
 18    -
 19  00 15      0    0    0.0      0    0    0.0        0    0    0.0
 20  02 05      0    0    0.0      0    0    0.0        0    0    0.0
 21  00 40      0    0    0.0      0    0    0.0        0    0    0.0
 22    -
 23  01 40      0    0    0.0      0    0    0.0        0    0    0.0
 24  00 05      0    0    0.0      0    0    0.0        0    0    0.0
 25  00 05      1    2    7.2      0    0    0.0        1    2    7.2
 26  00 15      1    2    7.2      1    1    6.6        2    3   13.8
 27  00 10      1    2    7.2      0    0    0.0        1    2    7.2
 28  00 20      1    6    9.6      0    0    0.0        1    6    9.6




 Monthly Mean             1.7                0.6                  2.3

 --------------------------------------------------------------------

 March     1987     (k = 0.60)

 Date Time(UT)      North              South                Total
      h  m      g    f     R       g    f     R         g    f     R
  1  00 30      1    2    7.2      0    0    0.0        1    2    7.2
  2  00 10      1    3    7.8      1    3    7.8        2    6   15.6
  3  00 40      1    3    7.8      1    5    9.0        2    8   16.8
  4  02 00      1    3    7.8      0    0    0.0        1    3    7.8
  5  01 05      1    1    6.6      1    2    7.2        2    3   13.8
  6  00 25      2   18   22.8      0    0    0.0        2   18   22.8
  7  00 50      1   14   14.4      0    0    0.0        1   14   14.4
  8  03 55      1   19   17.4      0    0    0.0        1   19   17.4
  9  00 35      1   14   14.4      0    0    0.0        1   14   14.4
 10  00 10      1    3    7.8      0    0    0.0        1    3    7.8
 11  05 50      0    0    0.0      0    0    0.0        0    0    0.0
 12  00 10      0    0    0.0      0    0    0.0        0    0    0.0
 13    -
 14    -
 15  01 25      0    0    0.0      1    2    7.2        1    2    7.2
 16  00 20      0    0    0.0      1    2    7.2        1    2    7.2
 17    -
 18  00 20      0    0    0.0      2   12   19.2        2   12   19.2
 19    -
 20  02 05      0    0    0.0      0    0    0.0        0    0    0.0
 21    -
 22    -
 23    -
 24    -
 25  00 10      1    8   10.8      0    0    0.0        1    8   10.8
 26  02 50      1    2    7.2      0    0    0.0        1    2    7.2
 27  00 15      1    3    7.8      0    0    0.0        1    3    7.8
 28  00 10      1    4    8.4      0    0    0.0        1    4    8.4
 29    -
 30  00 05      1    7   10.2      1    1    6.6        2    8   16.8
 31  00 20      2   11   18.6      0    0    0.0        2   11   18.6

 Monthly Mean             8.1                2.9                 11.0

 --------------------------------------------------------------------

 April     1987     (k = 0.60)

 Date Time(UT)      North              South                Total
      h  m      g    f     R       g    f     R         g    f     R
  1  01 20      1    9   11.4      0    0    0.0        1    9   11.4
  2  05 35      1    4    8.4      0    0    0.0        1    4    8.4
  3  05 10      1    2    7.2      0    0    0.0        1    2    7.2
  4  00 00      1    2    7.2      0    0    0.0        1    2    7.2
  5  00 49      1    2    7.2      1    4    8.4        2    6   15.6
  6  00 15      1    2    7.2      1   20   18.0        2   22   25.2
  7    -
  8  00 00      0    0    0.0      4   45   51.0        4   45   51.0
  9  00 45      0    0    0.0      5   49   59.4        5   49   59.4
 10    -
 11  00 00      0    0    0.0      4   47   52.2        4   47   52.2
 12    -
 13  02 40      1    2    7.2      4   56   57.6        5   58   64.8
 14  00 05      1    2    7.2      5   49   59.4        6   51   66.6
 15  00 05      2    7   16.2      5   50   60.0        7   57   76.2
 16  00 10      1    4    8.4      5   52   61.2        6   56   69.6
 17  00 10      0    0    0.0      5   36   51.6        5   36   51.6
 18  00 00      2    3   13.8      2   31   30.6        4   34   44.4
 19  00 20      1    1    6.6      2    9   17.4        3   10   24.0
 20  00 10      2    2   13.2      1    3    7.8        3    5   21.0
 21  00 00      0    0    0.0      2    5   15.0        2    5   15.0
 22  00 10      3    5   21.0      2    2   13.2        5    7   34.2
 23  00 10      2    6   15.6      1    1    6.6        3    7   22.2
 24  00 10      2   11   18.6      1    1    6.6        3   12   25.2
 25  00 05      2   11   18.6      0    0    0.0        2   11   18.6
 26    -
 27  00 05      2    4   14.4      0    0    0.0        2    4   14.4
 28  00 00      1    3    7.8      0    0    0.0        1    3    7.8
 29  00 30      1    2    7.2      1    2    7.2        2    4   14.4
 30  00 20      1    5    9.0      1    9   11.4        2   14   20.4


 Monthly Mean             9.0               22.9                 31.9

 --------------------------------------------------------------------

 May       1987     (k = 0.60)

 Date Time(UT)      North              South                Total
      h  m      g    f     R       g    f     R         g    f     R
  1    -
  2  01 40      1    4    8.4      2    6   15.6        3   10   24.0
  3  01 50      1    4    8.4      2    6   15.6        3   10   24.0
  4  00 50      0    0    0.0      2    4   14.4        2    4   14.4
  5  00 25      0    0    0.0      2    9   17.4        2    9   17.4
  5  23 05      0    0    0.0      2   12   19.2        2   12   19.2
  7  00 10      0    0    0.0      4   28   40.8        4   28   40.8
  8  00 15      0    0    0.0      3   17   28.2        3   17   28.2
  9  00 10      0    0    0.0      1   22   19.2        1   22   19.2
 10  00 30      0    0    0.0      1   13   13.8        1   13   13.8
 11  00 10      0    0    0.0      2   15   21.0        2   15   21.0
 12  00 05      0    0    0.0      2   17   22.2        2   17   22.2
 13  00 20      1    4    8.4      1    8   10.8        2   12   19.2
 14    -
 15  04 10      2    3   13.8      2    7   16.2        4   10   30.0
 16  00 20      1   16   15.6      2   10   18.0        3   26   33.6
 17    -
 18  00 15      1   25   21.0      3   15   27.0        4   40   48.0
 19  03 20      1   39   29.4      3   13   25.8        4   52   55.2
 20  00 10      1   40   30.0      2   10   18.0        3   50   48.0
 21  00 10      1   54   38.4      1    5    9.0        2   59   47.4
 22  00 05      1   33   25.8      1    1    6.6        2   34   32.4
 23    -
 24    -
 25  00 10      1   44   32.4      0    0    0.0        1   44   32.4
 26  00 00      2   39   35.4      0    0    0.0        2   39   35.4
 27  03 05      2   29   29.4      0    0    0.0        2   29   29.4
 28  00 05      2   24   26.4      0    0    0.0        2   24   26.4
 29  00 05      1   10   12.0      0    0    0.0        1   10   12.0
 30  00 45      1    6    9.6      0    0    0.0        1    6    9.6
 31  01 10      1    2    7.2      0    0    0.0        1    2    7.2

 Monthly Mean            13.5               13.8                 27.3

 --------------------------------------------------------------------

 June      1987     (k = 0.60)

 Date Time(UT)      North              South                Total
      h  m      g    f     R       g    f     R         g    f     R
  1  00 10      1    4    8.4      0    0    0.0        1    4    8.4
  1  23 55      2    4   14.4      0    0    0.0        2    4   14.4
  2  23 50      0    0    0.0      0    0    0.0        0    0    0.0
  4  00 10      0    0    0.0      0    0    0.0        0    0    0.0
  5  00 10      0    0    0.0      2    2   13.2        2    2   13.2
  6  00 05      0    0    0.0      0    0    0.0        0    0    0.0
  7  00 25      0    0    0.0      0    0    0.0        0    0    0.0
  8  00 15      0    0    0.0      0    0    0.0        0    0    0.0
  9  00 10      0    0    0.0      0    0    0.0        0    0    0.0
 10    -
 11  00 05      0    0    0.0      0    0    0.0        0    0    0.0
 12  00 10      0    0    0.0      2    9   17.4        2    9   17.4
 13  02 40      1    1    6.6      0    0    0.0        1    1    6.6
 14  02 20      2    2   13.2      0    0    0.0        2    2   13.2
 15    -
 16  00 05      0    0    0.0      0    0    0.0        0    0    0.0
 17  00 10      2    4   14.4      1    2    7.2        3    6   21.6
 18  00 05      1    1    6.6      2    6   15.6        3    7   22.2
 19  01 50      1    5    9.0      2    5   15.0        3   10   24.0
 20    -
 21    -
 22  00 10      2   17   22.2      1    7   10.2        3   24   32.4
 23  00 10      2   33   31.8      1    6    9.6        3   39   41.4
 24  00 55      1   31   24.6      1    4    8.4        2   35   33.0
 25  01 40      2   20   24.0      1    2    7.2        3   22   31.2
 26  00 05      2   26   27.6      1    1    6.6        3   27   34.2
 27    -
 28  01 40      2    6   15.6      2    4   14.4        4   10   30.0
 29    -
 30  03 00      2    5   15.0      0    0    0.0        2    5   15.0


 Monthly Mean             9.7                5.2                 14.9

 --------------------------------------------------------------------

 July      1987     (k = 0.60)

 Date Time(UT)      North              South                Total
      h  m      g    f     R       g    f     R         g    f     R
  1    -
  2  00 10      0    0    0.0      0    0    0.0        0    0    0.0
  3    -
  4  00 10      0    0    0.0      0    0    0.0        0    0    0.0
  5    -
  6  01 15      0    0    0.0      0    0    0.0        0    0    0.0
  7  00 10      0    0    0.0      1    2    7.2        1    2    7.2
  8  00 05      0    0    0.0      1    4    8.4        1    4    8.4
  9  00 20      0    0    0.0      1    3    7.8        1    3    7.8
 10  00 05      0    0    0.0      1    5    9.0        1    5    9.0
 11  00 30      0    0    0.0      0    0    0.0        0    0    0.0
 12    -
 13  00 15      0    0    0.0      0    0    0.0        0    0    0.0
 14  00 05      0    0    0.0      0    0    0.0        0    0    0.0
 15  00 05      0    0    0.0      0    0    0.0        0    0    0.0
 16  00 05      1    3    7.8      0    0    0.0        1    3    7.8
 17  00 20      0    0    0.0      1    5    9.0        1    5    9.0
 18    -
 19    -
 20    -
 21  02 05      1    9   11.4      3   34   38.4        4   43   49.8
 22  00 10      1    8   10.8      5   38   52.8        6   46   63.6
 23  00 15      4    8   28.8      5   64   68.4        9   72   97.2
 24  00 05      2    7   16.2      4   74   68.4        6   81   84.6
 25  00 35      1   13   13.8      4   81   72.6        5   94   86.4
 26  02 00      1   15   15.0      4   54   56.4        5   69   71.4
 27  00 05      1   18   16.8      4   49   53.4        5   67   70.2
 28  00 00      1   26   21.6      5   41   54.6        6   67   76.2
 29  00 00      1   26   21.6      5   41   54.6        6   67   76.2
 30  00 00      2   32   31.2      3   14   26.4        5   46   57.6
 31  00 10      3   33   37.8      3   20   30.0        6   53   67.8

 Monthly Mean             9.7               25.7                 35.4

 --------------------------------------------------------------------

 August    1987     (k = 0.60)

 Date Time(UT)      North              South                Total
      h  m      g    f     R       g    f     R         g    f     R
  1  01 10      3   35   39.0      2    4   14.4        5   39   53.4
  2    -
  3    -
  4  01 10      1    9   11.4      1   14   14.4        2   23   25.8
  5  00 00      1    6    9.6      1   22   19.2        2   28   28.8
  6  03 10      1    2    7.2      1   14   14.4        2   16   21.6
  7  02 10      1    2    7.2      1   34   26.4        2   36   33.6
  8  00 10      1    1    6.6      1   34   26.4        2   35   33.0
  9  00 45      1    2    7.2      1   40   30.0        2   42   37.2
 10  00 15      1    3    7.8      2   25   27.0        3   28   34.8
 11  00 10      2    5   15.0      3   22   31.2        5   27   46.2
 12  00 10      2    5   15.0      4   32   43.2        6   37   58.2
 13  00 10      0    0    0.0      4   34   44.4        4   34   44.4
 14  00 10      0    0    0.0      3   25   33.0        3   25   33.0
 15  00 05      0    0    0.0      3   44   44.4        3   44   44.4
 16  00 57      0    0    0.0      4   54   56.4        4   54   56.4
 17  00 15      0    0    0.0      3   38   40.8        3   38   40.8
 18  00 40      0    0    0.0      3   38   40.8        3   38   40.8
 19  00 10      0    0    0.0      3   25   33.0        3   25   33.0
 20  00 10      0    0    0.0      3   42   43.2        3   42   43.2
 21  00 25      0    0    0.0      4   34   44.4        4   34   44.4
 22  02 45      1    2    7.2      1   11   12.6        2   13   19.8
 23    -
 24  00 05      2   15   21.0      2    6   15.6        4   21   36.6
 25    -
 26  00 15      2   34   32.4      0    0    0.0        2   34   32.4
 27  00 00      2   20   24.0      0    0    0.0        2   20   24.0
 28  03 30      1    8   10.8      1    1    6.6        2    9   17.4
 29  00 10      1    5    9.0      1    1    6.6        2    6   15.6
 30  01 53      0    0    0.0      1    1    6.6        1    1    6.6
 30  23 35      0    0    0.0      2    2   13.2        2    2   13.2

 Monthly Mean             8.5               25.5                 34.0

 --------------------------------------------------------------------

 September 1987     (k = 0.60)

 Date Time(UT)      North              South                Total
      h  m      g    f     R       g    f     R         g    f     R
  1  00 10      0    0    0.0      4    9   29.4        4    9   29.4
  2  00 05      0    0    0.0      3   12   25.2        3   12   25.2
  3    -
  4    -
  5    -
  6  00 15      0    0    0.0      2   39   35.4        2   39   35.4
  7  00 30      0    0    0.0      3   53   49.8        3   53   49.8
  8  00 10      1    1    6.6      3   82   67.2        4   83   73.8
  9  00 55      1    3    7.8      3   57   52.2        4   60   60.0
 10  00 05      1    3    7.8      3   58   52.8        4   61   60.6
 11    -
 12  00 10      0    0    0.0      3   25   33.0        3   25   33.0
 13    -
 14  00 10      1    1    6.6      2   16   21.6        3   17   28.2
 15  01 23      0    0    0.0      1   11   12.6        1   11   12.6
 16    -
 17  02 55      2    4   14.4      1    9   11.4        3   13   25.8
 18  00 10      1    2    7.2      1   14   14.4        2   16   21.6
 19    -
 20  03 50      1    2    7.2      2   10   18.0        3   12   25.2
 21  00 20      1    5    9.0      2   19   23.4        3   24   32.4
 22  01 50      1    3    7.8      2    8   16.8        3   11   24.6
 22  23 30      1    4    8.4      2    5   15.0        3    9   23.4
 23  23 55      1    3    7.8      2    3   13.8        3    6   21.6
 25  05 50      1    3    7.8      0    0    0.0        1    3    7.8
 26  01 40      1    3    7.8      0    0    0.0        1    3    7.8
 27    -
 28    -
 29  00 10      2    3   13.8      1    1    6.6        3    4   20.4
 30  00 53      2    5   15.0      1    3    7.8        3    8   22.8


 Monthly Mean             6.4               24.1                 30.5

 --------------------------------------------------------------------

 October   1987     (k = 0.60)

 Date Time(UT)      North              South                Total
      h  m      g    f     R       g    f     R         g    f     R
  1  00 05      1    7   10.2      2    5   15.0        3   12   25.2
  2  03 20      2   21   24.6      3    6   21.6        5   27   46.2
  3  01 30      2   21   24.6      0    0    0.0        2   21   24.6
  4  01 07      2   30   30.0      0    0    0.0        2   30   30.0
  5  00 10      3   52   49.2      1    4    8.4        4   56   57.6
  6    -
  7  03 40      3   27   34.2      0    0    0.0        3   27   34.2
  8  00 15      4   30   42.0      1    2    7.2        5   32   49.2
  9  00 00      3   16   27.6      2    2   13.2        5   18   40.8
 10  04 10      2    8   16.8      2    5   15.0        4   13   31.8
 11  00 50      2   17   22.2      2   12   19.2        4   29   41.4
 12  04 40      2   17   22.2      2   10   18.0        4   27   40.2
 13  00 10      1   29   23.4      3   17   28.2        4   46   51.6
 14  00 05      1   41   30.6      4   38   46.8        5   79   77.4
 15    -
 16    -
 17  02 50      1   57   40.2      3   30   36.0        4   87   76.2
 18  00 30      1   27   22.2      4   31   42.6        5   58   64.8
 19  00 10      1   25   21.0      4   28   40.8        5   53   61.8
 20  00 20      2   10   18.0      4   21   36.6        6   31   54.6
 21  00 10      2    7   16.2      4   17   34.2        6   24   50.4
 22    -
 23  00 05      0    0    0.0      3   25   33.0        3   25   33.0
 24    -
 25    -
 26    -
 27  00 05      3   36   39.6      2    6   15.6        5   42   55.2
 28  00 10      2   66   51.6      3   19   29.4        5   85   81.0
 29  00 10      1   55   39.0      3   29   35.4        4   84   74.4
 30  00 00      1   45   33.0      3   22   31.2        4   67   64.2
 31    -

 Monthly Mean            27.8               22.9                 50.7

 --------------------------------------------------------------------

 November  1987     (k = 0.60)

 Date Time(UT)      North              South                Total
      h  m      g    f     R       g    f     R         g    f     R
  1    -
  2    -
  3    -
  4    -
  5  01 20      2   14   20.4      4   20   36.0        6   34   56.4
  6  04 15      2    3   13.8      3   14   26.4        5   17   40.2
  7    -
  8  01 19      2    3   13.8      3   16   27.6        5   19   41.4
  9    -
 10  00 10      2    5   15.0      2    8   16.8        4   13   31.8
 11  00 10      2    3   13.8      1    3    7.8        3    6   21.6
 12  00 10      2    4   14.4      2    5   15.0        4    9   29.4
 13    -
 14  00 55      0    0    0.0      1   10   12.0        1   10   12.0
 15    -
 16  00 05      0    0    0.0      1   25   21.0        1   25   21.0
 17  00 00      0    0    0.0      2   33   31.8        2   33   31.8
 17  23 55      1    1    6.6      4   42   49.2        5   43   55.8
 19  00 05      0    0    0.0      4   45   51.0        4   45   51.0
 20  00 45      0    0    0.0      3   61   54.6        3   61   54.6
 21  00 05      0    0    0.0      2   58   46.8        2   58   46.8
 22  00 46      1    2    7.2      3   53   49.8        4   55   57.0
 23  01 20      1    3    7.8      4   55   57.0        5   58   64.8
 24  00 15      0    0    0.0      5   66   69.6        5   66   69.6
 25  00 30      2    3   13.8      4   35   45.0        6   38   58.8
 26  00 55      1    2    7.2      4   29   41.4        5   31   48.6
 27  01 35      3    6   21.6      3   22   31.2        6   28   52.8
 28    -
 29    -
 30  01 20      1    1    6.6      1    2    7.2        2    3   13.8


 Monthly Mean             8.1               34.9                 43.0

 --------------------------------------------------------------------

 December  1987     (k = 0.60)

 Date Time(UT)      North              South                Total
      h  m      g    f     R       g    f     R         g    f     R
  1    -
  2  00 15      1    2    7.2      1    4    8.4        2    6   15.6
  3  00 15      1    1    6.6      4    5   27.0        5    6   33.6
  4    -
  5  00 15      0    0    0.0      1    7   10.2        1    7   10.2
  6    -
  7  00 30      1    2    7.2      1   20   18.0        2   22   25.2
  8  00 00      1    3    7.8      1   16   15.6        2   19   23.4
  9  00 30      0    0    0.0      2   18   22.8        2   18   22.8
 10  01 55      0    0    0.0      3   21   30.6        3   21   30.6
 11    -
 12    -
 13    -
 14  00 50      0    0    0.0      3    5   21.0        3    5   21.0
 15  00 25      0    0    0.0      4   16   33.6        4   16   33.6
 16  03 05      0    0    0.0      3   22   31.2        3   22   31.2
 17  00 05      0    0    0.0      4   15   33.0        4   15   33.0
 18  00 25      1    2    7.2      4   10   30.0        5   12   37.2
 19  00 05      1    3    7.8      4   10   30.0        5   13   37.8
 20  00 55      1    1    6.6      4    8   28.8        5    9   35.4
 21  00 15      0    0    0.0      3    4   20.4        3    4   20.4
 22  01 10      0    0    0.0      4    7   28.2        4    7   28.2
 23  00 10      0    0    0.0      2    5   15.0        2    5   15.0
 24  01 40      0    0    0.0      1    2    7.2        1    2    7.2
 25  00 45      0    0    0.0      3    8   22.8        3    8   22.8
 26  00 10      1    2    7.2      2   14   20.4        3   16   27.6
 27  00 30      0    0    0.0      1   23   19.8        1   23   19.8
 28  00 15      0    0    0.0      1   34   26.4        1   34   26.4
 29  00 50      0    0    0.0      1   42   31.2        1   42   31.2
 30  01 10      0    0    0.0      2   15   21.0        2   15   21.0
 31  00 30      0    0    0.0      2   17   22.2        2   17   22.2

 Monthly Mean             2.3               23.0                 25.3

 --------------------------------------------------------------------

