 January   1941     (k = 0.60)

 Date Time(UT)      North              South                Total
      h  m      g    f     R       g    f     R         g    f     R
  1  01 05      3   14   26.4      1   10   12.0        4   24   38.4
  2  01 03      4   25   39.0      1   12   13.2        5   37   52.2
  3  00 50      4   23   37.8      1    9   11.4        5   32   49.2
  4  00 35      4   43   49.8      1    3    7.8        5   46   57.6
  5  00 50      5   43   55.8      1    5    9.0        6   48   64.8
  6  01 13      4   46   51.6      2   13   19.8        6   59   71.4
  7    -
  8    -
  9  01 09      3   12   25.2      2   18   22.8        5   30   48.0
 10    -
 11  00 45      2   14   20.4      3   19   29.4        5   33   49.8
 12  00 52      2   15   21.0      3   23   31.8        5   38   52.8
 13  01 07      1    4    8.4      2   12   19.2        3   16   27.6
 14  01 20      1    4    8.4      2   12   19.2        3   16   27.6
 15  01 03      2   10   18.0      2   13   19.8        4   23   37.8
 16  01 00      0    0    0.0      0    0    0.0        0    0    0.0
 17  01 10      2    4   14.4      0    0    0.0        2    4   14.4
 18  00 59      2    4   14.4      0    0    0.0        2    4   14.4
 19  01 41      1   41   30.6      0    0    0.0        1   41   30.6
 20  01 32      1    6    9.6      1   14   14.4        2   20   24.0
 21  01 19      1   12   13.2      1   29   23.4        2   41   36.6
 22  01 40      1    8   10.8      2   32   31.2        3   40   42.0
 23  01 30      1    6    9.6      2   37   34.2        3   43   43.8
 24  01 10      1    7   10.2      2   29   29.4        3   36   39.6
 25  04 49      2   13   19.8      2   18   22.8        4   31   42.6
 26  01 25      2   22   25.2      3   15   27.0        5   37   52.2
 27  01 26      2   34   32.4      4   15   33.0        6   49   65.4
 28  01 12      4   54   56.4      4   11   30.6        8   65   87.0
 29  06 02      2   36   33.6      4   38   46.8        6   74   80.4
 30  01 20      2   38   34.8      3   27   34.2        5   65   69.0
 31  01 27      2   48   40.8      3   25   33.0        5   73   73.8

 Monthly Mean            25.6               20.6                 46.2

 --------------------------------------------------------------------

 February  1941     (k = 0.60)

 Date Time(UT)      North              South                Total
      h  m      g    f     R       g    f     R         g    f     R
  1  01 26      2   52   43.2      3   20   30.0        5   72   73.2
  2  01 10      2   48   40.8      3   39   41.4        5   87   82.2
  3  01 12      2   30   30.0      3   24   32.4        5   54   62.4
  4  01 12      2   12   19.2      4   29   41.4        6   41   60.6
  5  02 35      2   12   19.2      4   35   45.0        6   47   64.2
  6  01 25      2    9   17.4      3   24   32.4        5   33   49.8
  7  01 27      2   16   21.6      4   33   43.8        6   49   65.4
  8  02 18      1    4    8.4      4   17   34.2        5   21   42.6
  9  01 38      1    8   10.8      3   11   24.6        4   19   35.4
 10  02 35      1   12   13.2      2    5   15.0        3   17   28.2
 11  00 40      2   14   20.4      2    5   15.0        4   19   35.4
 12  00 45      2   12   19.2      1    5    9.0        3   17   28.2
 13  05 54      1   11   12.6      1    2    7.2        2   13   19.8
 14  01 47      2   13   19.8      2    6   15.6        4   19   35.4
 15  00 55      2    7   16.2      1    5    9.0        3   12   25.2
 16  01 50      2    6   15.6      2   11   18.6        4   17   34.2
 17    -
 18  01 05      0    0    0.0      2   12   19.2        2   12   19.2
 19    -
 20    -
 21    -
 22  01 29      1    4    8.4      2   16   21.6        3   20   30.0
 23  01 20      1   11   12.6      1    5    9.0        2   16   21.6
 24  05 17      3   18   28.8      0    0    0.0        3   18   28.8
 25  01 40      3   30   36.0      1    8   10.8        4   38   46.8
 26  01 47      3   31   36.6      1    5    9.0        4   36   45.6
 27  01 10      5   42   55.2      1    4    8.4        6   46   63.6
 28    -




 Monthly Mean            22.0               21.4                 43.4

 --------------------------------------------------------------------

 March     1941     (k = 0.60)

 Date Time(UT)      North              South                Total
      h  m      g    f     R       g    f     R         g    f     R
  1    -
  2    -
  3  04 40      4   27   40.2      1    4    8.4        5   31   48.6
  4  01 10      5   53   61.8      1    4    8.4        6   57   70.2
  5  01 07      5   43   55.8      0    0    0.0        5   43   55.8
  6  01 03      5   30   48.0      1    4    8.4        6   34   56.4
  7    -
  8  00 45      4   40   48.0      1    2    7.2        5   42   55.2
  9  00 14      3   30   36.0      0    0    0.0        3   30   36.0
 10  01 08      2   19   23.4      1    6    9.6        3   25   33.0
 11  04 18      2   32   31.2      1   18   16.8        3   50   48.0
 12    -
 13    -
 14    -
 15  04 19      2   23   25.8      3   12   25.2        5   35   51.0
 16  01 13      2   23   25.8      3    9   23.4        5   32   49.2
 17    -
 18    -
 19  00 49      2   54   44.4      3   12   25.2        5   66   69.6
 20  01 20      3   65   57.0      2    8   16.8        5   73   73.8
 21  00 16      3   42   43.2      2   13   19.8        5   55   63.0
 22    -
 23    -
 24    -
 25  01 16      2    8   16.8      4   14   32.4        6   22   49.2
 26  01 17      1    2    7.2      2    8   16.8        3   10   24.0
 27  01 51      3    9   23.4      1    4    8.4        4   13   31.8
 28  00 38      4   21   36.6      0    0    0.0        4   21   36.6
 29    -
 30  06 25      2   12   19.2      0    0    0.0        2   12   19.2
 31  01 07      2   12   19.2      0    0    0.0        2   12   19.2

 Monthly Mean            34.9               11.9                 46.8

 --------------------------------------------------------------------

 April     1941     (k = 0.60)

 Date Time(UT)      North              South                Total
      h  m      g    f     R       g    f     R         g    f     R
  1  00 43      3   17   28.2      1   14   14.4        4   31   42.6
  2  00 27      2    7   16.2      1   10   12.0        3   17   28.2
  3  00 20      1    3    7.8      1    5    9.0        2    8   16.8
  3  23 42      0    0    0.0      1    4    8.4        1    4    8.4
  5    -
  6    -
  7  00 03      1    2    7.2      2    8   16.8        3   10   24.0
  7  23 57      0    0    0.0      4   18   34.8        4   18   34.8
  9    -
 10    -
 11  00 05      0    0    0.0      6   46   63.6        6   46   63.6
 11  23 45      0    0    0.0      4   37   46.2        4   37   46.2
 13    -
 14    -
 15  00 48      0    0    0.0      2   12   19.2        2   12   19.2
 16  00 35      0    0    0.0      1    4    8.4        1    4    8.4
 17  00 26      0    0    0.0      2   14   20.4        2   14   20.4
 18  06 03      1    3    7.8      1   11   12.6        2   14   20.4
 19  00 16      1    2    7.2      2   15   21.0        3   17   28.2
 20  00 25      0    0    0.0      2   14   20.4        2   14   20.4
 21  00 50      0    0    0.0      1   25   21.0        1   25   21.0
 22    -
 23    -
 24  00 35      2   12   19.2      1   26   21.6        3   38   40.8
 25  02 00      1   13   13.8      2   43   37.8        3   56   51.6
 26  00 40      1   18   16.8      1   31   24.6        2   49   41.4
 26  23 10      4   23   37.8      2   17   22.2        6   40   60.0
 27    -
 29    -
 30  00 25      2   17   22.2      1    8   10.8        3   25   33.0


 Monthly Mean             9.2               22.3                 31.5

 --------------------------------------------------------------------

 May       1941     (k = 0.60)

 Date Time(UT)      North              South                Total
      h  m      g    f     R       g    f     R         g    f     R
  1  00 33      2    6   15.6      3   24   32.4        5   30   48.0
  2  00 49      2    6   15.6      3   23   31.8        5   29   47.4
  3    -
  4  04 50      1   13   13.8      2   19   23.4        3   32   37.2
  5  00 30      1   12   13.2      2   17   22.2        3   29   35.4
  6    -
  7  00 48      1   14   14.4      1    2    7.2        2   16   21.6
  8  01 40      1    9   11.4      0    0    0.0        1    9   11.4
  9  02 58      1    5    9.0      1    3    7.8        2    8   16.8
 10    -
 11  07 38      2   20   24.0      0    0    0.0        2   20   24.0
 12  00 43      2   19   23.4      1    5    9.0        3   24   32.4
 13    -
 14  00 02      2   12   19.2      0    0    0.0        2   12   19.2
 15  00 20      2   13   19.8      1    2    7.2        3   15   27.0
 16    -
 17    -
 18    -
 19  01 30      1    1    6.6      4    7   28.2        5    8   34.8
 20  00 25      0    0    0.0      5   27   46.2        5   27   46.2
 21  00 40      3   36   39.6      1    3    7.8        4   39   47.4
 22  01 30      4   27   40.2      0    0    0.0        4   27   40.2
 23  00 30      4   33   43.8      1    9   11.4        5   42   55.2
 24    -
 25    -
 26  00 05      1    8   10.8      1   16   15.6        2   24   26.4
 27    -
 28    -
 29  01 10      2    6   15.6      2    5   15.0        4   11   30.6
 30  00 32      0    0    0.0      1    5    9.0        1    5    9.0
 31  00 09      0    0    0.0      2    8   16.8        2    8   16.8

 Monthly Mean            16.8               14.6                 31.4

 --------------------------------------------------------------------

 June      1941     (k = 0.60)

 Date Time(UT)      North              South                Total
      h  m      g    f     R       g    f     R         g    f     R
  1    -
  2  00 24      0    0    0.0      3   19   29.4        3   19   29.4
  2  23 43      0    0    0.0      3   12   25.2        3   12   25.2
  4  00 14      3   39   41.4      1   10   12.0        4   49   53.4
  5    -
  6  06 25      2   24   26.4      1   31   24.6        3   55   51.0
  7  00 31      2   22   25.2      1   31   24.6        3   53   49.8
  8  01 00      5   60   66.0      4   28   40.8        9   88  106.8
  9  00 47      5   63   67.8      3   22   31.2        8   85   99.0
 10  04 01      5   95   87.0      3   22   31.2        8  117  118.2
 11    -
 12    -
 13    -
 13  23 40      3   34   38.4      1   14   14.4        4   48   52.8
 15    -
 16  01 20      2   18   22.8      0    0    0.0        2   18   22.8
 17  04 18      1   11   12.6      2    8   16.8        3   19   29.4
 18    -
 19    -
 20    -
 21  01 35      2   17   22.2      2   16   21.6        4   33   43.8
 22    -
 23    -
 24  05 43      3   72   61.2      1   15   15.0        4   87   76.2
 25  00 20      3   92   73.2      1   15   15.0        4  107   88.2
 26    -
 27    -
 28    -
 29    -
 30  05 50      4  153  115.8      2   35   33.0        6  188  148.8


 Monthly Mean            44.0               22.3                 66.3

 --------------------------------------------------------------------

 July      1941     (k = 0.60)

 Date Time(UT)      North              South                Total
      h  m      g    f     R       g    f     R         g    f     R
 30  23 40      4  110   90.0      2   17   22.2        6  127  112.2
  2  05 25      4  116   93.6      1    8   10.8        5  124  104.4
  3    -
  4  00 22      3   39   41.4      2    6   15.6        5   45   57.0
  5  00 30      4   79   71.4      1   10   12.0        5   89   83.4
  5  23 50      4   29   41.4      1   11   12.6        5   40   54.0
  6  23 14      4   59   59.4      1    3    7.8        5   62   67.2
  7  23 34      3   42   43.2      2   17   22.2        5   59   65.4
  9  00 54      4   44   50.4      0    0    0.0        4   44   50.4
 10    -
 11    -
 12    -
 13    -
 14  04 06      0    0    0.0      1   10   12.0        1   10   12.0
 15    -
 16    -
 17    -
 18  06 10      4   18   34.8      1   41   30.6        5   59   65.4
 19    -
 20    -
 21    -
 22    -
 23  00 29      3   37   40.2      2   54   44.4        5   91   84.6
 23  23 40      4   44   50.4      2   49   41.4        6   93   91.8
 25  00 37      5   30   48.0      2   73   55.8        7  103  103.8
 26    -
 26  23 20      4   43   49.8      2   85   63.0        6  128  112.8
 28  04 30      3   62   55.2      2  100   72.0        5  162  127.2
 29    -
 30    -
 31    -

 Monthly Mean            51.3               28.2                 79.4

 --------------------------------------------------------------------

 August    1941     (k = 0.60)

 Date Time(UT)      North              South                Total
      h  m      g    f     R       g    f     R         g    f     R
  1    -
  2  01 54      6   92   91.2      2   53   43.8        8  145  135.0
  3  01 34      5  142  115.2      2   38   34.8        7  180  150.0
  4  06 15      4   61   60.6      3   20   30.0        7   81   90.6
  5  01 30      5   58   64.8      3   13   25.8        8   71   90.6
  6  01 03      5   68   70.8      3   12   25.2        8   80   96.0
  6  23 35      5  118  100.8      2    9   17.4        7  127  118.2
  8  00 30      5   76   75.6      2   11   18.6        7   87   94.2
  9    -
 10  03 50      3   32   37.2      2   12   19.2        5   44   56.4
 11    -
 12    -
 13  01 30      2    9   17.4      2    9   17.4        4   18   34.8
 14    -
 15  04 30      0    0    0.0      1    3    7.8        1    3    7.8
 16  00 15      0    0    0.0      1    3    7.8        1    3    7.8
 16  23 40      0    0    0.0      1    7   10.2        1    7   10.2
 18  01 02      0    0    0.0      1   22   19.2        1   22   19.2
 18  23 41      0    0    0.0      2   29   29.4        2   29   29.4
 20  01 02      1    3    7.8      2   43   37.8        3   46   45.6
 21  02 34      3   48   46.8      2   28   28.8        5   76   75.6
 22  00 46      3   70   60.0      3   35   39.0        6  105   99.0
 23  04 59      3  105   81.0      2   34   32.4        5  139  113.4
 24  00 14      2   79   59.4      2   33   31.8        4  112   91.2
 25  01 15      2   49   41.4      3   28   34.8        5   77   76.2
 26  00 25      2   36   33.6      2   13   19.8        4   49   53.4
 27    -
 28  04 23      4   46   51.6      3    6   21.6        7   52   73.2
 29    -
 30  00 00      3   29   35.4      2    6   15.6        5   35   51.0
 31    -

 Monthly Mean            45.7               24.7                 70.4

 --------------------------------------------------------------------

 September 1941     (k = 0.60)

 Date Time(UT)      North              South                Total
      h  m      g    f     R       g    f     R         g    f     R
  1  04 37      4   40   48.0      1   10   12.0        5   50   60.0
  2  00 22      3   27   34.2      2    9   17.4        5   36   51.6
  3  00 20      3   47   46.2      2   15   21.0        5   62   67.2
  3  23 38      3   45   45.0      2   15   21.0        5   60   66.0
  5    -
  6    -
  6  23 50      3   11   24.6      2   34   32.4        5   45   57.0
  8    -
  9  01 15      1    6    9.6      2   36   33.6        3   42   43.2
 10    -
 11    -
 12    -
 13    -
 14    -
 15    -
 15  23 16      4  223  157.8      1   14   14.4        5  237  172.2
 17    -
 18    -
 19    -
 19  23 52      3  167  118.2      2   26   27.6        5  193  145.8
 20  22 33      3  122   91.2      2   20   24.0        5  142  115.2
 22  01 30      5   53   61.8      1   10   12.0        6   63   73.8
 23  00 30      5   49   59.4      3   15   27.0        8   64   86.4
 24    -
 25    -
 26  01 30      3   10   24.0      1    8   10.8        4   18   34.8
 26  23 44      2    7   16.2      2    8   16.8        4   15   33.0
 28    -
 29    -
 30    -


 Monthly Mean            56.6               20.8                 77.4

 --------------------------------------------------------------------

 October   1941     (k = 0.60)

 Date Time(UT)      North              South                Total
      h  m      g    f     R       g    f     R         g    f     R
  1    -
  2  00 36      1   12   13.2      2   19   23.4        3   31   36.6
  3  01 19      1   10   12.0      1    9   11.4        2   19   23.4
  4  00 47      1   10   12.0      2    8   16.8        3   18   28.8
  4  23 01      1   38   28.8      1    4    8.4        2   42   37.2
  6  00 38      1   11   12.6      2    7   16.2        3   18   28.8
  7  02 58      2   12   19.2      2   13   19.8        4   25   39.0
  8  01 06      5   32   49.2      1    2    7.2        6   34   56.4
  9  00 13      4   27   40.2      0    0    0.0        4   27   40.2
 10  00 42      4   39   47.4      0    0    0.0        4   39   47.4
 11  00 05      4   28   40.8      0    0    0.0        4   28   40.8
 12  00 00      5   41   54.6      0    0    0.0        5   41   54.6
 13    -
 14    -
 14  23 54      2   30   30.0      2   10   18.0        4   40   48.0
 16  00 13      2   12   19.2      1   14   14.4        3   26   33.6
 17  00 40      4   25   39.0      2   40   36.0        6   65   75.0
 18    -
 18  23 30      4   37   46.2      1   24   20.4        5   61   66.6
 20    -
 21  00 38      2   21   24.6      2   10   18.0        4   31   42.6
 22  00 12      1   41   30.6      2   11   18.6        3   52   49.2
 23  01 00      3   28   34.8      3   18   28.8        6   46   63.6
 24  00 20      4   38   46.8      3   10   24.0        7   48   70.8
 25  00 23      4   44   50.4      2    3   13.8        6   47   64.2
 26  02 20      5   58   64.8      1    3    7.8        6   61   72.6
 27  01 17      3   38   40.8      1    2    7.2        4   40   48.0
 28  00 30      3   60   54.0      1    3    7.8        4   63   61.8
 29  00 28      2   58   46.8      1    3    7.8        3   61   54.6
 30  00 35      5   81   78.6      1    3    7.8        6   84   86.4
 31  01 08      4   49   53.4      0    0    0.0        4   49   53.4

 Monthly Mean            38.1               12.8                 50.9

 --------------------------------------------------------------------

 November  1941     (k = 0.60)

 Date Time(UT)      North              South                Total
      h  m      g    f     R       g    f     R         g    f     R
  1  01 17      4   52   55.2      0    0    0.0        4   52   55.2
  1  23 54      3   71   60.6      1    3    7.8        4   74   68.4
  3  00 17      4   78   70.8      0    0    0.0        4   78   70.8
  4    -
  5  00 14      4   32   43.2      0    0    0.0        4   32   43.2
  6  01 07      3   11   24.6      0    0    0.0        3   11   24.6
  7    -
  8    -
  9    -
 10    -
 10    -
 12  00 39      2    4   14.4      0    0    0.0        2    4   14.4
 13    -
 14    -
 15  00 21      2   17   22.2      1   17   16.2        3   34   38.4
 16  00 50      2   12   19.2      1   24   20.4        3   36   39.6
 17  01 02      1   16   15.6      1   15   15.0        2   31   30.6
 18  01 29      1    7   10.2      1   15   15.0        2   22   25.2
 19    -
 20  01 27      2    5   15.0      1   11   12.6        3   16   27.6
 21    -
 22    -
 23  00 41      2    7   16.2      1   28   22.8        3   35   39.0
 24    -
 25    -
 26    -
 27    -
 27    -
 29    -
 30  00 45      4   46   51.6      2   49   41.4        6   95   93.0


 Monthly Mean            32.2               11.6                 43.8

 --------------------------------------------------------------------

 December  1941     (k = 0.60)

 Date Time(UT)      North              South                Total
      h  m      g    f     R       g    f     R         g    f     R
  1  00 36      2   43   37.8      2   50   42.0        4   93   79.8
  2  02 13      2   26   27.6      2   28   28.8        4   54   56.4
  3    -
  4  00 50      2    4   14.4      4   11   30.6        6   15   45.0
  5  01 45      3   11   24.6      5   27   46.2        8   38   70.8
  6  00 29      2    6   15.6      3   19   29.4        5   25   45.0
  7  00 24      1    7   10.2      3   21   30.6        4   28   40.8
  8  00 33      1    5    9.0      4   17   34.2        5   22   43.2
  9    -
 10    -
 11  00 43      2   26   27.6      1   21   18.6        3   47   46.2
 12  01 12      2   50   42.0      1   42   31.2        3   92   73.2
 13  01 33      2   29   29.4      1   32   25.2        3   61   54.6
 14  02 35      2   35   33.0      2   37   34.2        4   72   67.2
 15    -
 16  05 07      3   14   26.4      1   19   17.4        4   33   43.8
 17  01 15      1    2    7.2      3   16   27.6        4   18   34.8
 18  01 05      0    0    0.0      2   10   18.0        2   10   18.0
 19  01 05      0    0    0.0      1    4    8.4        1    4    8.4
 20  01 20      0    0    0.0      1    2    7.2        1    2    7.2
 21    -
 22    -
 23  01 25      1    3    7.8      1    3    7.8        2    6   15.6
 24  03 43      0    0    0.0      1    6    9.6        1    6    9.6
 25  00 38      1    5    9.0      0    0    0.0        1    5    9.0
 26    -
 27  01 13      2    5   15.0      0    0    0.0        2    5   15.0
 28    -
 29  00 49      2   36   33.6      1   14   14.4        3   50   48.0
 30  01 23      2   28   28.8      1    6    9.6        3   34   38.4
 31  00 10      2   17   22.2      1    9   11.4        3   26   33.6

 Monthly Mean            18.3               21.0                 39.3

 --------------------------------------------------------------------

