 January   1993     (k = 0.60)

 Date Time(UT)      North              South                Total
      h  m      g    f     R       g    f     R         g    f     R
  1  00 55      1    2    7.2      4   14   32.4        5   16   39.6
  2  03 00      1    2    7.2      3    9   23.4        4   11   30.6
  3  00 30      1    3    7.8      2   15   21.0        3   18   28.8
  4  00 50      2    3   13.8      3   19   29.4        5   22   43.2
  5  01 10      1    1    6.6      6   29   53.4        7   30   60.0
  6  00 30      0    0    0.0      7   48   70.8        7   48   70.8
  7    -
  8  00 35      3   11   24.6      6   81   84.6        9   92  109.2
  9    -
 10    -
 11    -
 12  03 35      2   52   43.2      6   71   78.6        8  123  121.8
 13  03 25      2   43   37.8      5   61   66.6        7  104  104.4
 14    -
 15    -
 16    -
 17  00 40      2   10   18.0      3   40   42.0        5   50   60.0
 18    -
 19  00 50      2    7   16.2      4   40   48.0        6   47   64.2
 20  00 50      1    2    7.2      3   34   38.4        4   36   45.6
 21  01 00      1    2    7.2      3   34   38.4        4   36   45.6
 22  00 50      1    2    7.2      4   16   33.6        5   18   40.8
 23    -
 24    -
 25    -
 26    -
 27  00 30      1    2    7.2      2   11   18.6        3   13   25.8
 28  02 50      0    0    0.0      4   27   40.2        4   27   40.2
 29  00 50      0    0    0.0      3   15   27.0        3   15   27.0
 30  00 20      0    0    0.0      3   15   27.0        3   15   27.0
 31  00 00      0    0    0.0      3   16   27.6        3   16   27.6

 Monthly Mean            11.1               42.2                 53.3

 --------------------------------------------------------------------

 February  1993     (k = 0.60)

 Date Time(UT)      North              South                Total
      h  m      g    f     R       g    f     R         g    f     R
  1  02 25      0    0    0.0      3   21   30.6        3   21   30.6
  2  00 30      1    3    7.8      2   18   22.8        3   21   30.6
  3  00 45      5   50   60.0      2   35   33.0        7   85   93.0
  4  00 45      4   86   75.6      3   28   34.8        7  114  110.4
  5  03 20      3  105   81.0      5   30   48.0        8  135  129.0
  6  00 40      3   59   53.4      4   19   35.4        7   78   88.8
  7  00 12      4   51   54.6      3   25   33.0        7   76   87.6
  8  01 05      4   52   55.2      2   25   27.0        6   77   82.2
  9  02 15      6   90   90.0      2   41   36.6        8  131  126.6
 10  01 00      6   48   64.8      2   67   52.2        8  115  117.0
 11  04 00      4   30   42.0      1   67   46.2        5   97   88.2
 12  00 55      5   27   46.2      1   68   46.8        6   95   93.0
 13  01 50      3   21   30.6      1   45   33.0        4   66   63.6
 14  00 30      3   21   30.6      2   45   39.0        5   66   69.6
 15  00 40      3   13   25.8      2   48   40.8        5   61   66.6
 15  23 55      3   16   27.6      5   39   53.4        8   55   81.0
 17  05 00      2   37   34.2      4   20   36.0        6   57   70.2
 18  00 35      4   31   42.6      3   29   35.4        7   60   78.0
 19  00 45      2   30   30.0      5   47   58.2        7   77   88.2
 19  23 58      2   19   23.4      5   33   49.8        7   52   73.2
 21    -
 22  01 40      3   33   37.8      5   49   59.4        8   82   97.2
 23  02 15      3   29   35.4      4   33   43.8        7   62   79.2
 24  01 05      3   30   36.0      4   46   51.6        7   76   87.6
 25  01 00      3   36   39.6      4   44   50.4        7   80   90.0
 26  01 10      3   39   41.4      4   32   43.2        7   71   84.6
 27  00 45      4   62   61.2      4   22   37.2        8   84   98.4
 28  02 23      3   40   42.0      4   10   30.0        7   50   72.0




 Monthly Mean            43.3               41.0                 84.3

 --------------------------------------------------------------------

 March     1993     (k = 0.60)

 Date Time(UT)      North              South                Total
      h  m      g    f     R       g    f     R         g    f     R
  1  00 15      4   55   57.0      4   18   34.8        8   73   91.8
  2  00 20      5  108   94.8      2    9   17.4        7  117  112.2
  3  00 35      3   84   68.4      3   15   27.0        6   99   95.4
  4  00 15      2   80   60.0      3   25   33.0        5  105   93.0
  5  00 45      6  115  105.0      4   66   63.6       10  181  168.6
  6  00 10      2   54   44.4      4   84   74.4        6  138  118.8
  7  06 30      3   37   40.2      3   84   68.4        6  121  108.6
  8  00 55      3   17   28.2      4   79   71.4        7   96   99.6
  9  00 50      3   25   33.0      4   61   60.6        7   86   93.6
 10    -
 11  01 25      4   21   36.6      3   65   57.0        7   86   93.6
 12    -
 12  23 40      2   37   34.2      2   30   30.0        4   67   64.2
 14  00 40      2   33   31.8      1   16   15.6        3   49   47.4
 15    -
 16  00 10      1   53   37.8      2    5   15.0        3   58   52.8
 17  00 15      1   61   42.6      3   13   25.8        4   74   68.4
 18  00 25      1   54   38.4      4   22   37.2        5   76   75.6
 19  00 20      1   48   34.8      4   37   46.2        5   85   81.0
 20  03 55      1   39   29.4      3   19   29.4        4   58   58.8
 21  00 25      3   50   48.0      4   21   36.6        7   71   84.6
 22  01 35      3   39   41.4      3   29   35.4        6   68   76.8
 23  00 40      2   18   22.8      4   26   39.6        6   44   62.4
 24  01 00      2    4   14.4      3   23   31.8        5   27   46.2
 25  01 45      3    8   22.8      1   13   13.8        4   21   36.6
 26  02 35      5   11   36.6      1    7   10.2        6   18   46.8
 27  02 15      2   11   18.6      1    8   10.8        3   19   29.4
 28    -
 29  00 30      2   27   28.2      1    4    8.4        3   31   36.6
 30  01 10      3   47   46.2      2   17   22.2        5   64   68.4
 31    -

 Monthly Mean            42.1               35.2                 77.3

 --------------------------------------------------------------------

 April     1993     (k = 0.60)

 Date Time(UT)      North              South                Total
      h  m      g    f     R       g    f     R         g    f     R
  1  03 05      1   26   21.6      3   37   40.2        4   63   61.8
  1  23 45      2   23   25.8      3   29   35.4        5   52   61.2
  3  00 45      1   14   14.4      5   46   57.6        6   60   72.0
  4    -
  5  01 50      1    5    9.0      5   49   59.4        6   54   68.4
  6    -
  7  00 35      2    4   14.4      5  121  102.6        7  125  117.0
  8  00 55      0    0    0.0      3   90   72.0        3   90   72.0
  9  00 55      1   10   12.0      2   96   69.6        3  106   81.6
 10  00 30      2   20   24.0      2   64   50.4        4   84   74.4
 11  00 30      3   26   33.6      3   68   58.8        6   94   92.4
 12  00 30      4   22   37.2      1   22   19.2        5   44   56.4
 13  01 35      2    8   16.8      2    9   17.4        4   17   34.2
 14  00 20      1    4    8.4      1    1    6.6        2    5   15.0
 15  00 10      1   10   12.0      0    0    0.0        1   10   12.0
 16  00 05      1    9   11.4      0    0    0.0        1    9   11.4
 17    -
 18  01 05      3   14   26.4      2    4   14.4        5   18   40.8
 19  01 20      3   22   31.2      2   15   21.0        5   37   52.2
 20    -
 20    -
 22    -
 23  02 10      3   38   40.8      4   47   52.2        7   85   93.0
 24  00 20      1   23   19.8      4   51   54.6        5   74   74.4
 25  00 45      3   21   30.6      4   31   42.6        7   52   73.2
 26  00 20      4   29   41.4      4   22   37.2        8   51   78.6
 27  00 15      3   24   32.4      2   13   19.8        5   37   52.2
 28  00 10      3   13   25.8      4   25   39.0        7   38   64.8
 29    -
 30    -


 Monthly Mean            22.2               39.5                 61.8

 --------------------------------------------------------------------

 May       1993     (k = 0.60)

 Date Time(UT)      North              South                Total
      h  m      g    f     R       g    f     R         g    f     R
  1    -
  2    -
  3    -
  4  00 15      2    5   15.0      3   32   37.2        5   37   52.2
  5  01 45      2   10   18.0      4   19   35.4        6   29   53.4
  6  00 55      2   31   30.6      5   24   44.4        7   55   75.0
  7  00 40      2   52   43.2      3   17   28.2        5   69   71.4
  8  02 10      2   67   52.2      1   19   17.4        3   86   69.6
  9    -
 10    -
 11  00 44      4   98   82.8      3   18   28.8        7  116  111.6
 12  00 20      3  107   82.2      3   19   29.4        6  126  111.6
 13  00 35      3   76   63.6      2    6   15.6        5   82   79.2
 14    -
 14  23 45      4   25   39.0      0    0    0.0        4   25   39.0
 15  23 58      5   16   39.6      1    2    7.2        6   18   46.8
 17    -
 18    -
 19  00 30      1    6    9.6      0    0    0.0        1    6    9.6
 20  00 00      2    4   14.4      1    1    6.6        3    5   21.0
 20  23 55      2    5   15.0      1    2    7.2        3    7   22.2
 22    -
 23  01 05      0    0    0.0      2    3   13.8        2    3   13.8
 24    -
 25  00 00      4    8   28.8      1    1    6.6        5    9   35.4
 26  00 05      4   19   35.4      3    8   22.8        7   27   58.2
 27  00 00      2   47   40.2      1    1    6.6        3   48   46.8
 28  00 00      4   92   79.2      0    0    0.0        4   92   79.2
 29  02 45      3  100   78.0      2    2   13.2        5  102   91.2
 30    -
 31  01 00      3   88   70.8      1    1    6.6        4   89   77.4

 Monthly Mean            41.9               16.4                 58.2

 --------------------------------------------------------------------

 June      1993     (k = 0.60)

 Date Time(UT)      North              South                Total
      h  m      g    f     R       g    f     R         g    f     R
  1  00 25      4   97   82.2      1   13   13.8        5  110   96.0
  2    -
  3  03 10      4   82   73.2      2   35   33.0        6  117  106.2
  4  00 35      6   81   84.6      1   22   19.2        7  103  103.8
  5    -
  6    -
  7  05 25      5   32   49.2      1   64   44.4        6   96   93.6
  8  04 25      2    6   15.6      1   45   33.0        3   51   48.6
  9    -
 10  00 00      2    9   17.4      2   37   34.2        4   46   51.6
 11  00 45      2    9   17.4      1   24   20.4        3   33   37.8
 12  02 55      2    4   14.4      0    0    0.0        2    4   14.4
 13  01 55      1    2    7.2      0    0    0.0        1    2    7.2
 14  03 55      1    2    7.2      0    0    0.0        1    2    7.2
 14  23 50      1    2    7.2      0    0    0.0        1    2    7.2
 16  00 10      1    2    7.2      0    0    0.0        1    2    7.2
 17  00 15      1    2    7.2      0    0    0.0        1    2    7.2
 18  03 05      1    2    7.2      0    0    0.0        1    2    7.2
 19    -
 20  02 40      0    0    0.0      1   14   14.4        1   14   14.4
 21  00 25      1    4    8.4      1   22   19.2        2   26   27.6
 22  00 30      2    6   15.6      1   18   16.8        3   24   32.4
 23    -
 24  05 35      2   32   31.2      2   10   18.0        4   42   49.2
 25  03 40      2   37   34.2      3   12   25.2        5   49   59.4
 26    -
 27  00 45      2    7   16.2      3   47   46.2        5   54   62.4
 28  03 40      2   10   18.0      4   84   74.4        6   94   92.4
 29    -
 30    -


 Monthly Mean            24.8               19.6                 44.4

 --------------------------------------------------------------------

 July      1993     (k = 0.60)

 Date Time(UT)      North              South                Total
      h  m      g    f     R       g    f     R         g    f     R
  1    -
  2    -
  3  04 35      1    5    9.0      3   37   40.2        4   42   49.2
  4  00 00      2    6   15.6      4   36   45.6        6   42   61.2
  5    -
  6  00 30      3   13   25.8      2   33   31.8        5   46   57.6
  7    -
  8    -
  9  00 05      3    6   21.6      2   20   24.0        5   26   45.6
 10    -
 11    -
 12    -
 13    -
 14    -
 15  06 45      4   41   48.6      2   33   31.8        6   74   80.4
 16  05 15      4   36   45.6      3   20   30.0        7   56   75.6
 17    -
 18    -
 19    -
 20    -
 21    -
 22  02 00      2   10   18.0      4   34   44.4        6   44   62.4
 23    -
 24    -
 25    -
 26    -
 27  01 45      3   10   24.0      5   35   51.0        8   45   75.0
 28  00 50      2    6   15.6      3   44   44.4        5   50   60.0
 29  00 45      3   16   27.6      5   45   57.0        8   61   84.6
 30    -
 30  23 55      4   17   34.2      1   14   14.4        5   31   48.6

 Monthly Mean            26.0               37.7                 63.7

 --------------------------------------------------------------------

 August    1993     (k = 0.60)

 Date Time(UT)      North              South                Total
      h  m      g    f     R       g    f     R         g    f     R
  1  01 20      3   17   28.2      1    3    7.8        4   20   36.0
  2    -
  3    -
  4    -
  5    -
  6    -
  7    -
  8    -
  9    -
 10    -
 11  01 35      6   73   79.8      1   16   15.6        7   89   95.4
 12  01 00      5   58   64.8      1   22   19.2        6   80   84.0
 13  00 20      4   44   50.4      2   30   30.0        6   74   80.4
 14    -
 15  01 25      0    0    0.0      2   29   29.4        2   29   29.4
 16    -
 17    -
 18    -
 19  04 45      0    0    0.0      3   10   24.0        3   10   24.0
 20  01 35      0    0    0.0      2   10   18.0        2   10   18.0
 21    -
 22  01 30      1    8   10.8      3   20   30.0        4   28   40.8
 23  00 35      1    9   11.4      4   23   37.8        5   32   49.2
 24  00 30      2   14   20.4      4   23   37.8        6   37   58.2
 25  00 40      3   15   27.0      3   19   29.4        6   34   56.4
 26    -
 27    -
 28  01 25      3   35   39.0      1    2    7.2        4   37   46.2
 29  01 15      3   30   36.0      2    3   13.8        5   33   49.8
 30  01 00      3   29   35.4      0    0    0.0        3   29   35.4
 31  01 10      3   11   24.6      0    0    0.0        3   11   24.6

 Monthly Mean            28.5               20.0                 48.5

 --------------------------------------------------------------------

 September 1993     (k = 0.60)

 Date Time(UT)      North              South                Total
      h  m      g    f     R       g    f     R         g    f     R
  1  00 45      5   11   36.6      0    0    0.0        5   11   36.6
  2    -
  3    -
  4    -
  5  00 20      2    7   16.2      1    1    6.6        3    8   22.8
  6  01 55      1   12   13.2      0    0    0.0        1   12   13.2
  7    -
  8    -
  9    -
 10  01 00      1    1    6.6      0    0    0.0        1    1    6.6
 11  00 45      0    0    0.0      0    0    0.0        0    0    0.0
 12  05 32      0    0    0.0      0    0    0.0        0    0    0.0
 13    -
 14    -
 15  00 15      0    0    0.0      1    3    7.8        1    3    7.8
 16  00 20      0    0    0.0      2    8   16.8        2    8   16.8
 17  00 15      0    0    0.0      2   10   18.0        2   10   18.0
 18  01 25      0    0    0.0      3   14   26.4        3   14   26.4
 19    -
 20  00 45      0    0    0.0      2   18   22.8        2   18   22.8
 21    -
 22    -
 23    -
 24    -
 25  05 20      2    6   15.6      1   35   27.0        3   41   42.6
 26  01 50      2   15   21.0      2   32   31.2        4   47   52.2
 27  01 35      2   13   19.8      1   25   21.0        3   38   40.8
 28  00 00      3   33   37.8      1   15   15.0        4   48   52.8
 29  04 00      2   25   27.0      1    3    7.8        3   28   34.8
 30  00 00      1   40   30.0      1    2    7.2        2   42   37.2


 Monthly Mean            13.2               12.2                 25.4

 --------------------------------------------------------------------

 October   1993     (k = 0.60)

 Date Time(UT)      North              South                Total
      h  m      g    f     R       g    f     R         g    f     R
  1    -
  2  00 30      2   49   41.4      1    7   10.2        3   56   51.6
  3    -
  4  01 10      2   86   63.6      2   55   45.0        4  141  108.6
  5    -
  6    -
  7    -
  8    -
  9  00 19      1   17   16.2      3   46   45.6        4   63   61.8
 10  01 10      1    2    7.2      3   81   66.6        4   83   73.8
 11  00 28      2    3   13.8      2   41   36.6        4   44   50.4
 12  01 10      1    2    7.2      3   50   48.0        4   52   55.2
 13  00 35      1    3    7.8      2   30   30.0        3   33   37.8
 14    -
 15  02 05      1    8   10.8      1   18   16.8        2   26   27.6
 16    -
 17    -
 18  00 05      1   10   12.0      3   12   25.2        4   22   37.2
 19    -
 20  00 05      2   12   19.2      3   13   25.8        5   25   45.0
 21  04 30      2   10   18.0      4   60   60.0        6   70   78.0
 22  00 20      2    3   13.8      3   36   39.6        5   39   53.4
 23  00 20      1   14   14.4      3   28   34.8        4   42   49.2
 24  00 20      1   11   12.6      3   16   27.6        4   27   40.2
 25  00 40      1   13   13.8      2   17   22.2        3   30   36.0
 26  00 40      3   17   28.2      3    8   22.8        6   25   51.0
 27  00 30      1   10   12.0      3    9   23.4        4   19   35.4
 28  00 15      2    9   17.4      2    4   14.4        4   13   31.8
 29  00 15      2    8   16.8      1    1    6.6        3    9   23.4
 30    -
 31  01 50      1   14   14.4      1    6    9.6        2   20   24.0

 Monthly Mean            18.0               30.5                 48.6

 --------------------------------------------------------------------

 November  1993     (k = 0.60)

 Date Time(UT)      North              South                Total
      h  m      g    f     R       g    f     R         g    f     R
  1  00 15      0    0    0.0      2    8   16.8        2    8   16.8
  2  00 35      0    0    0.0      2    7   16.2        2    7   16.2
  3  02 50      1    1    6.6      1   11   12.6        2   12   19.2
  4  00 30      0    0    0.0      1   11   12.6        1   11   12.6
  5  00 35      0    0    0.0      2   17   22.2        2   17   22.2
  6  00 25      1    2    7.2      2   26   27.6        3   28   34.8
  7  00 48      1    2    7.2      1    5    9.0        2    7   16.2
  8    -
  9  00 20      1    2    7.2      1    9   11.4        2   11   18.6
 10  01 15      1    2    7.2      1    6    9.6        2    8   16.8
 11    -
 12  04 00      0    0    0.0      0    0    0.0        0    0    0.0
 13    -
 14  04 15      1   25   21.0      0    0    0.0        1   25   21.0
 15  00 35      2   34   32.4      0    0    0.0        2   34   32.4
 16  00 35      1   57   40.2      0    0    0.0        1   57   40.2
 17  00 40      1   63   43.8      0    0    0.0        1   63   43.8
 18    -
 19  00 15      2   61   48.6      0    0    0.0        2   61   48.6
 20    -
 21  04 20      3   29   35.4      1    2    7.2        4   31   42.6
 22  02 50      3   56   51.6      1    1    6.6        4   57   58.2
 23    -
 24  00 35      3   45   45.0      0    0    0.0        3   45   45.0
 25  00 50      2   30   30.0      0    0    0.0        2   30   30.0
 26  00 35      2   53   43.8      1    2    7.2        3   55   51.0
 27    -
 28  00 43      2   16   21.6      1    2    7.2        3   18   28.8
 29  01 30      3   20   30.0      2   17   22.2        5   37   52.2
 30  04 20      2   21   24.6      3   32   37.2        5   53   61.8


 Monthly Mean            21.9                9.8                 31.7

 --------------------------------------------------------------------

 December  1993     (k = 0.60)

 Date Time(UT)      North              South                Total
      h  m      g    f     R       g    f     R         g    f     R
  1    -
  2  00 40      1   34   26.4      3   24   32.4        4   58   58.8
  3  00 45      1   11   12.6      4   28   40.8        5   39   53.4
  4    -
  5  00 10      2    4   14.4      4   39   47.4        6   43   61.8
  6    -
  7  00 55      0    0    0.0      5   67   70.2        5   67   70.2
  8    -
  9  00 35      1    2    7.2      3   59   53.4        4   61   60.6
 10  02 35      1    2    7.2      3   23   31.8        4   25   39.0
 11  01 15      1    3    7.8      3   13   25.8        4   16   33.6
 12  04 05      0    0    0.0      2   14   20.4        2   14   20.4
 13  01 00      0    0    0.0      2    5   15.0        2    5   15.0
 14    -
 15  03 35      1    2    7.2      0    0    0.0        1    2    7.2
 16  01 00      2   10   18.0      0    0    0.0        2   10   18.0
 17  01 05      2   13   19.8      0    0    0.0        2   13   19.8
 18  00 28      3   14   26.4      0    0    0.0        3   14   26.4
 19  06 05      2    7   16.2      0    0    0.0        2    7   16.2
 20    -
 21  04 15      4   14   32.4      0    0    0.0        4   14   32.4
 22  00 30      4   26   39.6      0    0    0.0        4   26   39.6
 23  01 55      3   58   52.8      0    0    0.0        3   58   52.8
 24  00 15      3   64   56.4      0    0    0.0        3   64   56.4
 25  02 32      3   61   54.6      1    1    6.6        4   62   61.2
 26  01 10      2  136   93.6      1    1    6.6        3  137  100.2
 27  01 10      2  100   72.0      2    4   14.4        4  104   86.4
 28    -
 29  01 04      3   69   59.4      2    5   15.0        5   74   74.4
 30  01 26      3   52   49.2      1    7   10.2        4   59   59.4
 31    -

 Monthly Mean            29.3               17.0                 46.2

 --------------------------------------------------------------------

