 January   1935     (k = 0.70)

 Date Time(UT)      North              South                Total
      h  m      g    f     R       g    f     R         g    f     R
  1                                                     4   19   41.3
  2                                                     5   26   53.2
  3                                                     5   20   49.0
  4                                                     3   19   34.3
  5                                                     3   16   32.2
  6                                                     3   19   34.3
  7                                                     2   10   21.0
  8                                                     2   10   21.0
  9                                                     2    7   18.9
 10                                                       -
 11                                                     1    6   11.2
 12                                                     2   15   24.5
 13                                                     2   19   27.3
 14                                                       -
 15                                                       -
 16                                                       -
 17                                                     1   18   19.6
 18                                                     1   21   21.7
 19                                                     1    7   11.9
 20                                                     2    7   18.9
 21                                                     1    3    9.1
 22                                                     2    4   16.8
 23                                                     3    7   25.9
 24                                                     2   28   33.6
 25                                                     2   51   49.7
 26                                                     2   38   40.6
 27                                                     2   33   37.1
 28                                                     2   20   28.0
 29                                                     2   11   21.7
 30                                                       -
 31                                                     2   12   22.4

 Monthly Mean                                                    27.9

 --------------------------------------------------------------------

 February  1935     (k = 0.70)

 Date Time(UT)      North              South                Total
      h  m      g    f     R       g    f     R         g    f     R
  1                                                       -
  2                                                       -
  3                                                       -
  4                                                     0    0    0.0
  5                                                     1    4    9.8
  6                                                     2   20   28.0
  7                                                     2   36   39.2
  8                                                     2   32   36.4
  9                                                     2   29   34.3
 10                                                       -
 11                                                       -
 12                                                       -
 13                                                     3   12   29.4
 14                                                     2   17   25.9
 15                                                     2   22   29.4
 16                                                     2   18   26.6
 17                                                       -
 18                                                     2    7   18.9
 19                                                       -
 20                                                     3   18   33.6
 21                                                     4   24   44.8
 22                                                       -
 23                                                     2    9   20.3
 24                                                     1   28   26.6
 25                                                     2   28   33.6
 26                                                       -
 27                                                       -
 28                                                     1    9   13.3




 Monthly Mean                                                    26.5

 --------------------------------------------------------------------

 March     1935     (k = 0.70)

 Date Time(UT)      North              South                Total
      h  m      g    f     R       g    f     R         g    f     R
  1                                                       -
  2                                                     1   10   14.0
  3                                                       -
  4                                                     1   12   15.4
  5                                                     2    9   20.3
  6                                                     1   11   14.7
  7                                                     1    5   10.5
  8                                                     1    4    9.8
  9                                                     2   14   23.8
 10                                                     1   13   16.1
 11                                                     4   45   59.5
 12                                                     4   40   56.0
 13                                                     4   36   53.2
 14                                                     6   71   91.7
 15                                                     5   52   71.4
 16                                                     5   42   64.4
 17                                                     4   36   53.2
 18                                                       -
 19                                                     4   31   49.7
 20                                                     4   29   48.3
 21                                                       -
 22                                                     2   27   32.9
 23                                                     1   14   16.8
 24                                                       -
 25                                                     2    9   20.3
 26                                                     2    8   19.6
 27                                                     1    5   10.5
 28                                                       -
 29                                                       -
 30                                                       -
 31                                                       -

 Monthly Mean                                                    35.1

 --------------------------------------------------------------------

 April     1935     (k = 0.70)

 Date Time(UT)      North              South                Total
      h  m      g    f     R       g    f     R         g    f     R
  1                                                     0    0    0.0
  2                                                     0    0    0.0
  3                                                     0    0    0.0
  4                                                       -
  5                                                       -
  6                                                       -
  7                                                       -
  8                                                       -
  9                                                       -
 10                                                       -
 11                                                       -
 12                                                     3   21   35.7
 13                                                     3   31   42.7
 14                                                     3   45   52.5
 15                                                       -
 16                                                       -
 17                                                       -
 18                                                     2   25   31.5
 19                                                       -
 20                                                     2   17   25.9
 21                                                     2   12   22.4
 22                                                     3   11   28.7
 23                                                     1    6   11.2
 24                                                     1    7   11.9
 25                                                     1    6   11.2
 26                                                     1    5   10.5
 27                                                     0    0    0.0
 28                                                       -
 29                                                       -
 30                                                     2    8   19.6


 Monthly Mean                                                    19.0

 --------------------------------------------------------------------

 May       1935     (k = 0.70)

 Date Time(UT)      North              South                Total
      h  m      g    f     R       g    f     R         g    f     R
  1                                                     2   13   23.1
  2                                                     3   17   32.9
  3                                                     4   31   49.7
  4                                                       -
  5                                                     6   56   81.2
  6                                                     5   50   70.0
  7                                                     6   49   76.3
  8                                                     6   62   85.4
  9                                                     6   51   77.7
 10                                                       -
 11                                                       -
 12                                                       -
 13                                                       -
 14                                                     4   39   55.3
 15                                                       -
 16                                                     5   23   51.1
 17                                                     4   15   38.5
 18                                                       -
 19                                                       -
 20                                                     0    0    0.0
 21                                                     0    0    0.0
 22                                                     0    0    0.0
 23                                                     0    0    0.0
 24                                                     2   12   22.4
 25                                                     1    4    9.8
 26                                                     0    0    0.0
 27                                                     1    5   10.5
 28                                                       -
 29                                                       -
 30                                                     3   26   39.2
 31                                                     4   33   51.1

 Monthly Mean                                                    36.9

 --------------------------------------------------------------------

 June      1935     (k = 0.70)

 Date Time(UT)      North              South                Total
      h  m      g    f     R       g    f     R         g    f     R
  1                                                     4   44   58.8
  2                                                     4   53   65.1
  3                                                       -
  4                                                       -
  5                                                       -
  6                                                       -
  7                                                       -
  8                                                     4   25   45.5
  9                                                     5   61   77.7
 10                                                     5   78   89.6
 11                                                     6   82   99.4
 12                                                       -
 13                                                     5   57   74.9
 14                                                     4   46   60.2
 15                                                     5   41   63.7
 16                                                     5   46   67.2
 17                                                     4   40   56.0
 18                                                     4   37   53.9
 19                                                       -
 20                                                       -
 21                                                       -
 22                                                       -
 23                                                       -
 24                                                       -
 25                                                       -
 26                                                       -
 27                                                       -
 28                                                     3   35   45.5
 29                                                       -
 30                                                       -


 Monthly Mean                                                    66.0

 --------------------------------------------------------------------

 July      1935     (k = 0.70)

 Date Time(UT)      North              South                Total
      h  m      g    f     R       g    f     R         g    f     R
  1                                                       -
  2                                                     1   39   34.3
  3                                                     1   38   33.6
  4                                                       -
  5                                                     3   21   35.7
  6                                                       -
  7                                                       -
  8                                                     4   36   53.2
  9                                                       -
 10                                                     4   44   58.8
 11                                                       -
 12                                                       -
 13                                                       -
 14                                                     5   50   70.0
 15                                                     5   45   66.5
 16                                                       -
 17                                                     4   51   63.7
 18                                                       -
 19                                                       -
 20                                                       -
 21                                                     3   70   70.0
 22                                                     2   58   54.6
 23                                                     2   46   46.2
 24                                                     2   45   45.5
 25                                                       -
 26                                                       -
 27                                                     1   15   17.5
 28                                                     1    9   13.3
 29                                                     1    6   11.2
 30                                                       -
 31                                                     1   11   14.7

 Monthly Mean                                                    43.1

 --------------------------------------------------------------------

 August    1935     (k = 0.70)

 Date Time(UT)      North              South                Total
      h  m      g    f     R       g    f     R         g    f     R
  1                                                     1   12   15.4
  2                                                     1   14   16.8
  3                                                       -
  4                                                     2   17   25.9
  5                                                       -
  6                                                       -
  7                                                     4   43   58.1
  8                                                     4   45   59.5
  9                                                     4   29   48.3
 10                                                       -
 11                                                       -
 12                                                       -
 13                                                       -
 14                                                       -
 15                                                       -
 16                                                       -
 17                                                     2   16   25.2
 18                                                     3   29   41.3
 19                                                     2   21   28.7
 20                                                     5   64   79.8
 21                                                     4   77   81.9
 22                                                     2   51   49.7
 23                                                     2   39   41.3
 24                                                     2   34   37.8
 25                                                       -
 26                                                       -
 27                                                       -
 28                                                       -
 29                                                       -
 30                                                     2   23   30.1
 31                                                       -

 Monthly Mean                                                    42.7

 --------------------------------------------------------------------

 September 1935     (k = 0.70)

 Date Time(UT)      North              South                Total
      h  m      g    f     R       g    f     R         g    f     R
  1                                                       -
  2                                                       -
  3                                                       -
  4                                                       -
  5                                                       -
  6                                                       -
  7                                                     5   66   81.2
  8                                                     4   59   69.3
  9                                                     4   46   60.2
 10                                                       -
 11                                                       -
 12                                                       -
 13                                                       -
 14                                                       -
 15                                                       -
 16                                                       -
 17                                                       -
 18                                                       -
 19                                                     3   53   58.1
 20                                                       -
 21                                                       -
 22                                                       -
 23                                                       -
 24                                                       -
 25                                                       -
 26                                                     7   95  115.5
 27                                                     7  105  122.5
 28                                                     8   97  123.9
 29                                                       -
 30                                                     8   58   96.6


 Monthly Mean                                                    90.9

 --------------------------------------------------------------------

 October   1935     (k = 0.70)

 Date Time(UT)      North              South                Total
      h  m      g    f     R       g    f     R         g    f     R
  1                                                     9   76  116.2
  2                                                       -
  3                                                     7   74  100.8
  4                                                     6   78   96.6
  5                                                     7   78  103.6
  6                                                     7   76  102.2
  7                                                     6   59   83.3
  8                                                       -
  9                                                       -
 10                                                       -
 11                                                       -
 12                                                     5   51   70.7
 13                                                       -
 14                                                       -
 15                                                       -
 16                                                       -
 17                                                       -
 18                                                    11  136  172.2
 19                                                       -
 20                                                     8  154  163.8
 21                                                     9  125  150.5
 22                                                     8  109  132.3
 23                                                     7  123  135.1
 24                                                     7  130  140.0
 25                                                     5  127  123.9
 26                                                       -
 27                                                       -
 28                                                     5   73   86.1
 29                                                     5   64   79.8
 30                                                     3   50   56.0
 31                                                     3   35   45.5

 Monthly Mean                                                   108.8

 --------------------------------------------------------------------

 November  1935     (k = 0.70)

 Date Time(UT)      North              South                Total
      h  m      g    f     R       g    f     R         g    f     R
  1                                                     2   18   26.6
  2                                                     2   32   36.4
  3                                                     3   44   51.8
  4                                                       -
  5                                                       -
  6                                                       -
  7                                                     5   88   96.6
  8                                                     6   90  105.0
  9                                                     6   96  109.2
 10                                                     6  112  120.4
 11                                                     6  109  118.3
 12                                                     6  117  123.9
 13                                                     7  132  141.4
 14                                                     8  149  160.3
 15                                                       -
 16                                                     9  174  184.8
 17                                                       -
 18                                                     9  157  172.9
 19                                                       -
 20                                                       -
 21                                                     8  135  150.5
 22                                                     8  115  136.5
 23                                                       -
 24                                                       -
 25                                                       -
 26                                                     5   85   94.5
 27                                                     4   87   88.9
 28                                                       -
 29                                                       -
 30                                                     2  104   86.8


 Monthly Mean                                                   111.4

 --------------------------------------------------------------------

 December  1935     (k = 0.70)

 Date Time(UT)      North              South                Total
      h  m      g    f     R       g    f     R         g    f     R
  1                                                       -
  2                                                       -
  3                                                     3  141  119.7
  4                                                     2  135  108.5
  5                                                       -
  6                                                     5  111  112.7
  7                                                     5   98  103.6
  8                                                     6   97  109.9
  9                                                       -
 10                                                     7  100  119.0
 11                                                     6   93  107.1
 12                                                       -
 13                                                     7   96  116.2
 14                                                     5   84   93.8
 15                                                     4   65   73.5
 16                                                     6   82   99.4
 17                                                       -
 18                                                     5   62   78.4
 19                                                     5   50   70.0
 20                                                     3   25   38.5
 21                                                     3   40   49.0
 22                                                     4   41   56.7
 23                                                     5   55   73.5
 24                                                     6   73   93.1
 25                                                     7   98  117.6
 26                                                       -
 27                                                       -
 28                                                       -
 29                                                       -
 30                                                     8  119  139.3
 31                                                       -

 Monthly Mean                                                    94.0

 --------------------------------------------------------------------

