 January   1949     (k = 0.70)

 Date Time(UT)      North              South                Total
      h  m      g    f     R       g    f     R         g    f     R
  1    -
  2  01 00      3   23   37.1      6   43   72.1        9   66  109.2
  3    -
  4  01 00      3   21   35.7      7   31   70.7       10   52  106.4
  5  00 40      5   33   58.1      4   21   42.7        9   54  100.8
  6  01 05      2   12   22.4      4   16   39.2        6   28   61.6
  7  05 30      3   22   36.4      4   26   46.2        7   48   82.6
  8  04 30      2   20   28.0      8   57   95.9       10   77  123.9
  9  00 45      3    8   26.6      9   55  101.5       12   63  128.1
 10  05 00      2    7   18.9     11   95  143.5       13  102  162.4
 11  05 00      3   10   28.0      9   98  131.6       12  108  159.6
 12  00 25      4   26   46.2      9   87  123.9       13  113  170.1
 13  04 40      4   39   55.3      8   50   91.0       12   89  146.3
 14  06 00      4   37   53.9      7   42   78.4       11   79  132.3
 15    -
 16  01 10      4   52   64.4      5   52   71.4        9  104  135.8
 17  00 20      7   83  107.1      5   56   74.2       12  139  181.3
 18  00 30      5   78   89.6      7   57   88.9       12  135  178.5
 19  00 30      6   63   86.1      6   39   69.3       12  102  155.4
 20  01 00      8   69  104.3      5   91   98.7       13  160  203.0
 21  00 40      7   92  113.4      6   88  103.6       13  180  217.0
 22  02 00      6   76   95.2      7   37   74.9       13  113  170.1
 23  00 00      5   67   81.9      5   24   51.8       10   91  133.7
 24  01 00      5  110  112.0      4   24   44.8        9  134  156.8
 25  01 40      6   82   99.4      3   18   33.6        9  100  133.0
 26  00 30      6   56   81.2      6   13   51.1       12   69  132.3
 27  00 55      5   56   74.2      2    6   18.2        7   62   92.4
 28    -
 29  01 10      5   15   45.5      8   41   84.7       13   56  130.2
 30  00 50      3    9   27.3      4   34   51.8        7   43   79.1
 31  01 25      2   22   29.4      5   66   81.2        7   88  110.6

 Monthly Mean            61.4               75.4                136.8

 --------------------------------------------------------------------

 February  1949     (k = 0.70)

 Date Time(UT)      North              South                Total
      h  m      g    f     R       g    f     R         g    f     R
  1  03 30      3   46   53.2      5   85   94.5        8  131  147.7
  2  01 50      4   80   84.0      5  145  136.5        9  225  220.5
  3    -
  4  01 30      5   61   77.7      6  115  122.5       11  176  200.2
  5  01 00      4   32   50.4      5   91   98.7        9  123  149.1
  6  01 30      6   46   74.2      7  124  135.8       13  170  210.0
  7  00 00      7   69   97.3      6  144  142.8       13  213  240.1
  8  00 50      7   53   86.1      9  146  165.2       16  199  251.3
  9  01 00      6   25   59.5      8   99  125.3       14  124  184.8
 10    -
 11  01 50      7   66   95.2      8  120  140.0       15  186  235.2
 12    -
 13  00 30      6   67   88.9      9  111  140.7       15  178  229.6
 14  01 30      5   62   78.4      7  102  120.4       12  164  198.8
 15  00 20      8   75  108.5     10  120  154.0       18  195  262.5
 16  00 20      7   54   86.8      9  110  140.0       16  164  226.8
 17  00 30      6   53   79.1      9  111  140.7       15  164  219.8
 18  02 00      5   61   77.7      7   77  102.9       12  138  180.6
 19  01 30      6   76   95.2      7   95  115.5       13  171  210.7
 20  00 30      8   81  112.7      7  100  119.0       15  181  231.7
 21  00 55      7   48   82.6      4   55   66.5       11  103  149.1
 22    -
 23  05 30      6   51   77.7      3   30   42.0        9   81  119.7
 24  00 00      8   88  117.6      2   44   44.8       10  132  162.4
 25    -
 26    -
 27    -
 28  00 30      5   91   98.7      2   15   24.5        7  106  123.2




 Monthly Mean            84.8              113.0                197.8

 --------------------------------------------------------------------

 March     1949     (k = 0.70)

 Date Time(UT)      North              South                Total
      h  m      g    f     R       g    f     R         g    f     R
  1  00 00      6   87  102.9      4   13   37.1       10  100  140.0
  2  00 30      6   55   80.5      3   14   30.8        9   69  111.3
  3  00 30      6   87  102.9      2   10   21.0        8   97  123.9
  4  02 10      5  100  105.0      3   20   35.0        8  120  140.0
  5    -
  6  00 30      6   75   94.5      7   27   67.9       13  102  162.4
  7  00 50      6   70   91.0      6   54   79.8       12  124  170.8
  8  00 30      5   89   97.3      7   36   74.2       12  125  171.5
  9  00 00      4   54   65.8      8   27   74.9       12   81  140.7
 10  00 00      4   57   67.9      7   53   86.1       11  110  154.0
 11  01 30      4   71   77.7      6   70   91.0       10  141  168.7
 12  00 30      5   53   72.1      7   54   86.8       12  107  158.9
 13    -
 14  03 00      6   42   71.4      7   59   90.3       13  101  161.7
 15    -
 16  00 15      7   40   77.0      9   63  107.1       16  103  184.1
 17    -
 18  01 30      7   40   77.0      7   76  102.2       14  116  179.2
 19  00 30      6   46   74.2      5   86   95.2       11  132  169.4
 20  00 30      7   45   80.5      6   83  100.1       13  128  180.6
 21  01 00      8   65  101.5      4  107  102.9       12  172  204.4
 22    -
 23  02 00      5   53   72.1      6   88  103.6       11  141  175.7
 24  02 30      7   28   68.6      5   54   72.8       12   82  141.4
 25  01 20      7   31   70.7      6   48   75.6       13   79  146.3
 26    -
 27    -
 28    -
 29  00 30      8   27   74.9      3   13   30.1       11   40  105.0
 30  00 30      8   39   83.3      3   11   28.7       11   50  112.0
 31  01 20      5   47   67.9      4   16   39.2        9   63  107.1

 Monthly Mean            81.6               71.0                152.6

 --------------------------------------------------------------------

 April     1949     (k = 0.70)

 Date Time(UT)      North              South                Total
      h  m      g    f     R       g    f     R         g    f     R
  1  00 40      5   74   86.8      5   24   51.8       10   98  138.6
  2  05 00      5   51   70.7      4   39   55.3        9   90  126.0
  3    -
  4  01 15      6   62   85.4      6   66   88.2       12  128  173.6
  5  00 40      5   50   70.0      6   59   83.3       11  109  153.3
  6  06 30      4   81   84.7      6   46   74.2       10  127  158.9
  7  04 00      4   88   89.6      4   44   58.8        8  132  148.4
  8  02 00      5   77   88.9      5   36   60.2       10  113  149.1
  9  05 00      4   50   63.0      7   29   69.3       11   79  132.3
 10  00 30      6   54   79.8      5   40   63.0       11   94  142.8
 11    -
 11  23 30      6   27   60.9      5   41   63.7       11   68  124.6
 13  05 30      5   65   80.5      5   47   67.9       10  112  148.4
 13  23 45      6   48   75.6      4   34   51.8       10   82  127.4
 15  03 30      5   63   79.1      4   27   46.9        9   90  126.0
 16  00 25      4   52   64.4      3   19   34.3        7   71   98.7
 17  01 50      4   92   92.4      4   53   65.1        8  145  157.5
 18  00 00      6  106  116.2      5   78   89.6       11  184  205.8
 19  05 00      5   93  100.1      3   56   60.2        8  149  160.3
 19  23 00      7  104  121.8      3   49   55.3       10  153  177.1
 21    -
 22  01 00      6   97  109.9      5   61   77.7       11  158  187.6
 23    -
 24  00 20      6  103  114.1      6   68   89.6       12  171  203.7
 25  00 30      5   49   69.3      7   38   75.6       12   87  144.9
 26  00 30      6   86  102.2      6   76   95.2       12  162  197.4
 27    -
 28  00 15      6   49   76.3      5   50   70.0       11   99  146.3
 29  01 10      5   33   58.1      5   40   63.0       10   73  121.1
 30  00 10      5   20   49.0      5   52   71.4       10   72  120.4


 Monthly Mean            83.6               67.3                150.8

 --------------------------------------------------------------------

 May       1949     (k = 0.70)

 Date Time(UT)      North              South                Total
      h  m      g    f     R       g    f     R         g    f     R
  1    -
  2  00 46      6   38   68.6      4   28   47.6       10   66  116.2
  3  00 20      9   58  103.6      4   11   35.7       13   69  139.3
  3  23 30      8  113  135.1      2   14   23.8       10  127  158.9
  5    -
  6  02 50      8  114  135.8      4   14   37.8       12  128  173.6
  7    -
  7  23 40      6   56   81.2      4   36   53.2       10   92  134.4
  9  00 30      5   42   64.4      4   65   73.5        9  107  137.9
  9  23 20      4   18   40.6      3   75   73.5        7   93  114.1
 11  00 00      4   16   39.2      3   47   53.9        7   63   93.1
 11  23 30      2    8   19.6      4   51   63.7        6   59   83.3
 13    -
 13  23 30      4   22   43.4      2   11   21.7        6   33   65.1
 14  22 45      3   13   30.1      3   20   35.0        6   33   65.1
 15  23 00      3   11   28.7      2   23   30.1        5   34   58.8
 16  22 30      4   36   53.2      3   39   48.3        7   75  101.5
 18  01 00      6   56   81.2      3   55   59.5        9  111  140.7
 19    -
 20    -
 20  23 30      2   35   38.5      5   60   77.0        7   95  115.5
 21  23 30      2   15   24.5      5   73   86.1        7   88  110.6
 23    -
 23  23 00      8   51   91.7      5   40   63.0       13   91  154.7
 25  00 50      7   20   63.0      7   55   87.5       14   75  150.5
 25  23 30      6   42   71.4      4   26   46.2       10   68  117.6
 27  00 30      8   64  100.8      4   25   45.5       12   89  146.3
 28  01 50      9   64  107.8      3   15   31.5       12   79  139.3
 29  00 30      9   77  116.9      2   17   25.9       11   94  142.8
 30  00 30      7  127  137.9      2   15   24.5        9  142  162.4


 Monthly Mean            72.9               49.8                122.7

 --------------------------------------------------------------------

 June      1949     (k = 0.70)

 Date Time(UT)      North              South                Total
      h  m      g    f     R       g    f     R         g    f     R
 31  23 30      7  120  133.0      2   40   42.0        9  160  175.0
  2  00 00      6  103  114.1      3   22   36.4        9  125  150.5
  3  07 00      7   77  102.9      4   24   44.8       11  101  147.7
  4  03 30      5   59   76.3      4   16   39.2        9   75  115.5
  5  01 00      5   76   88.2      3   21   35.7        8   97  123.9
  6  00 30      7   80  105.0      4   18   40.6       11   98  145.6
  7    -
  8    -
  9    -
 10    -
 11  01 00      3   26   39.2      4   25   45.5        7   51   84.7
 11  23 30      4   22   43.4      7   42   78.4       11   64  121.8
 12  23 10      3    7   25.9      8   78  110.6       11   85  136.5
 14  08 00      3   14   30.8      8   72  106.4       11   86  137.2
 14  23 50      1    6   11.2      5   55   73.5        6   61   84.7
 16    -
 17  03 00      4   14   37.8      2   44   44.8        6   58   82.6
 18    -
 19    -
 20    -
 21    -
 22  00 30      6   39   69.3      3   13   30.1        9   52   99.4
 23  00 00      8   68  103.6      2   15   24.5       10   83  128.1
 24    -
 25    -
 25  23 00      7   73  100.1      3   44   51.8       10  117  151.9
 27    -
 28  02 00      8  180  182.0      3   44   51.8       11  224  233.8
 29  05 30      6  203  184.1      5   50   70.0       11  253  254.1
 30    -


 Monthly Mean            85.1               54.5                139.6

 --------------------------------------------------------------------

 July      1949     (k = 0.70)

 Date Time(UT)      North              South                Total
      h  m      g    f     R       g    f     R         g    f     R
  1  00 20      7  116  130.2      6   83  100.1       13  199  230.3
  1  23 30      6   91  105.7      5   53   72.1       11  144  177.8
  3    -
  3  22 10      4   77   81.9      3   29   41.3        7  106  123.2
  4  23 00      1   40   35.0      5   26   53.2        6   66   88.2
  5  23 00      1    8   12.6      6   28   61.6        7   36   74.2
  6  22 30      1    5   10.5      7   66   95.2        8   71  105.7
  8    -
  9  00 00      1    2    8.4      5   55   73.5        6   57   81.9
 10  00 45      2    3   16.1      4   38   54.6        6   41   70.7
 11  00 30      3   19   34.3      3   20   35.0        6   39   69.3
 11  22 30      3   31   42.7      5   19   48.3        8   50   91.0
 13  00 00      2   43   44.1      6   30   63.0        8   73  107.1
 13  23 30      1   53   44.1      5   36   60.2        6   89  104.3
 15  06 20      3   89   83.3      4   46   60.2        7  135  143.5
 16  00 30      3   66   67.2      4   38   54.6        7  104  121.8
 17  00 30      6   66   88.2      3   40   49.0        9  106  137.2
 17  23 40      5   48   68.6      3   22   36.4        8   70  105.0
 19  00 00      7   54   86.8      6   23   58.1       13   77  144.9
 20  00 00      8   63  100.1      5   23   51.1       13   86  151.2
 21  00 30     10   96  137.2      3   25   38.5       13  121  175.7
 22  03 00      9  101  133.7      4   27   46.9       13  128  180.6
 23  07 00      8  101  126.7      4   26   46.2       12  127  172.9
 24  00 10      6  115  122.5      4   31   49.7       10  146  172.2
 25  01 00      8  150  161.0      5   34   58.8       13  184  219.8
 26    -
 27  06 00      6   65   87.5      5   83   93.1       11  148  180.6
 27    -
 29  07 00      4   30   49.0      4  129  118.3        8  159  167.3
 30  00 30      6   24   58.8      5  169  153.3       11  193  212.1
 31  00 30      4   24   44.8      5  231  196.7        9  255  241.5

 Monthly Mean            73.4               69.2                142.6

 --------------------------------------------------------------------

 August    1949     (k = 0.70)

 Date Time(UT)      North              South                Total
      h  m      g    f     R       g    f     R         g    f     R
  1  02 30      4    9   34.3      4  174  149.8        8  183  184.1
  2  03 00      3   12   29.4      4  163  142.1        7  175  171.5
  3  03 00      3   19   34.3      3  158  131.6        6  177  165.9
  4  00 30      4   19   41.3      5  126  123.2        9  145  164.5
  5  06 00      3   25   38.5      5   77   88.9        8  102  127.4
  6  00 30      3   22   36.4      7   52   85.4       10   74  121.8
  7    -
  8  01 00      3   31   42.7      2    9   20.3        5   40   63.0
  9  04 30      6   29   62.3      0    0    0.0        6   29   62.3
  9  23 30      6   17   53.9      2    4   16.8        8   21   70.7
 11  00 30      4    5   31.5      1    1    7.7        5    6   39.2
 12  02 00      4   12   36.4      2    6   18.2        6   18   54.6
 13  00 00      4   39   55.3      1   13   16.1        5   52   71.4
 14  02 30      6  107  116.9      1   14   16.8        7  121  133.7
 15  00 30      7  146  151.2      1    5   10.5        8  151  161.7
 16  02 00      8  141  154.7      2    3   16.1       10  144  170.8
 17  00 00      7  196  186.2      1    4    9.8        8  200  196.0
 18  05 00      9  211  210.7      3   31   42.7       12  242  253.4
 19    -
 20  03 00      6  235  206.5      2   39   41.3        8  274  247.8
 21  05 00      4  198  166.6      5   28   54.6        9  226  221.2
 22  02 00      6  219  195.3      6   28   61.6       12  247  256.9
 23  02 30      6  187  172.9      5   29   55.3       11  216  228.2
 24  03 00      6  143  142.1      6   53   79.1       12  196  221.2
 25  02 30      4  115  108.5      6   70   91.0       10  185  199.5
 26  02 00      7  164  163.8      5   79   90.3       12  243  254.1
 27  01 10      7  125  136.5      7   80  105.0       14  205  241.5
 28  01 30      6  150  147.0      7   85  108.5       13  235  255.5
 29  00 30      5  102  106.4      5   95  101.5       10  197  207.9
 30  03 00      6   74   93.8      8  104  128.8       14  178  222.6


 Monthly Mean           105.5               64.8                170.3

 --------------------------------------------------------------------

 September 1949     (k = 0.70)

 Date Time(UT)      North              South                Total
      h  m      g    f     R       g    f     R         g    f     R
  1    -
  2    -
  3  03 00      6   68   89.6      7   65   94.5       13  133  184.1
  4    -
  5  02 30      5   74   86.8      6   97  109.9       11  171  196.7
  6  00 30      3   69   69.3      9  100  133.0       12  169  202.3
  7  00 30      4   77   81.9      5   96  102.2        9  173  184.1
  8  00 00      5   52   71.4      4   98   96.6        9  150  168.0
  9  01 30      7   68   96.6      5   99  104.3       12  167  200.9
 10    -
 11    -
 12    -
 13    -
 14  03 00      8   64  100.8      3   80   77.0       11  144  177.8
 15  00 30      7   41   77.7      4   72   78.4       11  113  156.1
 16  01 30     10   73  121.1      4  119  111.3       14  192  232.4
 17  02 00      8   67  102.9      4  111  105.7       12  178  208.6
 18    -
 19  05 30      9   69  111.3      4  124  114.8       13  193  226.1
 20  00 30      8   43   86.1      4   94   93.8       12  137  179.9
 21    -
 22    -
 23    -
 24  01 30      4   26   46.2      8  115  136.5       12  141  182.7
 25  01 00      5   40   63.0      7  114  128.8       12  154  191.8
 26  01 05      6   31   63.7      5   93  100.1       11  124  163.8
 27  00 30      5   25   52.5      3   62   64.4        8   87  116.9
 28  00 00      3   10   28.0      2   73   65.1        5   83   93.1
 29  02 30      0    0    0.0      4   57   67.9        4   57   67.9
 30  02 00      0    0    0.0      3   21   35.7        3   21   35.7


 Monthly Mean            71.0               95.8                166.8

 --------------------------------------------------------------------

 October   1949     (k = 0.70)

 Date Time(UT)      North              South                Total
      h  m      g    f     R       g    f     R         g    f     R
  1  03 40      3   34   44.8      4   46   60.2        7   80  105.0
  2  00 10      2   18   26.6      5   51   70.7        7   69   97.3
  3  05 50      6   91  105.7      6   70   91.0       12  161  196.7
  4    -
  5    -
  6    -
  7  01 50      6  192  176.4      6   70   91.0       12  262  267.4
  8  02 00      4  191  161.7      5   70   84.0        9  261  245.7
  9    -
 10  00 30      6  154  149.8      7   50   84.0       13  204  233.8
 11  01 11      8  110  133.0      5   32   57.4       13  142  190.4
 12  01 30      6   95  108.5      5   34   58.8       11  129  167.3
 13    -
 14    -
 15    -
 16  01 20      8  103  128.1      8   65  101.5       16  168  229.6
 17  00 37      5   72   85.4      7   45   80.5       12  117  165.9
 18  02 58      3   36   46.2      5   17   46.9        8   53   93.1
 19    -
 20  01 30      4   22   43.4      3    9   27.3        7   31   70.7
 21    -
 22  01 00      6   99  111.3      3   54   58.8        9  153  170.1
 23  00 22      5   58   75.6      4   27   46.9        9   85  122.5
 24  00 00      5   44   65.8      4   18   40.6        9   62  106.4
 25    -
 26  01 04      5   30   56.0      2   17   25.9        7   47   81.9
 27    -
 28  03 00      6   48   75.6      1   22   22.4        7   70   98.0
 29  04 15      4   24   44.8      1   10   14.0        5   34   58.8
 29  23 46      5   29   55.3      1    6   11.2        6   35   66.5
 31  00 20      4   36   53.2      4   12   36.4        8   48   89.6

 Monthly Mean            87.4               55.5                142.8

 --------------------------------------------------------------------

 November  1949     (k = 0.70)

 Date Time(UT)      North              South                Total
      h  m      g    f     R       g    f     R         g    f     R
  1  00 45      9   58  103.6      2    8   19.6       11   66  123.2
  2  00 23      6   34   65.8      3   12   29.4        9   46   95.2
  3  00 35      7   59   90.3      5   34   58.8       12   93  149.1
  4  01 20      6   88  103.6      3   38   47.6        9  126  151.2
  5  01 25      6   83  100.1      2   26   32.2        8  109  132.3
  6  00 35      5   95  101.5      3   46   53.2        8  141  154.7
  7  00 44      7   95  115.5      2   65   59.5        9  160  175.0
  8  03 08      6   91  105.7      2   67   60.9        8  158  166.6
  8  23 48      8  107  130.9      5   59   76.3       13  166  207.2
 10  00 30      6   95  108.5      4   71   77.7       10  166  186.2
 11  02 00      6   81   98.7      4   55   66.5       10  136  165.2
 12    -
 13    -
 14  02 52      6   74   93.8      2   40   42.0        8  114  135.8
 15  00 55      5   93  100.1      2   51   49.7        7  144  149.8
 16  00 53      5   77   88.9      1   32   29.4        6  109  118.3
 17    -
 18  01 00      2   52   50.4     14  150  203.0       16  202  253.4
 19  01 00      2   39   41.3      9  116  144.2       11  155  185.5
 20    -
 21    -
 22    -
 23    -
 24  05 14      9   72  113.4      4   45   59.5       13  117  172.9
 25    -
 26    -
 27    -
 27    -
 29  01 00     10   73  121.1      6   60   84.0       16  133  205.1
 30    -


 Monthly Mean            96.3               66.3                162.6

 --------------------------------------------------------------------

 December  1949     (k = 0.70)

 Date Time(UT)      North              South                Total
      h  m      g    f     R       g    f     R         g    f     R
  1  06 00      7   50   84.0      5   31   56.7       12   81  140.7
  2  01 10      9   77  116.9      7   46   81.2       16  123  198.1
  3    -
  4  00 46      7   50   84.0      4   33   51.1       11   83  135.1
  5  01 00      5   47   67.9      4   29   48.3        9   76  116.2
  6  00 25      4   33   51.1      5   28   54.6        9   61  105.7
  7  01 30      5   49   69.3      3   37   46.9        8   86  116.2
  8  00 36      5   50   70.0      4   45   59.5        9   95  129.5
  9  00 40      3   86   81.2      3   68   68.6        6  154  149.8
 10  01 00      3   48   54.6      3   45   52.5        6   93  107.1
 11  01 12      5   39   62.3      6   50   77.0       11   89  139.3
 12  01 16      7   49   83.3      6   55   80.5       13  104  163.8
 13    -
 14  05 30      7   41   77.7      5   24   51.8       12   65  129.5
 15  05 30      7   53   86.1      3   36   46.2       10   89  132.3
 16  00 40      7   66   95.2      4   30   49.0       11   96  144.2
 17  01 06      9   45   94.5      2   14   23.8       11   59  118.3
 18  01 00      5   62   78.4      2   17   25.9        7   79  104.3
 19  01 01      8   74  107.8      2    9   20.3       10   83  128.1
 20  01 00      7   54   86.8      6   16   53.2       13   70  140.0
 21    -
 22    -
 23  02 00      6   74   93.8      4   37   53.9       10  111  147.7
 24  05 00      5   56   74.2      4   28   47.6        9   84  121.8
 25  00 30      7   66   95.2      2   36   39.2        9  102  134.4
 26  01 45      7   42   78.4      2   19   27.3        9   61  105.7
 27  00 25      6   44   72.8      2   23   30.1        8   67  102.9
 28    -
 29  00 50      6   31   63.7      2   15   24.5        8   46   88.2
 30  02 00      7   85  108.5      1   18   19.6        8  103  128.1


 Monthly Mean            81.5               47.6                129.1

 --------------------------------------------------------------------

