 January   1938     (k = 0.60)

 Date Time(UT)      North              South                Total
      h  m      g    f     R       g    f     R         g    f     R
  1                                                       -
  2                                                     8   72   91.2
  3                                                     7   65   81.0
  4                                                     5   36   51.6
  5                                                     6   83   85.8
  6                                                     6   58   70.8
  7                                                     6   70   78.0
  8                                                     8   99  107.4
  9                                                     8  138  130.8
 10                                                     7  109  107.4
 11                                                     7  130  120.0
 12                                                     6   97   94.2
 13                                                     7  119  113.4
 14                                                     6   83   85.8
 15                                                     8  140  132.0
 16                                                     6  145  123.0
 17                                                     6  135  117.0
 18                                                     6  112  103.2
 19                                                     6   81   84.6
 20                                                       -
 21                                                       -
 22                                                       -
 23                                                     9   89  107.4
 24                                                    13   86  129.6
 25                                                    12   69  113.4
 26                                                     8   37   70.2
 27                                                     7   31   60.6
 28                                                     8   49   77.4
 29                                                     9   63   91.8
 30                                                       -
 31                                                    12   67  112.2

 Monthly Mean                                                    97.7

 --------------------------------------------------------------------

 February  1938     (k = 0.60)

 Date Time(UT)      North              South                Total
      h  m      g    f     R       g    f     R         g    f     R
  1                                                     8   74   92.4
  2                                                     9   74   98.4
  3                                                    12   79  119.4
  4                                                     8   65   87.0
  5                                                       -
  6                                                       -
  7                                                    10  115  129.0
  8                                                     6   90   90.0
  9                                                     6  116  105.6
 10                                                     9  129  131.4
 11                                                     7  117  112.2
 12                                                    10  168  160.8
 13                                                     8  194  164.4
 14                                                       -
 15                                                    12  141  156.6
 16                                                    17  219  233.4
 17                                                       -
 18                                                    16  189  209.4
 19                                                    15  135  171.0
 20                                                     8   79   95.4
 21                                                    10  106  123.6
 22                                                    11   82  115.2
 23                                                    10   61   96.6
 24                                                     7   92   97.2
 25                                                     7   80   90.0
 26                                                     9   79  101.4
 27                                                     8   81   96.6
 28                                                     7   79   89.4




 Monthly Mean                                                   123.6

 --------------------------------------------------------------------

 March     1938     (k = 0.60)

 Date Time(UT)      North              South                Total
      h  m      g    f     R       g    f     R         g    f     R
  1                                                     6   68   76.8
  2                                                       -
  3                                                       -
  4                                                     4   36   45.6
  5                                                       -
  6                                                       -
  7                                                       -
  8                                                       -
  9                                                       -
 10                                                       -
 11                                                       -
 12                                                     9  139  137.4
 13                                                       -
 14                                                       -
 15                                                     8  142  133.2
 16                                                    15  148  178.8
 17                                                    12  145  159.0
 18                                                    10  102  121.2
 19                                                    10   98  118.8
 20                                                     7   59   77.4
 21                                                     6   62   73.2
 22                                                       -
 23                                                       -
 24                                                       -
 25                                                     4   42   49.2
 26                                                     4   38   46.8
 27                                                       -
 28                                                       -
 29                                                     5   73   73.8
 30                                                     5   88   82.8
 31                                                     7   86   93.6

 Monthly Mean                                                    97.8

 --------------------------------------------------------------------

 April     1938     (k = 0.60)

 Date Time(UT)      North              South                Total
      h  m      g    f     R       g    f     R         g    f     R
  1                                                     8  104  110.4
  2                                                     8  102  109.2
  3                                                       -
  4                                                     8   79   95.4
  5                                                    10   68  100.8
  6                                                    12  108  136.8
  7                                                       -
  8                                                     9   71   96.6
  9                                                       -
 10                                                     7   78   88.8
 11                                                       -
 12                                                     7  118  112.8
 13                                                     8  124  122.4
 14                                                     7  176  147.6
 15                                                     7  128  118.8
 16                                                     9  115  123.0
 17                                                     9  136  135.6
 18                                                     7  126  117.6
 19                                                     8  139  131.4
 20                                                     9  113  121.8
 21                                                     8  140  132.0
 22                                                       -
 23                                                       -
 24                                                     8  111  114.6
 25                                                       -
 26                                                     8   61   84.6
 27                                                       -
 28                                                    10  106  123.6
 29                                                    13  118  148.8
 30                                                    11  145  153.0


 Monthly Mean                                                   119.3

 --------------------------------------------------------------------

 May       1938     (k = 0.60)

 Date Time(UT)      North              South                Total
      h  m      g    f     R       g    f     R         g    f     R
  1                                                    10  119  131.4
  2                                                    13  124  152.4
  3                                                       -
  4                                                       -
  5                                                       -
  6                                                       -
  7                                                       -
  8                                                       -
  9                                                    14  111  150.6
 10                                                    13  127  154.2
 11                                                    12  197  190.2
 12                                                    12  100  132.0
 13                                                    12  138  154.8
 14                                                    12  112  139.2
 15                                                    11  136  147.6
 16                                                       -
 17                                                       -
 18                                                       -
 19                                                       -
 20                                                     8  139  131.4
 21                                                       -
 22                                                       -
 23                                                       -
 24                                                    11  210  192.0
 25                                                       -
 26                                                    13  158  172.8
 27                                                    11  127  142.2
 28                                                       -
 29                                                     9   89  107.4
 30                                                     8   84   98.4
 31                                                     9   85  105.0

 Monthly Mean                                                   143.9

 --------------------------------------------------------------------

 June      1938     (k = 0.60)

 Date Time(UT)      North              South                Total
      h  m      g    f     R       g    f     R         g    f     R
  1                                                     9   76   99.6
  2                                                     7   58   76.8
  3                                                     9  113  121.8
  4                                                     8  128  124.8
  5                                                     8   74   92.4
  6                                                     8   72   91.2
  7                                                    13  130  156.0
  8                                                       -
  9                                                       -
 10                                                       -
 11                                                    10   90  114.0
 12                                                       -
 13                                                       -
 14                                                       -
 15                                                       -
 16                                                       -
 17                                                       -
 18                                                     7   66   81.6
 19                                                       -
 20                                                       -
 21                                                       -
 22                                                     7  119  113.4
 23                                                       -
 24                                                     5  114   98.4
 25                                                       -
 26                                                     7   75   87.0
 27                                                    12   88  124.8
 28                                                       -
 29                                                       -
 30                                                     8  206  171.6


 Monthly Mean                                                   111.0

 --------------------------------------------------------------------

 July      1938     (k = 0.60)

 Date Time(UT)      North              South                Total
      h  m      g    f     R       g    f     R         g    f     R
  1                                                       -
  2                                                       -
  3                                                       -
  4                                                       -
  5                                                       -
  6                                                    11  243  211.8
  7                                                       -
  8                                                       -
  9                                                    12  208  196.8
 10                                                       -
 11                                                       -
 12                                                       -
 13                                                    12  348  280.8
 14                                                       -
 15                                                       -
 16                                                    11   87  118.2
 17                                                    10  110  126.0
 18                                                    11  189  179.4
 19                                                    12  142  157.2
 20                                                    13  151  168.6
 21                                                    10  111  126.6
 22                                                    10  103  121.8
 23                                                    13  103  139.8
 24                                                    13  193  193.8
 25                                                    15  232  229.2
 26                                                    13  254  230.4
 27                                                       -
 28                                                       -
 29                                                    12  174  176.4
 30                                                    12  137  154.2
 31                                                       -

 Monthly Mean                                                   175.7

 --------------------------------------------------------------------

 August    1938     (k = 0.60)

 Date Time(UT)      North              South                Total
      h  m      g    f     R       g    f     R         g    f     R
  1                                                       -
  2                                                       -
  3                                                       -
  4                                                    12  102  133.2
  5                                                    14  140  168.0
  6                                                    13  158  172.8
  7                                                       -
  8                                                       -
  9                                                       -
 10                                                    13  184  188.4
 11                                                    14  210  210.0
 12                                                    13  212  205.2
 13                                                    13  137  160.2
 14                                                     8  124  122.4
 15                                                     8  141  132.6
 16                                                    13  143  163.8
 17                                                    12  130  150.0
 18                                                       -
 19                                                     9  149  143.4
 20                                                    12  127  148.2
 21                                                     9   54   86.4
 22                                                     8   56   81.6
 23                                                     9   66   93.6
 24                                                       -
 25                                                       -
 26                                                       -
 27                                                       -
 28                                                     6   67   76.2
 29                                                    11  122  139.2
 30                                                       -
 31                                                       -

 Monthly Mean                                                   143.1

 --------------------------------------------------------------------

 September 1938     (k = 0.60)

 Date Time(UT)      North              South                Total
      h  m      g    f     R       g    f     R         g    f     R
  1                                                    10  141  144.6
  2                                                       -
  3                                                       -
  4                                                    10  254  212.4
  5                                                       -
  6                                                    12  229  209.4
  7                                                    11  194  182.4
  8                                                     7  151  132.6
  9                                                     8  151  138.6
 10                                                    11   96  123.6
 11                                                     9   79  101.4
 12                                                     7   41   66.6
 13                                                     7   49   71.4
 14                                                     9   83  103.8
 15                                                     7   84   92.4
 16                                                       -
 17                                                     8   74   92.4
 18                                                     7   72   85.2
 19                                                     8   58   82.8
 20                                                       -
 21                                                     9   65   93.0
 22                                                     9   70   96.0
 23                                                       -
 24                                                       -
 25                                                    10  163  157.8
 26                                                    11  196  183.6
 27                                                       -
 28                                                       -
 29                                                    12  206  195.6
 30                                                       -


 Monthly Mean                                                   128.3

 --------------------------------------------------------------------

 October   1938     (k = 0.60)

 Date Time(UT)      North              South                Total
      h  m      g    f     R       g    f     R         g    f     R
  1                                                    14  129  161.4
  2                                                    12  116  141.6
  3                                                    10   81  108.6
  4                                                       -
  5                                                    10   82  109.2
  6                                                    10   98  118.8
  7                                                       -
  8                                                     8  130  126.0
  9                                                     8  155  141.0
 10                                                     8  146  135.6
 11                                                    10  233  199.8
 12                                                       -
 13                                                       -
 14                                                     7  141  126.6
 15                                                       -
 16                                                       -
 17                                                     7  103  103.8
 18                                                       -
 19                                                     3   17   28.2
 20                                                       -
 21                                                       -
 22                                                       -
 23                                                       -
 24                                                     6   73   79.8
 25                                                     6   79   83.4
 26                                                     9   98  112.8
 27                                                    14  111  150.6
 28                                                    16  155  189.0
 29                                                    14  193  199.8
 30                                                       -
 31                                                    14  116  153.6

 Monthly Mean                                                   130.0

 --------------------------------------------------------------------

 November  1938     (k = 0.60)

 Date Time(UT)      North              South                Total
      h  m      g    f     R       g    f     R         g    f     R
  1                                                       -
  2                                                    14  110  150.0
  3                                                       -
  4                                                    13   90  132.0
  5                                                    18  113  175.8
  6                                                    16  104  158.4
  7                                                    17  163  199.8
  8                                                    11  201  186.6
  9                                                    12  196  189.6
 10                                                     9  169  155.4
 11                                                       -
 12                                                       -
 13                                                     9  152  145.2
 14                                                    12  150  162.0
 15                                                    10  155  153.0
 16                                                       -
 17                                                    12  137  154.2
 18                                                    12  128  148.8
 19                                                     9  148  142.8
 20                                                     6  105   99.0
 21                                                     7  110  108.0
 22                                                     9   83  103.8
 23                                                     8   60   84.0
 24                                                       -
 25                                                     8   96  105.6
 26                                                     7  135  123.0
 27                                                     4  130  102.0
 28                                                     7  162  139.2
 29                                                     5  162  127.2
 30                                                     5  169  131.4


 Monthly Mean                                                   140.7

 --------------------------------------------------------------------

 December  1938     (k = 0.60)

 Date Time(UT)      North              South                Total
      h  m      g    f     R       g    f     R         g    f     R
  1                                                     5  126  105.6
  2                                                     5  144  116.4
  3                                                     8   88  100.8
  4                                                    10  107  124.2
  5                                                    11   86  117.6
  6                                                       -
  7                                                    13   95  135.0
  8                                                    14  140  168.0
  9                                                     7   90   96.0
 10                                                     7   79   89.4
 11                                                       -
 12                                                    10  160  156.0
 13                                                    11  115  135.0
 14                                                    11   98  124.8
 15                                                    11  117  136.2
 16                                                    10   77  106.2
 17                                                     8   57   82.2
 18                                                     9   92  109.2
 19                                                       -
 20                                                       -
 21                                                       -
 22                                                     5   72   73.2
 23                                                       -
 24                                                     9   91  108.6
 25                                                     8   73   91.8
 26                                                     8  108  112.8
 27                                                     7   79   89.4
 28                                                       -
 29                                                     5   59   65.4
 30                                                     5   34   50.4
 31                                                     4   30   42.0

 Monthly Mean                                                   105.7

 --------------------------------------------------------------------

