 January   1984     (k = 0.72)

 Date Time(UT)      North              South                Total
      h  m      g    f     R       g    f     R         g    f     R
  1    -
  2    -
  3    -
  4  00 10      1   16   18.7      1    1    7.9        2   17   26.6
  5  00 25      1   12   15.8      2    2   15.8        3   14   31.7
  6  00 29      1    2    8.6      3    6   25.9        4    8   34.6
  7  00 25      0    0    0.0      5   12   44.6        5   12   44.6
  8  04 10      0    0    0.0      5   17   48.2        5   17   48.2
  9  00 15      0    0    0.0      6   46   76.3        6   46   76.3
 10  00 10      0    0    0.0      5   34   60.5        5   34   60.5
 11  00 45      0    0    0.0      5   25   54.0        5   25   54.0
 12  00 00      0    0    0.0      5   30   57.6        5   30   57.6
 13  00 10      0    0    0.0      5   54   74.9        5   54   74.9
 14  00 40      0    0    0.0      6   53   81.4        6   53   81.4
 15  01 45      1    2    8.6      2   47   48.2        3   49   56.9
 16  01 35      0    0    0.0      2   29   35.3        2   29   35.3
 17  00 15      0    0    0.0      4   47   62.6        4   47   62.6
 18  00 20      1    1    7.9      4   39   56.9        5   40   64.8
 19    -
 20  00 45      0    0    0.0      5   43   67.0        5   43   67.0
 21    -
 22    -
 23  00 45      3   21   36.7      4   38   56.2        7   59   92.9
 24  00 10      3   37   48.2      5   25   54.0        8   62  102.2
 25  00 50      4   68   77.8      3   19   35.3        7   87  113.0
 26  00 05      5  113  117.4      2   24   31.7        7  137  149.0
 27  00 10      5   95  104.4      1   14   17.3        6  109  121.7
 28  00 10      7  123  139.0      0    0    0.0        7  123  139.0
 29  00 20      5  107  113.0      1    1    7.9        6  108  121.0
 30  00 10      6  108  121.0      2    7   19.4        8  115  140.4
 31    -

 Monthly Mean            34.0               43.3                 77.3

 --------------------------------------------------------------------

 February  1984     (k = 0.72)

 Date Time(UT)      North              South                Total
      h  m      g    f     R       g    f     R         g    f     R
  1  00 40      4   78   85.0      2   10   21.6        6   88  106.6
  2  00 10      4   73   81.4      2   10   21.6        6   83  103.0
  3  00 10      3   40   50.4      5   16   47.5        8   56   97.9
  4  00 05      2   19   28.1      4   25   46.8        6   44   74.9
  5  01 23      2    4   17.3      4   22   44.6        6   26   61.9
  6  00 30      1    5   10.8      7   48   85.0        8   53   95.8
  7  00 20      1    8   13.0      8   56   97.9        9   64  110.9
  8  00 05      1   21   22.3      5   61   79.9        6   82  102.2
  9  00 10      1   19   20.9      6   84  103.7        7  103  124.6
 10  00 15      1   17   19.4      6  126  133.9        7  143  153.4
 11  00 45      1    4   10.1      6  106  119.5        7  110  129.6
 12    -
 13    -
 14  05 00      0    0    0.0      6   58   85.0        6   58   85.0
 15  02 30      1    2    8.6      7   48   85.0        8   50   93.6
 16  00 30      1    2    8.6      5   29   56.9        6   31   65.5
 17  01 00      1    1    7.9      6   21   58.3        7   22   66.2
 18  00 55      1   17   19.4      4   15   39.6        5   32   59.0
 19  00 00      1   21   22.3      4   13   38.2        5   34   60.5
 20  01 45      3   47   55.4      2    3   16.6        5   50   72.0
 21  00 50      2   69   64.1      1    1    7.9        3   70   72.0
 22  00 20      3   73   74.2      2   17   26.6        5   90  100.8
 23    -
 24  00 45      4  127  120.2      2   49   49.7        6  176  169.9
 25  06 50      4  129  121.7      2   47   48.2        6  176  169.9
 26    -
 27  00 45      2   49   49.7      1   49   42.5        3   98   92.2
 28  00 40      2   38   41.8      2   54   53.3        4   92   95.0
 29  00 05      2   33   38.2      3   73   74.2        5  106  112.3



 Monthly Mean            39.6               59.4                 99.0

 --------------------------------------------------------------------

 March     1984     (k = 0.72)

 Date Time(UT)      North              South                Total
      h  m      g    f     R       g    f     R         g    f     R
  1  00 10      2   20   28.8      3   76   76.3        5   96  105.1
  2  00 15      2   17   26.6      4   65   75.6        6   82  102.2
  3  00 05      2   10   21.6      7   75  104.4        9   85  126.0
  4  00 15      1    6   11.5      6   36   69.1        7   42   80.6
  5  00 15      1    3    9.4      7   37   77.0        8   40   86.4
  6  00 15      2    2   15.8      6   50   79.2        8   52   95.0
  7  00 20      0    0    0.0      5   41   65.5        5   41   65.5
  8  00 10      0    0    0.0      7   58   92.2        7   58   92.2
  9  00 15      0    0    0.0      6   55   82.8        6   55   82.8
 10    -
 11  00 15      0    0    0.0      5   31   58.3        5   31   58.3
 12  00 20      0    0    0.0      6   61   87.1        6   61   87.1
 12  23 20      0    0    0.0      7   57   91.4        7   57   91.4
 14    -
 15  00 10      2    9   20.9      8   97  127.4       10  106  148.3
 16    -
 17  00 05      4   33   52.6      6   51   79.9       10   84  132.5
 17  23 50      5   32   59.0      5   44   67.7       10   76  126.7
 19    -
 20    -
 21  00 15      9   67  113.0      5   13   45.4       14   80  158.4
 22  00 20      8   55   97.2      3   17   33.8       11   72  131.0
 22  22 50      7   56   90.7      2   18   27.4        9   74  118.1
 24  00 50      4   17   41.0      2   19   28.1        6   36   69.1
 24  23 25      5   37   62.6      6   67   91.4       11  104  154.1
 26  00 00      4   15   39.6      6   48   77.8       10   63  117.4
 27  00 10      3    6   25.9      5   59   78.5        8   65  104.4
 28  06 45      5    8   41.8      5   50   72.0       10   58  113.8
 29  00 30      2   10   21.6      5   66   83.5        7   76  105.1
 30  00 30      2   13   23.8      3   51   58.3        5   64   82.1
 31  00 00      2   18   27.4      4   78   85.0        6   96  112.3

 Monthly Mean            32.0               73.7                105.6

 --------------------------------------------------------------------

 April     1984     (k = 0.72)

 Date Time(UT)      North              South                Total
      h  m      g    f     R       g    f     R         g    f     R
  1    -
  2  02 20      1   14   17.3      5   98  106.6        6  112  123.8
  3    -
  4  00 05      1   14   17.3      3   82   80.6        4   96   97.9
  5    -
  6  00 35      2    6   18.7      5   41   65.5        7   47   84.2
  7  00 25      2    5   18.0      4   25   46.8        6   30   64.8
  8  03 10      1    2    8.6      2   11   22.3        3   13   31.0
  9  00 05      2    5   18.0      0    0    0.0        2    5   18.0
 10    -
 11  00 10      1    5   10.8      2    8   20.2        3   13   31.0
 12  00 15      1   19   20.9      2    3   16.6        3   22   37.4
 13  00 10      1   26   25.9      0    0    0.0        1   26   25.9
 14  00 10      1   42   37.4      0    0    0.0        1   42   37.4
 15  00 50      1   24   24.5      2    5   18.0        3   29   42.5
 16    -
 17  00 00      3   56   61.9      2   28   34.6        5   84   96.5
 18  00 20      4   53   67.0      2   32   37.4        6   85  104.4
 19    -
 20  00 10      3   25   39.6      4   40   57.6        7   65   97.2
 21  00 20      2   22   30.2      4   24   46.1        6   46   76.3
 22  01 20      3    8   27.4      5   29   56.9        8   37   84.2
 23  00 10      0    0    0.0      5   42   66.2        5   42   66.2
 24  00 15      0    0    0.0      6   54   82.1        6   54   82.1
 24  23 05      0    0    0.0      7  100  122.4        7  100  122.4
 26  00 10      1    2    8.6      7  117  134.6        8  119  143.3
 26  23 50      1    1    7.9      6  143  146.2        7  144  154.1
 27  22 50      0    0    0.0      5  201  180.7        5  201  180.7
 29  02 10      0    0    0.0      5  136  133.9        5  136  133.9
 30    -


 Monthly Mean            20.0               64.1                 84.2

 --------------------------------------------------------------------

 May       1984     (k = 0.72)

 Date Time(UT)      North              South                Total
      h  m      g    f     R       g    f     R         g    f     R
  1  00 05      0    0    0.0      4  161  144.7        4  161  144.7
  2  00 05      1    1    7.9      5   99  107.3        6  100  115.2
  3  00 15      0    0    0.0      5   90  100.8        5   90  100.8
  4  00 05      0    0    0.0      4   62   73.4        4   62   73.4
  5  00 00      0    0    0.0      3   24   38.9        3   24   38.9
  5  23 40      2    7   19.4      2   10   21.6        4   17   41.0
  7  00 15      2   16   25.9      0    0    0.0        2   16   25.9
  8    -
  9    -
 10    -
 11    -
 12    -
 13    -
 14  05 10      3  129  114.5      3   21   36.7        6  150  151.2
 15  04 20      4   97   98.6      3   19   35.3        7  116  133.9
 16    -
 16  23 45      1   46   40.3      4   37   55.4        5   83   95.8
 18  00 10      1   34   31.7      4   28   49.0        5   62   80.6
 19  01 10      1    8   13.0      7   65   97.2        8   73  110.2
 20  00 10      0    0    0.0      8   65  104.4        8   65  104.4
 21    -
 22  00 05      0    0    0.0      6   85  104.4        6   85  104.4
 23  02 15      0    0    0.0      5   66   83.5        5   66   83.5
 24  02 35      1    3    9.4      5  125  126.0        6  128  135.4
 25  02 00      3    3   23.8      4  114  110.9        7  117  134.6
 26    -
 27    -
 28  01 00      0    0    0.0      5   48   70.6        5   48   70.6
 29  03 10      0    0    0.0      5   41   65.5        5   41   65.5
 30  00 10      0    0    0.0      6   53   81.4        6   53   81.4
 31  06 05      0    0    0.0      5   52   73.4        5   52   73.4

 Monthly Mean            18.3               75.3                 93.6

 --------------------------------------------------------------------

 June      1984     (k = 0.72)

 Date Time(UT)      North              South                Total
      h  m      g    f     R       g    f     R         g    f     R
  5  23 10      0    0    0.0      4   52   66.2        4   52   66.2
  2  00 00      0    0    0.0      3   51   58.3        3   51   58.3
  3    -
  4  03 20      1    4   10.1      2   20   28.8        3   24   38.9
  5  00 00      1    8   13.0      1   13   16.6        2   21   29.5
  6  01 10      3    8   27.4      1    3    9.4        4   11   36.7
  7  00 10      3   18   34.6      1    2    8.6        4   20   43.2
  7  23 45      4   17   41.0      1    1    7.9        5   18   49.0
  9  00 05      2    9   20.9      1    3    9.4        3   12   30.2
 10    -
 11    -
 12  03 10      1    4   10.1      3   20   36.0        4   24   46.1
 13    -
 14  02 55      0    0    0.0      3   46   54.7        3   46   54.7
 15  00 10      2    5   18.0      4   54   67.7        6   59   85.7
 16  02 05      3   14   31.7      4   66   76.3        7   80  108.0
 17  00 30      5   12   44.6      4   35   54.0        9   47   98.6
 18    -
 19  01 40      2    5   18.0      5   52   73.4        7   57   91.4
 20    -
 21    -
 22    -
 23    -
 24    -
 25    -
 26    -
 27  04 30      1    2    8.6      3   27   41.0        4   29   49.7
 28  00 45      2    3   16.6      2   20   28.8        4   23   45.4
 29    -
 30  00 25      3   16   33.1      2    6   18.7        5   22   51.8
 31    -

 Monthly Mean            19.3               38.6                 57.8

 --------------------------------------------------------------------

 July      1984     (k = 0.72)

 Date Time(UT)      North              South                Total
      h  m      g    f     R       g    f     R         g    f     R
  1    -
  2  00 10      4   25   46.8      2    4   17.3        6   29   64.1
  3  00 05      8   37   84.2      2    5   18.0       10   42  102.2
  4  00 10      5   41   65.5      5   11   43.9       10   52  109.4
  5  00 05      8   44   89.3      5   15   46.8       13   59  136.1
  6  01 30      5   27   55.4      4   12   37.4        9   39   92.9
  7    -
  8    -
  9  00 05      4   12   37.4      5   26   54.7        9   38   92.2
 10  00 10      3    9   28.1      6   42   73.4        9   51  101.5
 11  00 15      3    3   23.8      5   27   55.4        8   30   79.2
 12  02 15      0    0    0.0      6   30   64.8        6   30   64.8
 13  00 20      0    0    0.0      5   35   61.2        5   35   61.2
 14  01 35      1    2    8.6      3   24   38.9        4   26   47.5
 15    -
 16  00 15      0    0    0.0      4   21   43.9        4   21   43.9
 17  00 00      0    0    0.0      6   16   54.7        6   16   54.7
 18  00 10      1    2    8.6      4   12   37.4        5   14   46.1
 19  01 20      1    1    7.9      4    9   35.3        5   10   43.2
 20  01 10      1    4   10.1      3    9   28.1        4   13   38.2
 21  02 25      0    0    0.0      2   11   22.3        2   11   22.3
 22    -
 23  00 20      1    1    7.9      2   11   22.3        3   12   30.2
 24  00 00      1    1    7.9      3   15   32.4        4   16   40.3
 25  00 10      1    1    7.9      4   13   38.2        5   14   46.1
 26  00 05      1    1    7.9      3    7   26.6        4    8   34.6
 27  00 10      2    4   17.3      1    2    8.6        3    6   25.9
 28    -
 29    -
 30  00 15      1    1    7.9      2    2   15.8        3    3   23.8
 31  00 10      1    1    7.9      1    2    8.6        2    3   16.6

 Monthly Mean            22.1               36.9                 59.0

 --------------------------------------------------------------------

 August    1984     (k = 0.72)

 Date Time(UT)      North              South                Total
      h  m      g    f     R       g    f     R         g    f     R
  1  00 30      1    3    9.4      1    5   10.8        2    8   20.2
  2  00 05      0    0    0.0      1    7   12.2        1    7   12.2
  3  00 20      0    0    0.0      1   12   15.8        1   12   15.8
  4  01 00      1    2    8.6      2   11   22.3        3   13   31.0
  5    -
  6  00 00      2    8   20.2      1    1    7.9        3    9   28.1
  7  00 05      3   22   37.4      1    1    7.9        4   23   45.4
  8  00 20      4   34   53.3      0    0    0.0        4   34   53.3
  9  00 10      1   54   46.1      0    0    0.0        1   54   46.1
 10  00 00      1   58   49.0      0    0    0.0        1   58   49.0
 11  00 10      2   54   53.3      0    0    0.0        2   54   53.3
 12    -
 13  00 15      2   18   27.4      0    0    0.0        2   18   27.4
 14  00 05      2   15   25.2      0    0    0.0        2   15   25.2
 15  00 10      3   10   28.8      0    0    0.0        3   10   28.8
 16  00 10      3    7   26.6      0    0    0.0        3    7   26.6
 17  00 10      2    2   15.8      1    2    8.6        3    4   24.5
 18  00 00      1    3    9.4      1    2    8.6        2    5   18.0
 19    -
 20  00 10      0    0    0.0      2    4   17.3        2    4   17.3
 21  00 50      0    0    0.0      2    4   17.3        2    4   17.3
 22  00 10      0    0    0.0      2    4   17.3        2    4   17.3
 23  00 05      0    0    0.0      2    5   18.0        2    5   18.0
 24    -
 25  00 05      0    0    0.0      4   23   45.4        4   23   45.4
 26  00 15      0    0    0.0      4   50   64.8        4   50   64.8
 27  03 00      0    0    0.0      3   28   41.8        3   28   41.8
 28  00 00      0    0    0.0      2   40   43.2        2   40   43.2
 29  00 10      0    0    0.0      2   41   43.9        2   41   43.9
 30    -
 31  00 25      0    0    0.0      2   43   45.4        2   43   45.4

 Monthly Mean            15.8               17.2                 33.0

 --------------------------------------------------------------------

 September 1984     (k = 0.72)

 Date Time(UT)      North              South                Total
      h  m      g    f     R       g    f     R         g    f     R
  1  00 00      1    1    7.9      1   48   41.8        2   49   49.7
  2  00 15      3    3   23.8      1   45   39.6        4   48   63.4
  3  00 05      3    5   25.2      2   39   42.5        5   44   67.7
  4  01 10      2    8   20.2      2   37   41.0        4   45   61.2
  5  04 50      3   13   31.0      3   18   34.6        6   31   65.5
  6  00 10      2   11   22.3      2    6   18.7        4   17   41.0
  7  01 20      2    8   20.2      1    2    8.6        3   10   28.8
  8  06 30      2    4   17.3      2    3   16.6        4    7   33.8
  9    -
  9  23 00      2    2   15.8      2    2   15.8        4    4   31.7
 11  01 20      0    0    0.0      1    1    7.9        1    1    7.9
 12  03 55      0    0    0.0      1    2    8.6        1    2    8.6
 13  00 40      0    0    0.0      0    0    0.0        0    0    0.0
 14    -
 15    -
 16    -
 17  04 10      0    0    0.0      0    0    0.0        0    0    0.0
 18  00 00      0    0    0.0      0    0    0.0        0    0    0.0
 19    -
 20  00 20      0    0    0.0      0    0    0.0        0    0    0.0
 21    -
 22  00 35      0    0    0.0      1    3    9.4        1    3    9.4
 23    -
 24  00 50      0    0    0.0      1    4   10.1        1    4   10.1
 25  00 05      0    0    0.0      1    3    9.4        1    3    9.4
 26  06 25      0    0    0.0      0    0    0.0        0    0    0.0
 27  00 05      0    0    0.0      0    0    0.0        0    0    0.0
 28  00 05      0    0    0.0      0    0    0.0        0    0    0.0
 29  00 40      1    1    7.9      0    0    0.0        1    1    7.9
 30    -


 Monthly Mean             8.7               13.8                 22.5

 --------------------------------------------------------------------

 October   1984     (k = 0.72)

 Date Time(UT)      North              South                Total
      h  m      g    f     R       g    f     R         g    f     R
  1  00 05      0    0    0.0      0    0    0.0        0    0    0.0
  2  00 00      1    1    7.9      0    0    0.0        1    1    7.9
  3  00 10      1    1    7.9      0    0    0.0        1    1    7.9
  4    -
  5  00 00      0    0    0.0      0    0    0.0        0    0    0.0
  6  01 15      0    0    0.0      0    0    0.0        0    0    0.0
  7    -
  8  00 15      0    0    0.0      0    0    0.0        0    0    0.0
  9  01 50      0    0    0.0      1    8   13.0        1    8   13.0
 10    -
 11    -
 12    -
 13  03 25      0    0    0.0      1    1    7.9        1    1    7.9
 14    -
 15  00 10      1    4   10.1      0    0    0.0        1    4   10.1
 16  02 15      1   14   17.3      0    0    0.0        1   14   17.3
 17    -
 18  00 05      1   32   30.2      0    0    0.0        1   32   30.2
 19    -
 20    -
 21    -
 22  00 15      1    9   13.7      0    0    0.0        1    9   13.7
 23  00 20      1    6   11.5      0    0    0.0        1    6   11.5
 24  00 15      1    2    8.6      0    0    0.0        1    2    8.6
 25  06 35      1    2    8.6      0    0    0.0        1    2    8.6
 26  00 20      0    0    0.0      0    0    0.0        0    0    0.0
 27  01 30      1    1    7.9      0    0    0.0        1    1    7.9
 28    -
 29  04 10      1    1    7.9      0    0    0.0        1    1    7.9
 30  00 10      0    0    0.0      0    0    0.0        0    0    0.0
 31  00 15      1    2    8.6      1    6   11.5        2    8   20.2

 Monthly Mean             7.0                1.6                  8.6

 --------------------------------------------------------------------

 November  1984     (k = 0.72)

 Date Time(UT)      North              South                Total
      h  m      g    f     R       g    f     R         g    f     R
  1  04 15      0    0    0.0      1    3    9.4        1    3    9.4
  2  00 15      0    0    0.0      1    4   10.1        1    4   10.1
  3    -
  4  01 10      0    0    0.0      1    6   11.5        1    6   11.5
  5  00 15      0    0    0.0      1    3    9.4        1    3    9.4
  6  01 20      0    0    0.0      0    0    0.0        0    0    0.0
  7  00 10      0    0    0.0      0    0    0.0        0    0    0.0
  8  00 15      0    0    0.0      1    2    8.6        1    2    8.6
  9  00 10      1    5   10.8      0    0    0.0        1    5   10.8
 10  03 05      1   19   20.9      0    0    0.0        1   19   20.9
 11    -
 12  05 30      1   13   16.6      0    0    0.0        1   13   16.6
 13  00 30      1   12   15.8      0    0    0.0        1   12   15.8
 14  00 05      1    9   13.7      1    2    8.6        2   11   22.3
 15    -
 16    -
 17  00 10      0    0    0.0      1    2    8.6        1    2    8.6
 18    -
 19    -
 20    -
 21  01 25      1   20   21.6      1    4   10.1        2   24   31.7
 22  00 15      1   16   18.7      1    4   10.1        2   20   28.8
 23  01 10      1   15   18.0      1   18   20.2        2   33   38.2
 24    -
 25    -
 26  00 15      0    0    0.0      2   41   43.9        2   41   43.9
 27  00 15      0    0    0.0      2   33   38.2        2   33   38.2
 28  00 50      0    0    0.0      2   40   43.2        2   40   43.2
 29  00 05      0    0    0.0      2   37   41.0        2   37   41.0
 30  00 20      0    0    0.0      2   18   27.4        2   18   27.4


 Monthly Mean             6.5               14.3                 20.8

 --------------------------------------------------------------------

 December  1984     (k = 0.72)

 Date Time(UT)      North              South                Total
      h  m      g    f     R       g    f     R         g    f     R
  1    -
  2  02 15      0    0    0.0      3    8   27.4        3    8   27.4
  3  00 30      1    3    9.4      1    1    7.9        2    4   17.3
  4  00 10      1    7   12.2      2    2   15.8        3    9   28.1
  5  00 15      1    8   13.0      1    2    8.6        2   10   21.6
  6  02 30      1    7   12.2      1    3    9.4        2   10   21.6
  7  00 35      1    1    7.9      1    7   12.2        2    8   20.2
  8  00 20      0    0    0.0      2   11   22.3        2   11   22.3
  9  00 30      0    0    0.0      2    7   19.4        2    7   19.4
 10  03 20      1    4   10.1      1    5   10.8        2    9   20.9
 11    -
 12  00 50      1    4   10.1      2   19   28.1        3   23   38.2
 13  00 15      1    2    8.6      1   14   17.3        2   16   25.9
 14  00 05      1    8   13.0      1   13   16.6        2   21   29.5
 15    -
 16    -
 17  00 10      1   17   19.4      1    5   10.8        2   22   30.2
 18    -
 19  00 20      1    6   11.5      0    0    0.0        1    6   11.5
 20  00 15      1    7   12.2      0    0    0.0        1    7   12.2
 21  02 35      2    3   16.6      1    1    7.9        3    4   24.5
 22  00 00      0    0    0.0      1    2    8.6        1    2    8.6
 23    -
 24  00 15      0    0    0.0      2    6   18.7        2    6   18.7
 25  00 30      0    0    0.0      4    9   35.3        4    9   35.3
 26  01 00      0    0    0.0      2   11   22.3        2   11   22.3
 27  00 10      0    0    0.0      2    5   18.0        2    5   18.0
 28  00 10      0    0    0.0      1    5   10.8        1    5   10.8
 29    -
 30    -
 31    -

 Monthly Mean             7.1               14.9                 22.0

 --------------------------------------------------------------------

