 January   1983     (k = 0.72)

 Date Time(UT)      North              South                Total
      h  m      g    f     R       g    f     R         g    f     R
  1    -
  2    -
  3    -
  4  00 10      3   12   30.2      4   31   51.1        7   43   81.4
  5  00 40      1    2    8.6      5   33   59.8        6   35   68.4
  6    -
  7  00 30      2    6   18.7      7   64   96.5        9   70  115.2
  8  05 45      1    2    8.6      8   51   94.3        9   53  103.0
  9  03 10      1    2    8.6      7   96  119.5        8   98  128.2
 10  00 14      0    0    0.0      6   55   82.8        6   55   82.8
 11  00 30      0    0    0.0      9   52  102.2        9   52  102.2
 12  00 40      1    4   10.1      8   30   79.2        9   34   89.3
 13  00 35      5   12   44.6      6   37   69.8       11   49  114.5
 14  00 20      5   14   46.1      6   23   59.8       11   37  105.8
 15  00 38      5   26   54.7      6   24   60.5       11   50  115.2
 16  04 20      4   40   57.6      4   31   51.1        8   71  108.7
 17  00 15      4   29   49.7      4   28   49.0        8   57   98.6
 18    -
 19  00 35      4   38   56.2      3   43   52.6        7   81  108.7
 20  00 35      3   28   41.8      3   47   55.4        6   75   97.2
 21  00 50      4   22   44.6      3   31   43.9        7   53   88.6
 22  00 50      4   27   48.2      5   34   60.5        9   61  108.7
 22  23 50      4   19   42.5      7   25   68.4       11   44  110.9
 24  00 10      4   12   37.4      4   20   43.2        8   32   80.6
 25  00 00      4   13   38.2      4   12   37.4        8   25   75.6
 26  00 50      3   29   42.5      5   24   53.3        8   53   95.8
 27  00 10      2   32   37.4      4   26   47.5        6   58   85.0
 28  00 10      3   38   49.0      5   47   69.8        8   85  118.8
 29  00 10      2   34   38.9      5   60   79.2        7   94  118.1
 29  23 45      2   38   41.8      6   71   94.3        8  109  136.1
 31  00 10      2   26   33.1      7   62   95.0        9   88  128.2

 Monthly Mean            34.2               68.3                102.5

 --------------------------------------------------------------------

 February  1983     (k = 0.72)

 Date Time(UT)      North              South                Total
      h  m      g    f     R       g    f     R         g    f     R
  1  00 30      2   16   25.9      7   58   92.2        9   74  118.1
  2    -
  3  00 15      2    4   17.3      9   71  115.9       11   75  133.2
  4  00 05      1    3    9.4      8   68  106.6        9   71  115.9
  5  00 10      1    3    9.4      7   85  111.6        8   88  121.0
  6  01 20      0    0    0.0      6   64   89.3        6   64   89.3
  7  00 10      1    1    7.9      6   50   79.2        7   51   87.1
  8  00 00      1    2    8.6      8   63  103.0        9   65  111.6
  8  23 55      2    2   15.8      9   45   97.2       11   47  113.0
 10  00 20      1    3    9.4      3   21   36.7        4   24   46.1
 11  00 15      1    4   10.1      2   26   33.1        3   30   43.2
 11  23 45      1    5   10.8      1    6   11.5        2   11   22.3
 13  00 17      1    5   10.8      1    1    7.9        2    6   18.7
 14  00 10      1    6   11.5      0    0    0.0        1    6   11.5
 15  00 15      2    6   18.7      2    3   16.6        4    9   35.3
 16  00 10      3    6   25.9      1    2    8.6        4    8   34.6
 17    -
 18  01 05      0    0    0.0      3   20   36.0        3   20   36.0
 19  00 30      0    0    0.0      3   15   32.4        3   15   32.4
 20  00 23      0    0    0.0      4   16   40.3        4   16   40.3
 21  00 15      1    3    9.4      4   10   36.0        5   13   45.4
 22  00 15      2    7   19.4      4    8   34.6        6   15   54.0
 23  00 10      3   11   29.5      2    4   17.3        5   15   46.8
 24    -
 24  23 20      3   27   41.0      6   13   52.6        9   40   93.6
 26  00 00      3   25   39.6      5   11   43.9        8   36   83.5
 26  23 55      3   25   39.6      5   19   49.7        8   44   89.3
 28  00 15      2   16   25.9      9   47   98.6       11   63  124.6




 Monthly Mean            15.8               54.0                 69.9

 --------------------------------------------------------------------

 March     1983     (k = 0.72)

 Date Time(UT)      North              South                Total
      h  m      g    f     R       g    f     R         g    f     R
  1  00 00      2   10   21.6     10   43  103.0       12   53  124.6
  2    -
  3  00 05      1    6   11.5      9   54  103.7       10   60  115.2
  4    -
  5  00 10      1    2    8.6     12   95  154.8       13   97  163.4
  6  00 20      1    3    9.4     10   87  134.6       11   90  144.0
  7  00 15      1    1    7.9     11   70  129.6       12   71  137.5
  8  00 10      0    0    0.0      7   53   88.6        7   53   88.6
  8  23 55      2    2   15.8      6   59   85.7        8   61  101.5
 10    -
 11  00 10      1    5   10.8      4   25   46.8        5   30   57.6
 12  00 05      1    3    9.4      3   23   38.2        4   26   47.5
 13    -
 14  00 10      0    0    0.0      2    4   17.3        2    4   17.3
 15  00 10      2    9   20.9      2   16   25.9        4   25   46.8
 16  00 35      1    6   11.5      3   30   43.2        4   36   54.7
 17  05 40      1    4   10.1      3   35   46.8        4   39   56.9
 18  00 00      3    6   25.9      3   57   62.6        6   63   88.6
 19  00 30      1    2    8.6      4   52   66.2        5   54   74.9
 20  00 45      0    0    0.0      5   96  105.1        5   96  105.1
 21    -
 22  00 00      0    0    0.0      8   69  107.3        8   69  107.3
 23  00 05      0    0    0.0      6   51   79.9        6   51   79.9
 24    -
 25    -
 26  00 05      3    8   27.4      7   22   66.2       10   30   93.6
 27    -
 28  03 50      1    1    7.9      6   19   56.9        7   20   64.8
 29    -
 30    -
 30  22 30      1    1    7.9      6   29   64.1        7   30   72.0

 Monthly Mean            10.2               77.4                 87.7

 --------------------------------------------------------------------

 April     1983     (k = 0.72)

 Date Time(UT)      North              South                Total
      h  m      g    f     R       g    f     R         g    f     R
  1    -
  2  00 05      0    0    0.0      8   46   90.7        8   46   90.7
  3  00 45      0    0    0.0      4   27   48.2        4   27   48.2
  4  02 20      0    0    0.0      6   35   68.4        6   35   68.4
  5  00 30      0    0    0.0      3   36   47.5        3   36   47.5
  6  00 05      0    0    0.0      4   42   59.0        4   42   59.0
  7  00 10      0    0    0.0      6   40   72.0        6   40   72.0
  8  06 40      0    0    0.0      4   52   66.2        4   52   66.2
  9  00 00      0    0    0.0      4   57   69.8        4   57   69.8
 10    -
 11  00 00      0    0    0.0      6   61   87.1        6   61   87.1
 12    -
 13  00 05      1    3    9.4      6   40   72.0        7   43   81.4
 14  00 10      1    3    9.4      7   35   75.6        8   38   85.0
 15    -
 16    -
 17    -
 18  00 40      3   13   31.0      4   40   57.6        7   53   88.6
 19    -
 19  23 25      3   17   33.8      6   35   68.4        9   52  102.2
 21  00 05      3   18   34.6      5   34   60.5        8   52   95.0
 22    -
 23    -
 23  23 40      4   18   41.8      7   59   92.9       11   77  134.6
 24  23 38      5   29   56.9      5   58   77.8       10   87  134.6
 26  00 15      3   17   33.8      5   84   96.5        8  101  130.3
 27  01 00      3   12   30.2      4   77   84.2        7   89  114.5
 28  00 10      2   15   25.2      6   94  110.9        8  109  136.1
 29  00 00      2   25   32.4      8   81  115.9       10  106  148.3
 30  02 00      2   19   28.1      8   65  104.4       10   84  132.5


 Monthly Mean            17.5               77.4                 94.9

 --------------------------------------------------------------------

 May       1983     (k = 0.72)

 Date Time(UT)      North              South                Total
      h  m      g    f     R       g    f     R         g    f     R
  1    -
  1  23 45      3    7   26.6      6   68   92.2        9   75  118.8
  3  00 00      1    5   10.8      6   72   95.0        7   77  105.8
  4  00 05      3    7   26.6      6   61   87.1        9   68  113.8
  4  23 15      1   13   16.6      6   52   80.6        7   65   97.2
  6  00 05      1   10   14.4      7   65   97.2        8   75  111.6
  7  02 10      1    3    9.4      6   49   78.5        7   52   87.8
  7  23 30      1   10   14.4      7   50   86.4        8   60  100.8
  9  00 10      1    9   13.7      6   62   87.8        7   71  101.5
  9  23 05      1    5   10.8      6  110  122.4        7  115  133.2
 11  00 05      0    0    0.0      5  109  114.5        5  109  114.5
 12  00 20      1    5   10.8      5  100  108.0        6  105  118.8
 13  06 35      2   13   23.8      5  100  108.0        7  113  131.8
 14  00 10      2   17   26.6      5  111  115.9        7  128  142.6
 14  22 55      3   24   38.9      7   83  110.2       10  107  149.0
 16    -
 17  00 10      2   27   33.8      6   39   71.3        8   66  105.1
 17  22 55      3   17   33.8      7   35   75.6       10   52  109.4
 19  00 00      3   33   45.4      6   37   69.8        9   70  115.2
 20  00 00      3   37   48.2      6   45   75.6        9   82  123.8
 20  23 10      3   65   68.4      6   45   75.6        9  110  144.0
 21  23 15      2   48   49.0      5   32   59.0        7   80  108.0
 23  00 10      2   57   55.4      5   31   58.3        7   88  113.8
 24  03 00      5   44   67.7      6   43   74.2       11   87  141.8
 25    -
 25  22 50      3   22   37.4      9   56  105.1       12   78  142.6
 27  01 25      2    3   16.6      9   47   98.6       11   50  115.2
 28  01 55      2    4   17.3      3   53   59.8        5   57   77.0
 29  07 00      2    9   20.9      6   53   81.4        8   62  102.2
 30  00 10      0    0    0.0      7   58   92.2        7   58   92.2
 31  03 10      0    0    0.0      5   47   69.8        5   47   69.8

 Monthly Mean            26.3               87.5                113.8

 --------------------------------------------------------------------

 June      1983     (k = 0.72)

 Date Time(UT)      North              South                Total
      h  m      g    f     R       g    f     R         g    f     R
  1  00 05      0    0    0.0      5   51   72.7        5   51   72.7
  2  00 05      0    0    0.0      6   47   77.0        6   47   77.0
  3  00 10      0    0    0.0      6   86  105.1        6   86  105.1
  4  00 05      0    0    0.0      6   90  108.0        6   90  108.0
  5  00 15      0    0    0.0      4   95   97.2        4   95   97.2
  6  01 05      0    0    0.0      5  119  121.7        5  119  121.7
  7  00 10      0    0    0.0      5  132  131.0        5  132  131.0
  8  00 45      0    0    0.0      4  131  123.1        4  131  123.1
  9  00 10      0    0    0.0      5  163  153.4        5  163  153.4
 10  00 15      0    0    0.0      5  117  120.2        5  117  120.2
 11  01 15      0    0    0.0      3  101   94.3        3  101   94.3
 12    -
 13  05 05      0    0    0.0      4   73   81.4        4   73   81.4
 13  22 45      3    8   27.4      4   69   78.5        7   77  105.8
 15  00 00      3   16   33.1      6   59   85.7        9   75  118.8
 16    -
 17  00 35      2   21   29.5      5   26   54.7        7   47   84.2
 18    -
 19  05 00      5   32   59.0      3   34   46.1        8   66  105.1
 20    -
 21  04 00      7   66   97.9      3   35   46.8       10  101  144.7
 22  00 10      7   93  117.4      5   48   70.6       12  141  187.9
 23    -
 24  05 30      7   94  118.1      2   27   33.8        9  121  151.9
 24  23 25      8   93  124.6      3   22   37.4       11  115  162.0
 26    -
 27    -
 27  02 35      6   31   65.5      3   35   46.8        9   66  112.3
 29  00 10      3   25   39.6      4   37   55.4        7   62   95.0
 30  01 50      2   16   25.9      4   54   67.7        6   70   93.6


 Monthly Mean            32.1               83.0                115.1

 --------------------------------------------------------------------

 July      1983     (k = 0.72)

 Date Time(UT)      North              South                Total
      h  m      g    f     R       g    f     R         g    f     R
  1  01 45      1   15   18.0      6   66   90.7        7   81  108.7
  2  00 05      1    3    9.4      6   43   74.2        7   46   83.5
  3    -
  4  00 10      0    0    0.0      9   62  109.4        9   62  109.4
  5    -
  6    -
  7    -
  8    -
  9  00 05      0    0    0.0      6   84  103.7        6   84  103.7
 10    -
 11    -
 12  04 30      2    6   18.7      5   31   58.3        7   37   77.0
 13  00 30      2   20   28.8      7   36   76.3        9   56  105.1
 14  00 00      3   32   44.6      6   42   73.4        9   74  118.1
 15    -
 16    -
 17    -
 18  03 30      5   14   46.1      8   28   77.8       13   42  123.8
 19  00 00      5   14   46.1      6   42   73.4       11   56  119.5
 20    -
 21    -
 22  06 00      4   48   63.4      8   49   92.9       12   97  156.2
 23    -
 24  06 05      3   54   60.5      4   31   51.1        7   85  111.6
 25  00 50      3   43   52.6      5   34   60.5        8   77  113.0
 26  00 10      2   44   46.1      5   24   53.3        7   68   99.4
 27  00 20      3   23   38.2      4   16   40.3        7   39   78.5
 27  23 55      2    6   18.7      2   20   28.8        4   26   47.5
 28  23 45      1    3    9.4      5   55   75.6        6   58   85.0
 30  00 00      1    4   10.1      7   65   97.2        8   69  107.3
 31  00 10      1   15   18.0      6  104  118.1        7  119  136.1

 Monthly Mean            29.4               75.3                104.6

 --------------------------------------------------------------------

 August    1983     (k = 0.72)

 Date Time(UT)      North              South                Total
      h  m      g    f     R       g    f     R         g    f     R
  1    -
  2  02 10      2   10   21.6      6  110  122.4        8  120  144.0
  3  00 50      3   10   28.8      8  149  164.9       11  159  193.7
  4  00 45      1    2    8.6      7  125  140.4        8  127  149.0
  5  00 20      2    4   17.3      7   96  119.5        9  100  136.8
  6  00 10      1    1    7.9      3   65   68.4        4   66   76.3
  7  00 00      4    5   32.4      7   54   89.3       11   59  121.7
  8  00 40      2    5   18.0      5   79   92.9        7   84  110.9
  9  00 15      1    1    7.9      6   48   77.8        7   49   85.7
 10  02 10      0    0    0.0      3   74   74.9        3   74   74.9
 11  00 00      2    3   16.6      5  106  112.3        7  109  128.9
 11  23 40      1    2    8.6      5  120  122.4        6  122  131.0
 13  00 40      2    4   17.3      5  121  123.1        7  125  140.4
 14    -
 15    -
 16  00 40      2   11   22.3      6   70   93.6        8   81  115.9
 17    -
 18  02 35      3   22   37.4      4   20   43.2        7   42   80.6
 18  23 35      4   29   49.7      4   16   40.3        8   45   90.0
 19  23 55      5   24   53.3      1    1    7.9        6   25   61.2
 21    -
 22    -
 23    -
 24    -
 25  00 10      3   13   31.0      5   18   49.0        8   31   79.9
 26    -
 27    -
 28    -
 29  00 30      0    0    0.0      7   27   69.8        7   27   69.8
 29  22 25      1    2    8.6      8   17   69.8        9   19   78.5
 31  04 10      1    2    8.6      7   18   63.4        8   20   72.0

 Monthly Mean            19.8               87.3                107.1

 --------------------------------------------------------------------

 September 1983     (k = 0.72)

 Date Time(UT)      North              South                Total
      h  m      g    f     R       g    f     R         g    f     R
  1    -
  2  00 05      4   12   37.4      4   14   38.9        8   26   76.3
  3  00 30      2   21   29.5      5    9   42.5        7   30   72.0
  3  23 20      2   22   30.2      4    9   35.3        6   31   65.5
  5  00 10      3   35   46.8      4   14   38.9        7   49   85.7
  6  00 10      3   42   51.8      5   21   51.1        8   63  103.0
  6  23 15      3   44   53.3      5   22   51.8        8   66  105.1
  8    -
  9  01 00      1   19   20.9      5   35   61.2        6   54   82.1
 10    -
 11    -
 12    -
 13  00 10      2    7   19.4      5   12   44.6        7   19   64.1
 14  01 05      2    3   16.6      4   19   42.5        6   22   59.0
 15    -
 16    -
 16  22 50      1    1    7.9      2   34   38.9        3   35   46.8
 18    -
 19  00 35      1    2    8.6      3   40   50.4        4   42   59.0
 20    -
 21  06 15      1    4   10.1      4   15   39.6        5   19   49.7
 22  02 35      0    0    0.0      4   15   39.6        4   15   39.6
 23  00 07      0    0    0.0      4   34   53.3        4   34   53.3
 24    -
 25    -
 26    -
 27    -
 28    -
 29  00 45      1    1    7.9      3   55   61.2        4   56   69.1
 30  00 10      1    1    7.9      1   39   35.3        2   40   43.2


 Monthly Mean            21.8               45.3                 67.1

 --------------------------------------------------------------------

 October   1983     (k = 0.72)

 Date Time(UT)      North              South                Total
      h  m      g    f     R       g    f     R         g    f     R
  1  00 00      1    1    7.9      2   38   41.8        3   39   49.7
  2  00 38      2    5   18.0      1   35   32.4        3   40   50.4
  3  00 05      3   25   39.6      1   22   23.0        4   47   62.6
  4  00 05      4   42   59.0      2   18   27.4        6   60   86.4
  5  00 00      4   44   60.5      2    3   16.6        6   47   77.0
  6  00 05      3   59   64.1      2    4   17.3        5   63   81.4
  7  00 35      4   70   79.2      4   21   43.9        8   91  123.1
  8    -
  9    -
 10    -
 11  04 15      4   76   83.5      4   42   59.0        8  118  142.6
 12  02 05      4   66   76.3      5   37   62.6        9  103  139.0
 13  04 20      5   49   71.3      6   21   58.3       11   70  129.6
 14  03 35      4   44   60.5      3   12   30.2        7   56   90.7
 15  01 55      3   43   52.6      2   15   25.2        5   58   77.8
 16    -
 17  00 24      1   25   25.2      2    8   20.2        3   33   45.4
 18  00 05      1   16   18.7      4   24   46.1        5   40   64.8
 19    -
 20  00 15      0    0    0.0      4   12   37.4        4   12   37.4
 21    -
 21  23 50      1    1    7.9      2    3   16.6        3    4   24.5
 23  00 55      1    1    7.9      2    2   15.8        3    3   23.8
 24  00 05      0    0    0.0      4    6   33.1        4    6   33.1
 25  00 10      0    0    0.0      3    3   23.8        3    3   23.8
 25  23 45      0    0    0.0      2    3   16.6        2    3   16.6
 27  00 05      0    0    0.0      1    3    9.4        1    3    9.4
 28  00 00      0    0    0.0      2    6   18.7        2    6   18.7
 29  00 00      0    0    0.0      3    4   24.5        3    4   24.5
 30  02 10      0    0    0.0      0    0    0.0        0    0    0.0
 31  00 05      0    0    0.0      2   11   22.3        2   11   22.3

 Monthly Mean            29.3               28.9                 58.2

 --------------------------------------------------------------------

 November  1983     (k = 0.72)

 Date Time(UT)      North              South                Total
      h  m      g    f     R       g    f     R         g    f     R
  1  00 15      1    1    7.9      2   17   26.6        3   18   34.6
  2  00 05      2    4   17.3      2    6   18.7        4   10   36.0
  3  00 20      1    2    8.6      3   11   29.5        4   13   38.2
  4    -
  5    -
  6    -
  7  00 25      1    6   11.5      5   50   72.0        6   56   83.5
  8  00 05      2    3   16.6      6   67   91.4        8   70  108.0
  9  00 05      2    6   18.7      6   53   81.4        8   59  100.1
 10    -
 11  00 05      1    3    9.4      6   29   64.1        7   32   73.4
 11  23 45      1    3    9.4      4   16   40.3        5   19   49.7
 13  01 00      1    1    7.9      4    9   35.3        5   10   43.2
 14  01 15      0    0    0.0      4   12   37.4        4   12   37.4
 15  02 25      0    0    0.0      2   14   24.5        2   14   24.5
 16  00 00      0    0    0.0      3   38   49.0        3   38   49.0
 17  00 35      0    0    0.0      3   25   39.6        3   25   39.6
 18  00 00      0    0    0.0      2   28   34.6        2   28   34.6
 19  00 00      0    0    0.0      2   20   28.8        2   20   28.8
 20  00 15      0    0    0.0      2    7   19.4        2    7   19.4
 21  00 30      0    0    0.0      1    1    7.9        1    1    7.9
 22  00 00      0    0    0.0      0    0    0.0        0    0    0.0
 23  00 30      0    0    0.0      0    0    0.0        0    0    0.0
 24  01 50      0    0    0.0      0    0    0.0        0    0    0.0
 25  00 05      0    0    0.0      0    0    0.0        0    0    0.0
 26  00 50      0    0    0.0      1    1    7.9        1    1    7.9
 27  00 50      0    0    0.0      0    0    0.0        0    0    0.0
 28  00 20      1    5   10.8      0    0    0.0        1    5   10.8
 29  00 10      2    9   20.9      0    0    0.0        2    9   20.9
 30  00 20      2   11   22.3      0    0    0.0        2   11   22.3


 Monthly Mean             6.2               27.2                 33.5

 --------------------------------------------------------------------

 December  1983     (k = 0.72)

 Date Time(UT)      North              South                Total
      h  m      g    f     R       g    f     R         g    f     R
  1  00 10      3   14   31.7      1    1    7.9        4   15   39.6
  2  00 15      3   21   36.7      0    0    0.0        3   21   36.7
  3  00 50      3   24   38.9      0    0    0.0        3   24   38.9
  4  01 10      1    8   13.0      0    0    0.0        1    8   13.0
  5  00 10      1    6   11.5      2    7   19.4        3   13   31.0
  6  00 05      1    2    8.6      3   17   33.8        4   19   42.5
  7  00 10      0    0    0.0      3   33   45.4        3   33   45.4
  8  00 55      0    0    0.0      4   32   51.8        4   32   51.8
  9  00 10      3   24   38.9      5   45   68.4        8   69  107.3
 10  00 10      3   27   41.0      4   43   59.8        7   70  100.8
 11    -
 12  00 10      3   23   38.2      3   33   45.4        6   56   83.5
 13  00 05      3   27   41.0      4   45   61.2        7   72  102.2
 14  00 00      3   26   40.3      4   21   43.9        7   47   84.2
 15  00 30      1   17   19.4      6   17   55.4        7   34   74.9
 16  00 10      1   15   18.0      3   14   31.7        4   29   49.7
 17  00 15      1   11   15.1      5   19   49.7        6   30   64.8
 18  00 25      1    4   10.1      5   27   55.4        6   31   65.5
 19  00 20      1    3    9.4      1   21   22.3        2   24   31.7
 20  00 15      1    1    7.9      1   27   26.6        2   28   34.6
 21  01 00      0    0    0.0      1   39   35.3        1   39   35.3
 22  00 10      0    0    0.0      1   17   19.4        1   17   19.4
 23  00 40      1    1    7.9      1   13   16.6        2   14   24.5
 24  02 50      1    4   10.1      1    3    9.4        2    7   19.4
 25  01 15      1    7   12.2      1    4   10.1        2   11   22.3
 26  00 20      3    9   28.1      2    5   18.0        5   14   46.1
 27  00 15      2    2   15.8      1    1    7.9        3    3   23.8
 28  00 10      2    2   15.8      0    0    0.0        2    2   15.8
 29  00 05      3    3   23.8      0    0    0.0        3    3   23.8
 30    -
 31    -

 Monthly Mean            19.0               28.4                 47.4

 --------------------------------------------------------------------

