 January   1963     (k = 0.72)

 Date Time(UT)      North              South                Total
      h  m      g    f     R       g    f     R         g    f     R
  1  01 30      2    5   18.0      0    0    0.0        2    5   18.0
  2  01 15      2    8   20.2      1    1    7.9        3    9   28.1
  3  01 40      2    9   20.9      1    4   10.1        3   13   31.0
  4  01 15      3    8   27.4      2    8   20.2        5   16   47.5
  5  01 30      2    5   18.0      1    1    7.9        3    6   25.9
  6    -
  7  02 00      1    2    8.6      0    0    0.0        1    2    8.6
  8  01 15      1    2    8.6      0    0    0.0        1    2    8.6
  9  01 15      0    0    0.0      0    0    0.0        0    0    0.0
 10  02 00      1    2    8.6      1    3    9.4        2    5   18.0
 11  00 30      1    5   10.8      0    0    0.0        1    5   10.8
 12  00 30      1    7   12.2      0    0    0.0        1    7   12.2
 13  01 15      2    7   19.4      0    0    0.0        2    7   19.4
 14  01 15      3   14   31.7      0    0    0.0        3   14   31.7
 15  02 15      2   22   30.2      0    0    0.0        2   22   30.2
 16  02 00      2   20   28.8      0    0    0.0        2   20   28.8
 17  02 15      3   29   42.5      0    0    0.0        3   29   42.5
 18  02 10      2   11   22.3      0    0    0.0        2   11   22.3
 19  00 30      2    8   20.2      0    0    0.0        2    8   20.2
 20  02 00      2    5   18.0      0    0    0.0        2    5   18.0
 21  01 30      2    4   17.3      0    0    0.0        2    4   17.3
 22  01 15      1    2    8.6      0    0    0.0        1    2    8.6
 23  01 30      1    1    7.9      0    0    0.0        1    1    7.9
 24  01 15      2    4   17.3      0    0    0.0        2    4   17.3
 25  01 40      2    3   16.6      0    0    0.0        2    3   16.6
 26  01 15      1    3    9.4      0    0    0.0        1    3    9.4
 27  02 00      2    2   15.8      0    0    0.0        2    2   15.8
 28  02 30      2    5   18.0      1    3    9.4        3    8   27.4
 29  01 30      2   14   24.5      0    0    0.0        2   14   24.5
 30  02 00      1   17   19.4      0    0    0.0        1   17   19.4
 31  02 00      1    9   13.7      0    0    0.0        1    9   13.7

 Monthly Mean            17.8                2.2                 20.0

 --------------------------------------------------------------------

 February  1963     (k = 0.72)

 Date Time(UT)      North              South                Total
      h  m      g    f     R       g    f     R         g    f     R
  1  03 30      1   10   14.4      1    4   10.1        2   14   24.5
  2  01 45      0    0    0.0      1   14   17.3        1   14   17.3
  3  02 30      1    2    8.6      1   25   25.2        2   27   33.8
  4  01 30      1    6   11.5      1   29   28.1        2   35   39.6
  5  01 30      1    6   11.5      1   27   26.6        2   33   38.2
  6  01 30      2    8   20.2      1   32   30.2        3   40   50.4
  7  02 45      2    6   18.7      1   23   23.8        3   29   42.5
  8    -
  9  01 15      2    3   16.6      1   11   15.1        3   14   31.7
 10  01 30      1    3    9.4      1    6   11.5        2    9   20.9
 11    -
 12  01 45      1    3    9.4      0    0    0.0        1    3    9.4
 13  01 30      1    2    8.6      0    0    0.0        1    2    8.6
 14  01 15      1    2    8.6      0    0    0.0        1    2    8.6
 15  01 20      1    2    8.6      0    0    0.0        1    2    8.6
 16  01 15      2    3   16.6      0    0    0.0        2    3   16.6
 17  02 30      2    5   18.0      0    0    0.0        2    5   18.0
 18  01 30      2    4   17.3      0    0    0.0        2    4   17.3
 19  01 30      2    6   18.7      0    0    0.0        2    6   18.7
 20  01 50      2    8   20.2      0    0    0.0        2    8   20.2
 21  01 30      2    9   20.9      0    0    0.0        2    9   20.9
 22  02 00      2   10   21.6      0    0    0.0        2   10   21.6
 23  02 00      2    6   18.7      0    0    0.0        2    6   18.7
 24  02 00      3    6   25.9      0    0    0.0        3    6   25.9
 25  01 45      2    2   15.8      0    0    0.0        2    2   15.8
 26  02 00      1    2    8.6      0    0    0.0        1    2    8.6
 27  01 30      2    4   17.3      0    0    0.0        2    4   17.3
 28  01 30      0    0    0.0      0    0    0.0        0    0    0.0




 Monthly Mean            14.1                7.2                 21.3

 --------------------------------------------------------------------

 March     1963     (k = 0.72)

 Date Time(UT)      North              South                Total
      h  m      g    f     R       g    f     R         g    f     R
  1  00 00      0    0    0.0      0    0    0.0        0    0    0.0
  2  01 30      0    0    0.0      0    0    0.0        0    0    0.0
  3  01 00      1    1    7.9      0    0    0.0        1    1    7.9
  4  01 30      1    7   12.2      0    0    0.0        1    7   12.2
  5  01 30      2   10   21.6      0    0    0.0        2   10   21.6
  6  05 30      2    7   19.4      0    0    0.0        2    7   19.4
  7  01 15      3   13   31.0      0    0    0.0        3   13   31.0
  8  01 00      1   14   17.3      0    0    0.0        1   14   17.3
  9    -
 10    -
 11  00 30      4    8   34.6      0    0    0.0        4    8   34.6
 12    -
 13    -
 14  01 15      2    2   15.8      1    3    9.4        3    5   25.2
 15  02 10      1    3    9.4      0    0    0.0        1    3    9.4
 16    -
 17  01 30      1    5   10.8      0    0    0.0        1    5   10.8
 18  00 20      1    5   10.8      0    0    0.0        1    5   10.8
 19  01 30      1    6   11.5      0    0    0.0        1    6   11.5
 20  00 15      1    3    9.4      0    0    0.0        1    3    9.4
 21  01 00      2   12   23.0      0    0    0.0        2   12   23.0
 22    -
 23  02 15      1    3    9.4      0    0    0.0        1    3    9.4
 24  05 30      1    4   10.1      1    1    7.9        2    5   18.0
 25  01 15      1    4   10.1      0    0    0.0        1    4   10.1
 26  00 30      1    3    9.4      0    0    0.0        1    3    9.4
 27  00 30      1    3    9.4      1    1    7.9        2    4   17.3
 28  02 00      1    1    7.9      0    0    0.0        1    1    7.9
 29  06 10      0    0    0.0      1    3    9.4        1    3    9.4
 30  00 45      0    0    0.0      1    9   13.7        1    9   13.7
 31  02 00      0    0    0.0      1   10   14.4        1   10   14.4

 Monthly Mean            11.6                2.5                 14.1

 --------------------------------------------------------------------

 April     1963     (k = 0.72)

 Date Time(UT)      North              South                Total
      h  m      g    f     R       g    f     R         g    f     R
  1  01 00      0    0    0.0      1    9   13.7        1    9   13.7
  2  01 00      0    0    0.0      1    7   12.2        1    7   12.2
  3  01 00      0    0    0.0      1   12   15.8        1   12   15.8
  4  01 30      0    0    0.0      1    3    9.4        1    3    9.4
  5  00 15      0    0    0.0      1    1    7.9        1    1    7.9
  6  01 05      2   19   28.1      1    1    7.9        3   20   36.0
  7    -
  8    -
  9  01 15      4   18   41.8      2    5   18.0        6   23   59.8
 10  00 45      3    7   26.6      2   11   22.3        5   18   49.0
 11  00 45      2    4   17.3      2   18   27.4        4   22   44.6
 12  01 05      2   14   24.5      2   26   33.1        4   40   57.6
 13  01 00      2    8   20.2      2   25   32.4        4   33   52.6
 14  01 45      0    0    0.0      2   24   31.7        2   24   31.7
 15  03 00      0    0    0.0      2   37   41.0        2   37   41.0
 16  06 15      0    0    0.0      2   33   38.2        2   33   38.2
 17  01 00      1    1    7.9      2   31   36.7        3   32   44.6
 18  01 00      0    0    0.0      1   30   28.8        1   30   28.8
 19    -
 20  01 00      0    0    0.0      1   12   15.8        1   12   15.8
 21  03 00      0    0    0.0      1    4   10.1        1    4   10.1
 22  01 00      0    0    0.0      0    0    0.0        0    0    0.0
 23    -
 24  01 45      0    0    0.0      0    0    0.0        0    0    0.0
 25    -
 26  01 40      0    0    0.0      0    0    0.0        0    0    0.0
 27  01 15      0    0    0.0      0    0    0.0        0    0    0.0
 28  02 00      0    0    0.0      0    0    0.0        0    0    0.0
 29  00 50      1    3    9.4      0    0    0.0        1    3    9.4
 30  01 25      2   18   27.4      0    0    0.0        2   18   27.4


 Monthly Mean             8.1               16.1                 24.2

 --------------------------------------------------------------------

 May       1963     (k = 0.72)

 Date Time(UT)      North              South                Total
      h  m      g    f     R       g    f     R         g    f     R
  1  00 45      2    9   20.9      0    0    0.0        2    9   20.9
  2  01 15      1   16   18.7      0    0    0.0        1   16   18.7
  3  01 00      1   20   21.6      0    0    0.0        1   20   21.6
  4  00 45      1   20   21.6      0    0    0.0        1   20   21.6
  5  03 30      1   18   20.2      0    0    0.0        1   18   20.2
  6    -
  7  00 30      3   14   31.7      1    9   13.7        4   23   45.4
  8    -
  9    -
 10    -
 11    -
 12  01 15      2    8   20.2      3   11   29.5        5   19   49.7
 13  01 15      1   15   18.0      2    5   18.0        3   20   36.0
 14  00 45      2   17   26.6      2    4   17.3        4   21   43.9
 15    -
 16    -
 17    -
 18  02 30      4   44   60.5      1    4   10.1        5   48   70.6
 19  05 40      3   43   52.6      1    3    9.4        4   46   61.9
 20    -
 21    -
 22  01 15      2   20   28.8      0    0    0.0        2   20   28.8
 23    -
 24  01 00      2   14   24.5      0    0    0.0        2   14   24.5
 25  01 15      2    5   18.0      0    0    0.0        2    5   18.0
 26  01 15      1    1    7.9      0    0    0.0        1    1    7.9
 27  01 15      1    1    7.9      0    0    0.0        1    1    7.9
 28    -
 29  00 45      2    7   19.4      0    0    0.0        2    7   19.4
 30    -
 31    -

 Monthly Mean            24.6                5.8                 30.4

 --------------------------------------------------------------------

 June      1963     (k = 0.72)

 Date Time(UT)      North              South                Total
      h  m      g    f     R       g    f     R         g    f     R
  1  00 45      2   15   25.2      0    0    0.0        2   15   25.2
  2  00 45      2    8   20.2      0    0    0.0        2    8   20.2
  3    -
  4    -
  5    -
  6    -
  7    -
  8  01 00      1    2    8.6      2   13   23.8        3   15   32.4
  9  01 15      2   12   23.0      2    6   18.7        4   18   41.8
 10  00 00      3   37   48.2      2    9   20.9        5   46   69.1
 11    -
 12    -
 13    -
 14  04 45      4   71   79.9      0    0    0.0        4   71   79.9
 15    -
 16    -
 17  01 30      2   10   21.6      0    0    0.0        2   10   21.6
 18    -
 19  00 45      2    7   19.4      0    0    0.0        2    7   19.4
 20  02 15      1    4   10.1      0    0    0.0        1    4   10.1
 21  01 30      1    2    8.6      0    0    0.0        1    2    8.6
 22  00 45      1    3    9.4      0    0    0.0        1    3    9.4
 23  01 00      1    2    8.6      0    0    0.0        1    2    8.6
 24    -
 25    -
 26  01 30      3   10   28.8      0    0    0.0        3   10   28.8
 27  01 15      3   11   29.5      0    0    0.0        3   11   29.5
 28  01 30      2   11   22.3      0    0    0.0        2   11   22.3
 29  00 40      3   18   34.6      0    0    0.0        3   18   34.6
 30  00 45      3    9   28.1      0    0    0.0        3    9   28.1


 Monthly Mean            25.1                3.7                 28.8

 --------------------------------------------------------------------

 July      1963     (k = 0.72)

 Date Time(UT)      North              South                Total
      h  m      g    f     R       g    f     R         g    f     R
  1  03 15      3    7   26.6      0    0    0.0        3    7   26.6
  2    -
  3  02 30      3   12   30.2      0    0    0.0        3   12   30.2
  4    -
  5  01 55      1    2    8.6      0    0    0.0        1    2    8.6
  6  03 15      1    4   10.1      0    0    0.0        1    4   10.1
  7  00 50      1    5   10.8      0    0    0.0        1    5   10.8
  8  00 45      1    5   10.8      0    0    0.0        1    5   10.8
  9  02 30      3    8   27.4      0    0    0.0        3    8   27.4
 10  00 50      1    3    9.4      0    0    0.0        1    3    9.4
 11    -
 12  04 15      1    4   10.1      0    0    0.0        1    4   10.1
 13  01 00      2    7   19.4      0    0    0.0        2    7   19.4
 14  01 00      3   11   29.5      0    0    0.0        3   11   29.5
 15  01 20      2    5   18.0      0    0    0.0        2    5   18.0
 16  01 10      1    7   12.2      0    0    0.0        1    7   12.2
 17  04 00      1    5   10.8      0    0    0.0        1    5   10.8
 18  01 00      1    1    7.9      0    0    0.0        1    1    7.9
 19    -
 20    -
 21  06 00      2    7   19.4      0    0    0.0        2    7   19.4
 22  02 30      2    7   19.4      0    0    0.0        2    7   19.4
 23  06 30      2   12   23.0      1    1    7.9        3   13   31.0
 24  01 15      1   20   21.6      0    0    0.0        1   20   21.6
 25  01 15      1   20   21.6      0    0    0.0        1   20   21.6
 26  01 00      1   10   14.4      0    0    0.0        1   10   14.4
 27  01 40      2    7   19.4      0    0    0.0        2    7   19.4
 28  01 15      1    2    8.6      0    0    0.0        1    2    8.6
 29  01 15      1    1    7.9      0    0    0.0        1    1    7.9
 30  01 10      2   20   28.8      0    0    0.0        2   20   28.8
 31    -

 Monthly Mean            17.0                0.3                 17.4

 --------------------------------------------------------------------

 August    1963     (k = 0.72)

 Date Time(UT)      North              South                Total
      h  m      g    f     R       g    f     R         g    f     R
  1  03 30      3   39   49.7      0    0    0.0        3   39   49.7
  2  00 25      3   44   53.3      0    0    0.0        3   44   53.3
  3  01 15      3   31   43.9      0    0    0.0        3   31   43.9
  4  01 30      2   34   38.9      0    0    0.0        2   34   38.9
  5  01 00      2   29   35.3      0    0    0.0        2   29   35.3
  6  05 25      2   27   33.8      0    0    0.0        2   27   33.8
  7  06 45      3   25   39.6      0    0    0.0        3   25   39.6
  8  01 45      2    5   18.0      0    0    0.0        2    5   18.0
  9    -
 10  00 50      2    8   20.2      0    0    0.0        2    8   20.2
 11  01 00      1    4   10.1      0    0    0.0        1    4   10.1
 12  00 45      0    0    0.0      0    0    0.0        0    0    0.0
 13  01 30      0    0    0.0      1    1    7.9        1    1    7.9
 14  01 20      1    4   10.1      0    0    0.0        1    4   10.1
 15  01 30      1    1    7.9      1    3    9.4        2    4   17.3
 16  00 15      0    0    0.0      1   10   14.4        1   10   14.4
 17  01 15      0    0    0.0      1   15   18.0        1   15   18.0
 18  04 30      0    0    0.0      3   28   41.8        3   28   41.8
 19  06 45      0    0    0.0      2   24   31.7        2   24   31.7
 20  01 10      0    0    0.0      2   19   28.1        2   19   28.1
 21  03 20      1    9   13.7      3   17   33.8        4   26   47.5
 22  00 45      1   11   15.1      3   21   36.7        4   32   51.8
 22  23 30      1   15   18.0      3   16   33.1        4   31   51.1
 24  01 15      1   15   18.0      2   17   26.6        3   32   44.6
 25  02 15      2    9   20.9      1    8   13.0        3   17   33.8
 26  01 10      3    5   25.2      0    0    0.0        3    5   25.2
 27  01 00      2    3   16.6      1    2    8.6        3    5   25.2
 28    -
 29  04 30      2    3   16.6      0    0    0.0        2    3   16.6
 30    -
 31    -

 Monthly Mean            18.7               11.2                 29.9

 --------------------------------------------------------------------

 September 1963     (k = 0.72)

 Date Time(UT)      North              South                Total
      h  m      g    f     R       g    f     R         g    f     R
  1  03 30      3    6   25.9      0    0    0.0        3    6   25.9
  2    -
  3  01 00      2    5   18.0      0    0    0.0        2    5   18.0
  4  01 00      4   16   40.3      0    0    0.0        4   16   40.3
  5  00 45      4   19   42.5      0    0    0.0        4   19   42.5
  6    -
  7  00 10      1    3    9.4      0    0    0.0        1    3    9.4
  8  01 15      1    2    8.6      1    1    7.9        2    3   16.6
  9    -
 10  04 00      1    2    8.6      1    1    7.9        2    3   16.6
 11  01 15      1    2    8.6      2    2   15.8        3    4   24.5
 12    -
 13    -
 14  01 00      2    5   18.0      2   26   33.1        4   31   51.1
 15  02 00      2   17   26.6      2   29   35.3        4   46   61.9
 16    -
 17  05 15      2   39   42.5      1   23   23.8        3   62   66.2
 18  04 10      2   46   47.5      1   16   18.7        3   62   66.2
 19  01 15      2   53   52.6      1    5   10.8        3   58   63.4
 20  01 05      1   62   51.8      2    9   20.9        3   71   72.7
 21    -
 22  01 00      1   54   46.1      0    0    0.0        1   54   46.1
 23  01 30      1   61   51.1      0    0    0.0        1   61   51.1
 24  01 20      1   46   40.3      0    0    0.0        1   46   40.3
 25    -
 26    -
 27  01 10      0    0    0.0      0    0    0.0        0    0    0.0
 28    -
 29  01 00      0    0    0.0      0    0    0.0        0    0    0.0
 30    -


 Monthly Mean            28.3                9.2                 37.5

 --------------------------------------------------------------------

 October   1963     (k = 0.72)

 Date Time(UT)      North              South                Total
      h  m      g    f     R       g    f     R         g    f     R
  1    -
  2  01 00      0    0    0.0      0    0    0.0        0    0    0.0
  3  01 15      1    2    8.6      0    0    0.0        1    2    8.6
  4  01 20      1    2    8.6      0    0    0.0        1    2    8.6
  5  01 15      0    0    0.0      0    0    0.0        0    0    0.0
  6    -
  7  00 30      1   11   15.1      0    0    0.0        1   11   15.1
  8  01 45      3   16   33.1      0    0    0.0        3   16   33.1
  9    -
 10  01 30      2   19   28.1      0    0    0.0        2   19   28.1
 11    -
 12  01 00      4   15   39.6      0    0    0.0        4   15   39.6
 13  01 30      4   15   39.6      0    0    0.0        4   15   39.6
 14  06 45      4   18   41.8      0    0    0.0        4   18   41.8
 15  01 45      4   26   47.5      0    0    0.0        4   26   47.5
 16  01 30      4   35   54.0      0    0    0.0        4   35   54.0
 17  01 00      3   17   33.8      1    2    8.6        4   19   42.5
 18    -
 19    -
 20  02 15      2   13   23.8      0    0    0.0        2   13   23.8
 21  01 30      1   21   22.3      0    0    0.0        1   21   22.3
 22    -
 23  01 30      1   31   29.5      0    0    0.0        1   31   29.5
 24  01 30      1   45   39.6      1    1    7.9        2   46   47.5
 25  01 00      1   52   44.6      1    1    7.9        2   53   52.6
 26    -
 27    -
 28    -
 29    -
 30  01 45      3   30   43.2      1    2    8.6        4   32   51.8
 31  01 30      3   29   42.5      0    0    0.0        3   29   42.5

 Monthly Mean            29.8                1.7                 31.4

 --------------------------------------------------------------------

 November  1963     (k = 0.72)

 Date Time(UT)      North              South                Total
      h  m      g    f     R       g    f     R         g    f     R
  1  01 45      3   33   45.4      0    0    0.0        3   33   45.4
  2  01 45      3   29   42.5      0    0    0.0        3   29   42.5
  3  01 45      2   22   30.2      1    1    7.9        3   23   38.2
  4  01 15      1    4   10.1      2   12   23.0        3   16   33.1
  5    -
  6  01 45      1    3    9.4      0    0    0.0        1    3    9.4
  7    -
  8  02 30      1    5   10.8      0    0    0.0        1    5   10.8
  9  01 30      1    2    8.6      0    0    0.0        1    2    8.6
 10  01 30      0    0    0.0      0    0    0.0        0    0    0.0
 11  01 15      0    0    0.0      0    0    0.0        0    0    0.0
 12  02 00      0    0    0.0      0    0    0.0        0    0    0.0
 13  01 30      0    0    0.0      0    0    0.0        0    0    0.0
 14  01 30      0    0    0.0      0    0    0.0        0    0    0.0
 15  00 35      0    0    0.0      0    0    0.0        0    0    0.0
 16  01 00      2    4   17.3      0    0    0.0        2    4   17.3
 17  02 00      2    5   18.0      0    0    0.0        2    5   18.0
 18  02 05      2    5   18.0      0    0    0.0        2    5   18.0
 19  00 50      2    7   19.4      0    0    0.0        2    7   19.4
 20  05 00      2    8   20.2      0    0    0.0        2    8   20.2
 21  02 00      4    8   34.6      0    0    0.0        4    8   34.6
 22  01 30      5   17   48.2      0    0    0.0        5   17   48.2
 23  01 00      3   13   31.0      0    0    0.0        3   13   31.0
 24  01 30      4   11   36.7      0    0    0.0        4   11   36.7
 25    -
 26  01 15      3   18   34.6      0    0    0.0        3   18   34.6
 27  01 05      2   17   26.6      0    0    0.0        2   17   26.6
 28  00 55      2   12   23.0      0    0    0.0        2   12   23.0
 29  00 55      2   12   23.0      0    0    0.0        2   12   23.0
 30  05 15      2    5   18.0      0    0    0.0        2    5   18.0


 Monthly Mean            19.5                1.1                 20.6

 --------------------------------------------------------------------

 December  1963     (k = 0.72)

 Date Time(UT)      North              South                Total
      h  m      g    f     R       g    f     R         g    f     R
  1  02 45      1    3    9.4      1    2    8.6        2    5   18.0
  2  02 10      1    1    7.9      1    3    9.4        2    4   17.3
  3    -
  4    -
  5  01 00      0    0    0.0      2   12   23.0        2   12   23.0
  6  01 40      1    1    7.9      1   18   20.2        2   19   28.1
  7  01 15      0    0    0.0      1   11   15.1        1   11   15.1
  8  02 00      0    0    0.0      1    6   11.5        1    6   11.5
  8  23 50      1    6   11.5      0    0    0.0        1    6   11.5
 10  01 15      0    0    0.0      1    2    8.6        1    2    8.6
 11  01 30      2    2   15.8      1    1    7.9        3    3   23.8
 12  01 30      1    2    8.6      0    0    0.0        1    2    8.6
 13  00 30      1    1    7.9      0    0    0.0        1    1    7.9
 14  00 00      0    0    0.0      0    0    0.0        0    0    0.0
 15  01 40      0    0    0.0      0    0    0.0        0    0    0.0
 16  00 45      0    0    0.0      0    0    0.0        0    0    0.0
 17  00 30      0    0    0.0      0    0    0.0        0    0    0.0
 18  00 45      1    1    7.9      0    0    0.0        1    1    7.9
 19  00 15      1    2    8.6      0    0    0.0        1    2    8.6
 20  01 55      1    2    8.6      0    0    0.0        1    2    8.6
 21  00 45      1    2    8.6      0    0    0.0        1    2    8.6
 22  00 30      1    2    8.6      0    0    0.0        1    2    8.6
 23  00 15      1    2    8.6      0    0    0.0        1    2    8.6
 24  00 15      2    2   15.8      0    0    0.0        2    2   15.8
 25  05 15      2    2   15.8      0    0    0.0        2    2   15.8
 26  02 30      0    0    0.0      0    0    0.0        0    0    0.0
 27  01 30      0    0    0.0      0    0    0.0        0    0    0.0
 28  00 30      0    0    0.0      0    0    0.0        0    0    0.0
 29  01 48      0    0    0.0      1    1    7.9        1    1    7.9
 30  01 48      0    0    0.0      0    0    0.0        0    0    0.0
 31  04 10      0    0    0.0      0    0    0.0        0    0    0.0

 Monthly Mean             5.2                3.9                  9.1

 --------------------------------------------------------------------

