 January   1953     (k = 0.65)

 Date Time(UT)      North              South                Total
      h  m      g    f     R       g    f     R         g    f     R
  1  01 00      2    8   18.2      0    0    0.0        2    8   18.2
  2  02 30      1   10   13.0      0    0    0.0        1   10   13.0
  3  02 30      1    9   12.3      0    0    0.0        1    9   12.3
  4  01 15      2   17   24.0      0    0    0.0        2   17   24.0
  5  00 30      2   13   21.4      0    0    0.0        2   13   21.4
  6  01 15      3   34   41.6      0    0    0.0        3   34   41.6
  7  01 00      3   31   39.6      0    0    0.0        3   31   39.6
  8  01 00      2   29   31.8      0    0    0.0        2   29   31.8
  9  00 40      3   35   42.2      1    3    8.4        4   38   50.7
 10  01 30      2   41   39.6      1   12   14.3        3   53   53.9
 11  01 30      2   34   35.1      2   20   26.0        4   54   61.1
 12    -
 13  00 15      3   15   29.2      2   16   23.4        5   31   52.6
 14  00 20      2    5   16.2      2   28   31.2        4   33   47.4
 15  00 30      3    6   23.4      2   28   31.2        5   34   54.6
 16  02 20      1    2    7.8      2   38   37.7        3   40   45.5
 17  01 00      1    3    8.4      2   21   26.6        3   24   35.1
 18  01 45      1    2    7.8      2    8   18.2        3   10   26.0
 19  00 15      1    0    6.5      2    5   16.2        3    5   22.8
 20  00 45      0    0    0.0      2    5   16.2        2    5   16.2
 21  00 15      0    0    0.0      2    3   14.9        2    3   14.9
 22  01 30      1    4    9.1      1    2    7.8        2    6   16.9
 22  23 15      1    3    8.4      0    0    0.0        1    3    8.4
 24  01 00      1    2    7.8      0    0    0.0        1    2    7.8
 25  00 30      0    0    0.0      0    0    0.0        0    0    0.0
 26  02 00      0    0    0.0      0    0    0.0        0    0    0.0
 27    -
 28  01 30      0    0    0.0      0    0    0.0        0    0    0.0
 29  00 15      0    0    0.0      0    0    0.0        0    0    0.0
 30  02 20      0    0    0.0      0    0    0.0        0    0    0.0
 31  01 00      0    0    0.0      0    0    0.0        0    0    0.0

 Monthly Mean            15.3                9.4                 24.7

 --------------------------------------------------------------------

 February  1953     (k = 0.65)

 Date Time(UT)      North              South                Total
      h  m      g    f     R       g    f     R         g    f     R
  1  00 45      0    0    0.0      0    0    0.0        0    0    0.0
  2  00 15      0    0    0.0      0    0    0.0        0    0    0.0
  3  00 15      1    1    7.1      0    0    0.0        1    1    7.1
  4  02 00      1    1    7.1      0    0    0.0        1    1    7.1
  5    -
  6  01 00      1    2    7.8      0    0    0.0        1    2    7.8
  7  00 15      1    1    7.1      0    0    0.0        1    1    7.1
  8  00 30      2    3   14.9      0    0    0.0        2    3   14.9
  9  00 15      2    2   14.3      0    0    0.0        2    2   14.3
 10  00 15      2    2   14.3      1    5    9.8        3    7   24.0
 11  01 00      1    1    7.1      0    0    0.0        1    1    7.1
 12  00 15      2    2   14.3      1    1    7.1        3    3   21.4
 13    -
 14  03 00      0    0    0.0      0    0    0.0        0    0    0.0
 15  01 00      0    0    0.0      0    0    0.0        0    0    0.0
 16  01 00      0    0    0.0      0    0    0.0        0    0    0.0
 17  00 45      0    0    0.0      0    0    0.0        0    0    0.0
 18  03 00      0    0    0.0      0    0    0.0        0    0    0.0
 19  01 00      0    0    0.0      0    0    0.0        0    0    0.0
 20  02 30      0    0    0.0      0    0    0.0        0    0    0.0
 21    -
 22  00 15      0    0    0.0      0    0    0.0        0    0    0.0
 23  00 30      0    0    0.0      0    0    0.0        0    0    0.0
 24  00 15      0    0    0.0      0    0    0.0        0    0    0.0
 25    -
 26    -
 27  01 20      0    0    0.0      0    0    0.0        0    0    0.0
 28  01 00      0    0    0.0      0    0    0.0        0    0    0.0




 Monthly Mean             4.1                0.7                  4.8

 --------------------------------------------------------------------

 March     1953     (k = 0.65)

 Date Time(UT)      North              South                Total
      h  m      g    f     R       g    f     R         g    f     R
  1  07 00      0    0    0.0      0    0    0.0        0    0    0.0
  2    -
  3  00 15      0    0    0.0      0    0    0.0        0    0    0.0
  4  00 30      0    0    0.0      0    0    0.0        0    0    0.0
  5    -
  6  00 50      0    0    0.0      0    0    0.0        0    0    0.0
  7  00 30      0    0    0.0      0    0    0.0        0    0    0.0
  8  00 30      0    0    0.0      0    0    0.0        0    0    0.0
  9  00 15      0    0    0.0      0    0    0.0        0    0    0.0
 10  00 15      0    0    0.0      0    0    0.0        0    0    0.0
 11  00 30      0    0    0.0      0    0    0.0        0    0    0.0
 12  00 00      0    0    0.0      0    0    0.0        0    0    0.0
 13  01 35      0    0    0.0      0    0    0.0        0    0    0.0
 14  01 45      1    1    7.1      0    0    0.0        1    1    7.1
 15  01 00      0    0    0.0      1    1    7.1        1    1    7.1
 16    -
 17  04 30      0    0    0.0      0    0    0.0        0    0    0.0
 18  00 00      0    0    0.0      0    0    0.0        0    0    0.0
 19  00 00      1    4    9.1      0    0    0.0        1    4    9.1
 20  04 30      1    4    9.1      0    0    0.0        1    4    9.1
 21  02 50      1    2    7.8      0    0    0.0        1    2    7.8
 21  23 45      0    0    0.0      1    8   11.7        1    8   11.7
 23    -
 24  00 25      0    0    0.0      1    4    9.1        1    4    9.1
 25    -
 26  00 30      0    0    0.0      0    0    0.0        0    0    0.0
 27  03 00      0    0    0.0      0    0    0.0        0    0    0.0
 28    -
 29    -
 30  00 00      3   13   27.9      1    1    7.1        4   14   35.1
 31  00 30      2   14   22.1      2   24   28.6        4   38   50.7

 Monthly Mean             3.5                2.7                  6.1

 --------------------------------------------------------------------

 April     1953     (k = 0.65)

 Date Time(UT)      North              South                Total
      h  m      g    f     R       g    f     R         g    f     R
  1  01 00      2    5   16.2      2   23   27.9        4   28   44.2
  2  01 30      1    6   10.4      3   34   41.6        4   40   52.0
  3    -
  4  00 10      3   41   46.1      1    9   12.3        4   50   58.5
  5  00 00      3   35   42.2      1    2    7.8        4   37   50.0
  6  00 30      2   20   26.0      0    0    0.0        2   20   26.0
  7  00 30      2   11   20.1      0    0    0.0        2   11   20.1
  8  00 30      2   31   33.1      1    5    9.8        3   36   42.9
  9  00 30      1   14   15.6      1    8   11.7        2   22   27.3
 10  00 10      2   14   22.1      0    0    0.0        2   14   22.1
 11  06 00      1    7   11.0      0    0    0.0        1    7   11.0
 12    -
 13  01 00      0    0    0.0      0    0    0.0        0    0    0.0
 14  00 30      0    0    0.0      0    0    0.0        0    0    0.0
 14  23 45      0    0    0.0      0    0    0.0        0    0    0.0
 16  04 30      0    0    0.0      0    0    0.0        0    0    0.0
 17  01 15      0    0    0.0      0    0    0.0        0    0    0.0
 17  23 45      0    0    0.0      0    0    0.0        0    0    0.0
 18  23 30      0    0    0.0      0    0    0.0        0    0    0.0
 20  00 00      0    0    0.0      0    0    0.0        0    0    0.0
 21  00 00      0    0    0.0      0    0    0.0        0    0    0.0
 22  00 15      1    3    8.4      0    0    0.0        1    3    8.4
 23  03 00      1    9   12.3      0    0    0.0        1    9   12.3
 24  02 20      1   14   15.6      1    2    7.8        2   16   23.4
 25  00 00      1   30   26.0      2    4   15.6        3   34   41.6
 26  00 30      2   39   38.3      2    7   17.5        4   46   55.9
 27  00 15      2   53   47.4      2    4   15.6        4   57   63.0
 28  00 30      2   75   61.7      1    3    8.4        3   78   70.2
 29  00 15      2   48   44.2      0    0    0.0        2   48   44.2
 30    -


 Monthly Mean            18.4                6.5                 24.9

 --------------------------------------------------------------------

 May       1953     (k = 0.65)

 Date Time(UT)      North              South                Total
      h  m      g    f     R       g    f     R         g    f     R
 30  22 45      2   57   50.0      0    0    0.0        2   57   50.0
  2  00 30      2   41   39.6      0    0    0.0        2   41   39.6
  3  00 00      2   26   29.9      0    0    0.0        2   26   29.9
  4  00 30      2   13   21.4      0    0    0.0        2   13   21.4
  4  23 30      1    7   11.0      0    0    0.0        1    7   11.0
  6  01 30      1    3    8.4      0    0    0.0        1    3    8.4
  7    -
  8    -
  9  00 40      0    0    0.0      0    0    0.0        0    0    0.0
  9  22 30      0    0    0.0      0    0    0.0        0    0    0.0
 11  00 15      0    0    0.0      0    0    0.0        0    0    0.0
 12    -
 13  00 15      0    0    0.0      0    0    0.0        0    0    0.0
 14    -
 15  02 00      0    0    0.0      0    0    0.0        0    0    0.0
 16  00 30      0    0    0.0      0    0    0.0        0    0    0.0
 17  00 00      0    0    0.0      0    0    0.0        0    0    0.0
 18  00 45      1    1    7.1      0    0    0.0        1    1    7.1
 19  01 30      1    6   10.4      0    0    0.0        1    6   10.4
 20  00 15      1    6   10.4      0    0    0.0        1    6   10.4
 21  00 30      1    9   12.3      0    0    0.0        1    9   12.3
 22    -
 23    -
 24  03 00      1    6   10.4      0    0    0.0        1    6   10.4
 25  01 00      2    9   18.8      0    0    0.0        2    9   18.8
 26  01 00      2    8   18.2      0    0    0.0        2    8   18.2
 26  23 30      1    7   11.0      0    0    0.0        1    7   11.0
 28    -
 29    -
 30  00 00      2    7   17.5      0    0    0.0        2    7   17.5
 31    -

 Monthly Mean            12.6                0.0                 12.6

 --------------------------------------------------------------------

 June      1953     (k = 0.65)

 Date Time(UT)      North              South                Total
      h  m      g    f     R       g    f     R         g    f     R
  1  05 45      0    0    0.0      0    0    0.0        0    0    0.0
  2  05 30      0    0    0.0      0    0    0.0        0    0    0.0
  3  01 45      0    0    0.0      1   16   16.9        1   16   16.9
  4  00 00      1   19   18.8      1   15   16.2        2   34   35.1
  5  06 10      1   14   15.6      1    8   11.7        2   22   27.3
  5  23 30      1   15   16.2      1    4    9.1        2   19   25.3
  7    -
  8    -
  9  00 30      1   14   15.6      1   12   14.3        2   26   29.9
 10  05 10      1   13   14.9      1    9   12.3        2   22   27.3
 11  00 40      1    4    9.1      1    5    9.8        2    9   18.8
 12    -
 13  00 45      0    0    0.0      0    0    0.0        0    0    0.0
 14  02 00      1    5    9.8      0    0    0.0        1    5    9.8
 15  04 45      2   17   24.0      0    0    0.0        2   17   24.0
 16  00 00      2   24   28.6      0    0    0.0        2   24   28.6
 17  00 25      2   39   38.3      0    0    0.0        2   39   38.3
 18    -
 19    -
 19  23 20      2   16   23.4      0    0    0.0        2   16   23.4
 21    -
 22    -
 23    -
 24  04 25      1    4    9.1      0    0    0.0        1    4    9.1
 25  00 15      1    6   10.4      0    0    0.0        1    6   10.4
 26    -
 27  00 00      1    8   11.7      1    2    7.8        2   10   19.5
 28    -
 29  01 00      1    1    7.1      0    0    0.0        1    1    7.1
 30    -


 Monthly Mean            13.3                5.2                 18.5

 --------------------------------------------------------------------

 July      1953     (k = 0.65)

 Date Time(UT)      North              South                Total
      h  m      g    f     R       g    f     R         g    f     R
  1  01 15      0    0    0.0      0    0    0.0        0    0    0.0
  2  00 15      0    0    0.0      1    1    7.1        1    1    7.1
  3    -
  4  02 30      0    0    0.0      0    0    0.0        0    0    0.0
  5  06 00      0    0    0.0      0    0    0.0        0    0    0.0
  6  05 00      0    0    0.0      1    1    7.1        1    1    7.1
  7    -
  8  00 15      0    0    0.0      0    0    0.0        0    0    0.0
  9  00 00      0    0    0.0      0    0    0.0        0    0    0.0
 10    -
 11  00 00      0    0    0.0      1   10   13.0        1   10   13.0
 12  00 00      0    0    0.0      1   11   13.6        1   11   13.6
 12  23 45      0    0    0.0      1   11   13.6        1   11   13.6
 14  00 00      0    0    0.0      2   13   21.4        2   13   21.4
 15  00 00      0    0    0.0      3   22   33.8        3   22   33.8
 16  00 50      0    0    0.0      1   14   15.6        1   14   15.6
 17    -
 18    -
 19    -
 20    -
 21  04 00      0    0    0.0      1    1    7.1        1    1    7.1
 22  03 30      0    0    0.0      0    0    0.0        0    0    0.0
 23    -
 23  22 00      0    0    0.0      0    0    0.0        0    0    0.0
 25  01 00      0    0    0.0      0    0    0.0        0    0    0.0
 25  23 45      0    0    0.0      0    0    0.0        0    0    0.0
 27  00 15      0    0    0.0      0    0    0.0        0    0    0.0
 28  01 00      0    0    0.0      0    0    0.0        0    0    0.0
 29  00 00      0    0    0.0      0    0    0.0        0    0    0.0
 30  00 30      0    0    0.0      0    0    0.0        0    0    0.0
 31  03 30      0    0    0.0      0    0    0.0        0    0    0.0

 Monthly Mean             0.0                5.8                  5.8

 --------------------------------------------------------------------

 August    1953     (k = 0.65)

 Date Time(UT)      North              South                Total
      h  m      g    f     R       g    f     R         g    f     R
  1  02 45      0    0    0.0      0    0    0.0        0    0    0.0
  2  00 15      0    0    0.0      0    0    0.0        0    0    0.0
  3  01 30      0    0    0.0      1    6   10.4        1    6   10.4
  4    -
  5  04 15      1    9   12.3      0    0    0.0        1    9   12.3
  6  02 00      1    5    9.8      0    0    0.0        1    5    9.8
  7  02 50      1    6   10.4      0    0    0.0        1    6   10.4
  8  04 30      1    9   12.3      0    0    0.0        1    9   12.3
  9  00 30      2   14   22.1      0    0    0.0        2   14   22.1
  9  23 40      4   27   43.5      0    0    0.0        4   27   43.5
 11  04 00      5   53   66.9      1    2    7.8        6   55   74.8
 12  00 15      5   54   67.6      1    5    9.8        6   59   77.3
 13  02 00      5   51   65.6      1    5    9.8        6   56   75.4
 14    -
 15    -
 16    -
 17  00 00      2   46   42.9      1    4    9.1        3   50   52.0
 18  00 30      2   21   26.6      1    6   10.4        3   27   37.0
 19  03 00      2   15   22.8      1    3    8.4        3   18   31.2
 20  00 20      1    2    7.8      1    2    7.8        2    4   15.6
 21  02 00      1    2    7.8      1    4    9.1        2    6   16.9
 22  00 15      1    2    7.8      1    1    7.1        2    3   14.9
 23    -
 24  01 30      0    0    0.0      0    0    0.0        0    0    0.0
 25    -
 26  02 30      0    0    0.0      0    0    0.0        0    0    0.0
 27    -
 28    -
 29  02 30      0    0    0.0      0    0    0.0        0    0    0.0
 30    -
 31  02 00      0    0    0.0      0    0    0.0        0    0    0.0

 Monthly Mean            19.4                4.1                 23.5

 --------------------------------------------------------------------

 September 1953     (k = 0.65)

 Date Time(UT)      North              South                Total
      h  m      g    f     R       g    f     R         g    f     R
  1    -
  2  00 40      0    0    0.0      0    0    0.0        0    0    0.0
  3  03 30      1    2    7.8      0    0    0.0        1    2    7.8
  4    -
  5  05 30      0    0    0.0      0    0    0.0        0    0    0.0
  6  00 45      1    5    9.8      0    0    0.0        1    5    9.8
  7  02 15      1    4    9.1      0    0    0.0        1    4    9.1
  8  00 15      1    6   10.4      0    0    0.0        1    6   10.4
  9  00 15      2    6   16.9      0    0    0.0        2    6   16.9
 10  00 00      2    7   17.5      0    0    0.0        2    7   17.5
 11  04 55      1   10   13.0      0    0    0.0        1   10   13.0
 12  00 30      2   17   24.0      0    0    0.0        2   17   24.0
 13  07 20      1    2    7.8      1    1    7.1        2    3   14.9
 14    -
 15  00 15      3    5   22.8      2   13   21.4        5   18   44.2
 16  05 20      2    6   16.9      1   26   23.4        3   32   40.3
 17  02 00      2    7   17.5      2   28   31.2        4   35   48.8
 18    -
 19    -
 19  23 15      1    3    8.4      1    3    8.4        2    6   16.9
 21  00 45      1    3    8.4      1    3    8.4        2    6   16.9
 22  00 00      1    3    8.4      0    0    0.0        1    3    8.4
 23    -
 24    -
 25  02 00      2    4   15.6      0    0    0.0        2    4   15.6
 26  00 00      2    3   14.9      0    0    0.0        2    3   14.9
 27  00 00      3    3   21.4      0    0    0.0        3    3   21.4
 28  00 30      1    2    7.8      0    0    0.0        1    2    7.8
 29  01 00      1    2    7.8      0    0    0.0        1    2    7.8
 30    -


 Monthly Mean            12.1                4.5                 16.7

 --------------------------------------------------------------------

 October   1953     (k = 0.65)

 Date Time(UT)      North              South                Total
      h  m      g    f     R       g    f     R         g    f     R
  1    -
  2    -
  3  00 15      0    0    0.0      0    0    0.0        0    0    0.0
  4  02 00      0    0    0.0      1    3    8.4        1    3    8.4
  5  00 30      0    0    0.0      1    2    7.8        1    2    7.8
  6  00 00      0    0    0.0      1    4    9.1        1    4    9.1
  7  00 30      0    0    0.0      1    9   12.3        1    9   12.3
  8  00 00      0    0    0.0      1   11   13.6        1   11   13.6
  9    -
 10  02 20      0    0    0.0      1    7   11.0        1    7   11.0
 11  00 30      0    0    0.0      1    3    8.4        1    3    8.4
 12    -
 13  00 15      0    0    0.0      1    2    7.8        1    2    7.8
 14  04 30      0    0    0.0      2   21   26.6        2   21   26.6
 15  02 00      0    0    0.0      1   29   25.3        1   29   25.3
 16  01 30      0    0    0.0      1   28   24.7        1   28   24.7
 17  00 15      0    0    0.0      1    5    9.8        1    5    9.8
 18  00 15      0    0    0.0      1    5    9.8        1    5    9.8
 19  00 10      0    0    0.0      0    0    0.0        0    0    0.0
 20  00 15      0    0    0.0      0    0    0.0        0    0    0.0
 21  04 00      0    0    0.0      0    0    0.0        0    0    0.0
 22  00 50      0    0    0.0      0    0    0.0        0    0    0.0
 23  01 30      0    0    0.0      0    0    0.0        0    0    0.0
 24    -
 25  01 00      0    0    0.0      0    0    0.0        0    0    0.0
 26  00 15      1    2    7.8      0    0    0.0        1    2    7.8
 26  23 10      1    6   10.4      0    0    0.0        1    6   10.4
 28    -
 29  02 00      0    0    0.0      0    0    0.0        0    0    0.0
 30  00 30      0    0    0.0      0    0    0.0        0    0    0.0
 31  02 50      0    0    0.0      1    1    7.1        1    1    7.1

 Monthly Mean             0.7                7.3                  8.0

 --------------------------------------------------------------------

 November  1953     (k = 0.65)

 Date Time(UT)      North              South                Total
      h  m      g    f     R       g    f     R         g    f     R
  1  00 30      0    0    0.0      1    7   11.0        1    7   11.0
  2    -
  3  00 45      0    0    0.0      2    6   16.9        2    6   16.9
  4  00 30      0    0    0.0      1    6   10.4        1    6   10.4
  5  00 30      0    0    0.0      0    0    0.0        0    0    0.0
  6  01 15      0    0    0.0      0    0    0.0        0    0    0.0
  7  01 15      0    0    0.0      0    0    0.0        0    0    0.0
  7  23 15      0    0    0.0      0    0    0.0        0    0    0.0
  9    -
 10    -
 11  02 50      0    0    0.0      0    0    0.0        0    0    0.0
 12  00 30      0    0    0.0      0    0    0.0        0    0    0.0
 13  00 40      0    0    0.0      0    0    0.0        0    0    0.0
 14  00 30      0    0    0.0      0    0    0.0        0    0    0.0
 15  02 10      0    0    0.0      0    0    0.0        0    0    0.0
 16    -
 17  00 45      0    0    0.0      0    0    0.0        0    0    0.0
 18    -
 19  02 15      0    0    0.0      0    0    0.0        0    0    0.0
 20  02 00      0    0    0.0      0    0    0.0        0    0    0.0
 21  00 30      0    0    0.0      0    0    0.0        0    0    0.0
 22  02 00      0    0    0.0      0    0    0.0        0    0    0.0
 23  00 30      0    0    0.0      0    0    0.0        0    0    0.0
 24  01 00      0    0    0.0      0    0    0.0        0    0    0.0
 25  00 15      0    0    0.0      0    0    0.0        0    0    0.0
 26    -
 27  01 00      0    0    0.0      0    0    0.0        0    0    0.0
 28  00 45      0    0    0.0      0    0    0.0        0    0    0.0
 29  00 30      0    0    0.0      1    1    7.1        1    1    7.1
 30  00 45      0    0    0.0      0    0    0.0        0    0    0.0


 Monthly Mean             0.0                1.9                  1.9

 --------------------------------------------------------------------

 December  1953     (k = 0.65)

 Date Time(UT)      North              South                Total
      h  m      g    f     R       g    f     R         g    f     R
  1  00 30      0    0    0.0      0    0    0.0        0    0    0.0
  2  00 30      0    0    0.0      0    0    0.0        0    0    0.0
  3    -
  4  06 00      0    0    0.0      0    0    0.0        0    0    0.0
  5  01 30      0    0    0.0      0    0    0.0        0    0    0.0
  6    -
  7    -
  8  00 50      0    0    0.0      0    0    0.0        0    0    0.0
  9  00 15      0    0    0.0      0    0    0.0        0    0    0.0
 10  05 45      0    0    0.0      0    0    0.0        0    0    0.0
 11  00 00      0    0    0.0      0    0    0.0        0    0    0.0
 12  00 45      0    0    0.0      0    0    0.0        0    0    0.0
 13  01 00      0    0    0.0      0    0    0.0        0    0    0.0
 14  00 45      0    0    0.0      0    0    0.0        0    0    0.0
 15  00 15      0    0    0.0      0    0    0.0        0    0    0.0
 16  01 00      0    0    0.0      0    0    0.0        0    0    0.0
 17  00 40      0    0    0.0      0    0    0.0        0    0    0.0
 18  01 40      0    0    0.0      0    0    0.0        0    0    0.0
 19  01 00      0    0    0.0      0    0    0.0        0    0    0.0
 20  01 00      0    0    0.0      0    0    0.0        0    0    0.0
 21  01 00      0    0    0.0      0    0    0.0        0    0    0.0
 22    -
 23  00 30      0    0    0.0      0    0    0.0        0    0    0.0
 24  00 20      0    0    0.0      0    0    0.0        0    0    0.0
 25    -
 26  00 15      0    0    0.0      1    2    7.8        1    2    7.8
 27  00 20      0    0    0.0      1    5    9.8        1    5    9.8
 28  06 45      0    0    0.0      1    3    8.4        1    3    8.4
 29  01 40      0    0    0.0      1    3    8.4        1    3    8.4
 30  01 00      0    0    0.0      1    1    7.1        1    1    7.1
 31  00 45      0    0    0.0      0    0    0.0        0    0    0.0

 Monthly Mean             0.0                1.6                  1.6

 --------------------------------------------------------------------

