 January   1960     (k = 0.72)

 Date Time(UT)      North              South                Total
      h  m      g    f     R       g    f     R         g    f     R
  1    -
  2  01 10      9   25   82.8      3   12   30.2       12   37  113.0
  3  02 20     10   40  100.8      5   40   64.8       15   80  165.6
  4  01 10      5   23   52.6      6   32   66.2       11   55  118.8
  5  03 00      4   38   56.2      6   52   80.6       10   90  136.8
  6  01 30      7   52   87.8      5   34   60.5       12   86  148.3
  7  01 10      6   39   71.3      4   79   85.7       10  118  157.0
  8    -
  9  04 30      7   21   65.5      5  101  108.7       12  122  174.2
 10  02 30      6   16   54.7      5   86   97.9       11  102  152.6
 11  01 30      5   21   51.1      8   84  118.1       13  105  169.2
 12    -
 13  01 15      3   20   36.0      6   44   74.9        9   64  110.9
 14  03 00      5   23   52.6      7   32   73.4       12   55  126.0
 15  03 45      7   25   68.4      6   23   59.8       13   48  128.2
 16    -
 17  01 00      8   38   85.0      3   14   31.7       11   52  116.6
 18  01 40      8   39   85.7      3    4   24.5       11   43  110.2
 19  01 15      7   43   81.4      2    3   16.6        9   46   97.9
 20  01 20      5   37   62.6      2    5   18.0        7   42   80.6
 21  01 30      7   38   77.8      2    7   19.4        9   45   97.2
 22    -
 23  01 10     11   61  123.1      1    3    9.4       12   64  132.5
 24  01 15     10   55  111.6      1    3    9.4       11   58  121.0
 25  02 00      8   93  124.6      2    6   18.7       10   99  143.3
 26  02 00      6  122  131.0      2   15   25.2        8  137  156.2
 27  01 20      8  124  146.9      2   17   26.6       10  141  173.5
 28  01 40      6  129  136.1      3   18   34.6        9  147  170.6
 29  03 00      9  109  143.3      2   17   26.6       11  126  169.9
 30  03 15      8   84  118.1      3   15   32.4       11   99  150.5
 31  01 30      8  106  133.9      5   32   59.0       13  138  193.0

 Monthly Mean            90.0               49.0                139.0

 --------------------------------------------------------------------

 February  1960     (k = 0.72)

 Date Time(UT)      North              South                Total
      h  m      g    f     R       g    f     R         g    f     R
  1  01 40      8   82  116.6      4   29   49.7       12  111  166.3
  2    -
  3    -
  4  01 45      8   50   93.6      6   55   82.8       14  105  176.4
  5  01 10      7   48   85.0      5   92  102.2       12  140  187.2
  6  03 00      6   29   64.1      6   64   89.3       12   93  153.4
  7  02 00      5   24   53.3      5   55   75.6       10   79  128.9
  8  02 00      3   19   35.3      5   56   76.3        8   75  111.6
  9  02 00      6   40   72.0      7   62   95.0       13  102  167.0
 10    -
 11  05 20      4   41   58.3      5   32   59.0        9   73  117.4
 12  01 45      4   39   56.9      5   21   51.1        9   60  108.0
 13  01 45      6   66   90.7      3   11   29.5        9   77  120.2
 14  02 00      4   86   90.7      4   13   38.2        8   99  128.9
 15  01 15      3   59   64.1      2   11   22.3        5   70   86.4
 16  02 10      3   69   71.3      0    0    0.0        3   69   71.3
 17  01 15      2   56   54.7      0    0    0.0        2   56   54.7
 18  06 15      3   29   42.5      1    2    8.6        4   31   51.1
 19  01 30      2   23   31.0      1    3    9.4        3   26   40.3
 20  00 40      5   25   54.0      1    5   10.8        6   30   64.8
 21  01 25      3   18   34.6      1    3    9.4        4   21   43.9
 22  01 00      4   27   48.2      1    4   10.1        5   31   58.3
 23  00 50      3   37   48.2      1    7   12.2        4   44   60.5
 24  01 10      6   56   83.5      1    6   11.5        7   62   95.0
 25  01 00      5   56   76.3      2   14   24.5        7   70  100.8
 26  01 00      4   47   62.6      2   11   22.3        6   58   85.0
 27    -
 28    -
 29  01 20      4   18   41.8      3   13   31.0        7   31   72.7



 Monthly Mean            63.7               38.4                102.1

 --------------------------------------------------------------------

 March     1960     (k = 0.72)

 Date Time(UT)      North              South                Total
      h  m      g    f     R       g    f     R         g    f     R
  1    -
  2  01 30      3   17   33.8      2   15   25.2        5   32   59.0
  3  01 15      4   19   42.5      2   12   23.0        6   31   65.5
  4    -
  5  00 45      5   23   52.6      5    7   41.0       10   30   93.6
  6  00 45      2   13   23.8      4   15   39.6        6   28   63.4
  7  03 00      5   28   56.2      3   20   36.0        8   48   92.2
  8  06 00      6   34   67.7      3   23   38.2        9   57  105.8
  9  03 10      7   45   82.8      2   27   33.8        9   72  116.6
 10    -
 11    -
 12  01 15      5   17   48.2      3   25   39.6        8   42   87.8
 13  01 15      3   11   29.5      3   18   34.6        6   29   64.1
 14    -
 15  02 15      3    5   25.2      2   33   38.2        5   38   63.4
 16  01 40      6   18   56.2      2   35   39.6        8   53   95.8
 17  01 15      4   24   46.1      2   23   31.0        6   47   77.0
 18  02 20      6   26   61.9      1   42   37.4        7   68   99.4
 19  01 10      4   21   43.9      1   40   36.0        5   61   79.9
 20  00 15      5   39   64.1      1   35   32.4        6   74   96.5
 21    -
 22  02 10      7   56   90.7      1   10   14.4        8   66  105.1
 23  00 20      7   55   90.0      2   11   22.3        9   66  112.3
 24  02 15      5   66   83.5      4   17   41.0        9   83  124.6
 25  01 00      3   62   66.2      4   33   52.6        7   95  118.8
 26    -
 27  02 30      7   35   75.6      4   43   59.8       11   78  135.4
 28  02 15      6   40   72.0      5   43   67.0       11   83  139.0
 29  02 40      5   47   69.8      6   49   78.5       11   96  148.3
 30  01 15      5   38   63.4      4   47   62.6        9   85  126.0
 31  01 45      3   35   46.8      2   49   49.7        5   84   96.5

 Monthly Mean            58.0               40.6                 98.6

 --------------------------------------------------------------------

 April     1960     (k = 0.72)

 Date Time(UT)      North              South                Total
      h  m      g    f     R       g    f     R         g    f     R
  1    -
  2  02 10      4   47   62.6      3   33   45.4        7   80  108.0
  3    -
  4    -
  5  06 15      6   54   82.1      5   71   87.1       11  125  169.2
  6  01 00      5   54   74.9      5   61   79.9       10  115  154.8
  7  01 15      3   15   32.4      5   54   74.9        8   69  107.3
  8  02 10      3   12   30.2      6   51   79.9        9   63  110.2
  9  01 15      4   12   37.4      7   40   79.2       11   52  116.6
 10  04 30      4   23   45.4      6   55   82.8       10   78  128.2
 11  00 30      3   24   38.9      5   36   61.9        8   60  100.8
 12    -
 13    -
 14  02 15      4   52   66.2      3   44   53.3        7   96  119.5
 15    -
 16    -
 17  00 30      4   80   86.4      3   62   66.2        7  142  152.6
 18  01 10      4   60   72.0      1   47   41.0        5  107  113.0
 19  00 45      6   70   93.6      1   24   24.5        7   94  118.1
 20    -
 21  01 45      4   94   96.5      3   21   36.7        7  115  133.2
 22  03 20      4   52   66.2      3   25   39.6        7   77  105.8
 23  01 20      4   45   61.2      4   20   43.2        8   65  104.4
 24  02 50      5   62   80.6      3   23   38.2        8   85  118.8
 25    -
 26  06 00      6   30   64.8      3   13   31.0        9   43   95.8
 27    -
 28    -
 29  06 10      5   26   54.7      3   24   38.9        8   50   93.6
 30    -


 Monthly Mean            63.7               55.8                119.4

 --------------------------------------------------------------------

 May       1960     (k = 0.72)

 Date Time(UT)      North              South                Total
      h  m      g    f     R       g    f     R         g    f     R
  1  02 15      4   35   54.0      2   23   31.0        6   58   85.0
  2  02 00      5   42   66.2      2   19   28.1        7   61   94.3
  3  03 40      5   45   68.4      3   17   33.8        8   62  102.2
  4    -
  5  00 30      3   60   64.8      3   10   28.8        6   70   93.6
  6  03 10      4   41   58.3      3   12   30.2        7   53   88.6
  7    -
  8  01 40      3   62   66.2      4   17   41.0        7   79  107.3
  9  00 45      3   74   74.9      4   25   46.8        7   99  121.7
 10    -
 11  06 00      6   66   90.7      4   13   38.2       10   79  128.9
 12  01 15      6   55   82.8      4   18   41.8       10   73  124.6
 13  02 40      5   36   61.9      3   10   28.8        8   46   90.7
 14    -
 15  07 00      4   14   38.9      2   17   26.6        6   31   65.5
 16  01 15      6   21   58.3      4   35   54.0       10   56  112.3
 17  00 20      5   24   53.3      3   25   39.6        8   49   92.9
 18  01 15      5   25   54.0      3   43   52.6        8   68  106.6
 19    -
 20    -
 21  05 00      3   11   29.5      3   65   68.4        6   76   97.9
 22  02 20      5   19   49.7      4   71   79.9        9   90  129.6
 23  01 00      6   32   66.2      3   47   55.4        9   79  121.7
 24  06 20      5   56   76.3      5   38   63.4       10   94  139.7
 25  01 50      6   67   91.4      3   30   43.2        9   97  134.6
 26  06 00      6   67   91.4      4   15   39.6       10   82  131.0
 27    -
 28    -
 29  03 15      7   41   79.9      3   28   41.8       10   69  121.7
 30  00 50      5   35   61.2      3   27   41.0        8   62  102.2
 31    -

 Monthly Mean            65.4               43.4                108.8

 --------------------------------------------------------------------

 June      1960     (k = 0.72)

 Date Time(UT)      North              South                Total
      h  m      g    f     R       g    f     R         g    f     R
  1    -
  2  03 00      3   35   46.8      2   18   27.4        5   53   74.2
  3  00 40      4   74   82.1      2   23   31.0        6   97  113.0
  4    -
  5  06 45      4   60   72.0      1    9   13.7        5   69   85.7
  6  01 15      5   73   88.6      1   10   14.4        6   83  103.0
  7  05 15      7   93  117.4      1   10   14.4        8  103  131.8
  8    -
  9    -
 10  02 10      9   66  112.3      3   18   34.6       12   84  146.9
 11    -
 12  01 45      8   57   98.6      3   37   48.2       11   94  146.9
 13  05 10      5   68   85.0      4   51   65.5        9  119  150.5
 14  00 30      4   60   72.0      5   61   79.9        9  121  151.9
 15    -
 16    -
 17  02 50      6   30   64.8      5   28   56.2       11   58  121.0
 18  00 45      5   27   55.4      4   15   39.6        9   42   95.0
 19    -
 20  05 00      4   11   36.7      2   12   23.0        6   23   59.8
 21    -
 22    -
 23  05 15      4   18   41.8      1    1    7.9        5   19   49.7
 24    -
 25  06 45      3   44   53.3      2    7   19.4        5   51   72.7
 26  00 00      4   48   63.4      2    7   19.4        6   55   82.8
 27  03 00      5   58   77.8      3   13   31.0        8   71  108.7
 28  01 45      7   70  100.8      5   17   48.2       12   87  149.0
 29  01 00      7   79  107.3      5   41   65.5       12  120  172.8
 30    -


 Monthly Mean            76.4               35.5                112.0

 --------------------------------------------------------------------

 July      1960     (k = 0.72)

 Date Time(UT)      North              South                Total
      h  m      g    f     R       g    f     R         g    f     R
  1    -
  2  06 45      6  135  140.4      2   37   41.0        8  172  181.4
  3  01 20      5  136  133.9      2   27   33.8        7  163  167.8
  4  03 15      8  151  166.3      2   23   31.0       10  174  197.3
  5    -
  6  01 45      5  116  119.5      2    8   20.2        7  124  139.7
  7    -
  8    -
  9  01 10      5   84   96.5      3   17   33.8        8  101  130.3
 10  04 10      5   75   90.0      4    8   34.6        9   83  124.6
 11  00 40      5   55   75.6      3    4   24.5        8   59  100.1
 12  01 00      3   44   53.3      3    7   26.6        6   51   79.9
 13    -
 14  02 00      5   47   69.8      1    2    8.6        6   49   78.5
 15  04 00      6   82  102.2      3    5   25.2        9   87  127.4
 16  01 00      8   85  118.8      3    7   26.6       11   92  145.4
 17  04 10      6   89  107.3      2    4   17.3        8   93  124.6
 18  01 15      8   89  121.7      1    3    9.4        9   92  131.0
 19  01 00      8   99  128.9      3    9   28.1       11  108  157.0
 20  00 45      8   96  126.7      3    5   25.2       11  101  151.9
 21  01 15      6   73   95.8      7   15   61.2       13   88  157.0
 22  04 30      7   83  110.2      8   39   85.7       15  122  195.8
 23  01 00      8   54   96.5      9   34   89.3       17   88  185.8
 24  01 00      6   28   63.4      6   18   56.2       12   46  119.5
 25  02 20      4   31   51.1      4   17   41.0        8   48   92.2
 26  01 20      4   26   47.5      4   13   38.2        8   39   85.7
 27  01 15      5   38   63.4      3   11   29.5        8   49   92.9
 28  03 15      3   56   61.9      4    8   34.6        7   64   96.5
 29    -
 30  02 30      2   58   56.2      2    3   16.6        4   61   72.7
 31  01 15      3   65   68.4      2    4   17.3        5   69   85.7

 Monthly Mean            94.6               34.2                128.8

 --------------------------------------------------------------------

 August    1960     (k = 0.72)

 Date Time(UT)      North              South                Total
      h  m      g    f     R       g    f     R         g    f     R
  1  01 00      5   43   67.0      2    3   16.6        7   46   83.5
  2  02 00      4   29   49.7      2    4   17.3        6   33   67.0
  3  01 10      3   16   33.1      0    0    0.0        3   16   33.1
  4  00 40      2   11   22.3      0    0    0.0        2   11   22.3
  5  01 50      2    9   20.9      1    1    7.9        3   10   28.8
  6  01 10      4    6   33.1      1    3    9.4        5    9   42.5
  7  00 50      3   13   31.0      1    1    7.9        4   14   38.9
  8  00 30      4   14   38.9      0    0    0.0        4   14   38.9
  9  01 15      4   35   54.0      1    3    9.4        5   38   63.4
 10  05 45      4   47   62.6      3   18   34.6        7   65   97.2
 11  03 00      5   59   78.5      6   44   74.9       11  103  153.4
 12  02 00      6   76   97.9      6   78   99.4       12  154  197.3
 13    -
 14    -
 15  01 00      7  104  125.3      6   98  113.8       13  202  239.0
 16  00 20      8  152  167.0      6  110  122.4       14  262  289.4
 17  00 15      7  160  165.6      5  120  122.4       12  280  288.0
 18  06 00      5  144  139.7      6  110  122.4       11  254  262.1
 19    -
 20    -
 21  01 00      5   63   81.4      6   93  110.2       11  156  191.5
 22  01 00      6   55   82.8      4   84   89.3       10  139  172.1
 23    -
 24    -
 25  01 50      4   31   51.1      3   47   55.4        7   78  106.6
 26  04 20      8   78  113.8      3   74   74.9       11  152  188.6
 27  00 10      6   41   72.7      3   44   53.3        9   85  126.0
 28  00 50      5   20   50.4      4   35   54.0        9   55  104.4
 29  00 15      4   37   55.4      4   41   58.3        8   78  113.8
 30  00 30      4   47   62.6      4   33   52.6        8   80  115.2
 31  01 00      3   60   64.8      4   40   57.6        7  100  122.4

 Monthly Mean            72.9               54.5                127.4

 --------------------------------------------------------------------

 September 1960     (k = 0.72)

 Date Time(UT)      North              South                Total
      h  m      g    f     R       g    f     R         g    f     R
  1  00 15      3   51   58.3      3   46   54.7        6   97  113.0
  2  05 00      3   56   61.9      3   37   48.2        6   93  110.2
  3  01 50      4   66   76.3      2   20   28.8        6   86  105.1
  4  01 00      3   52   59.0      1    2    8.6        4   54   67.7
  5    -
  6  01 15      4   44   60.5      2    8   20.2        6   52   80.6
  7    -
  8  07 00      4   35   54.0      4   43   59.8        8   78  113.8
  9    -
 10  00 20     10   61  115.9      5   63   81.4       15  124  197.3
 11    -
 12    -
 13    -
 14  01 20      6   29   64.1      7   54   89.3       13   83  153.4
 15  00 40      7   38   77.8      9   50  100.8       16   88  178.6
 16  01 30      6   36   69.1      5   37   62.6       11   73  131.8
 17  02 00      6   22   59.0      5   37   62.6       11   59  121.7
 18    -
 19  00 20      7   36   76.3      5   53   74.2       12   89  150.5
 20    -
 21  00 30      6   46   76.3      6   79  100.1       12  125  176.4
 22  00 00      5   46   69.1      9   81  123.1       14  127  192.2
 23  02 00      5   59   78.5     10   96  141.1       15  155  219.6
 24  01 00      4   49   64.1      9   58  106.6       13  107  170.6
 25  01 10      6   59   85.7      7   50   86.4       13  109  172.1
 26  01 00      5   55   75.6      6   34   67.7       11   89  143.3
 27    -
 28    -
 29  00 30      6   19   56.9      3   22   37.4        9   41   94.3
 30  01 05      2    7   19.4      3   15   32.4        5   22   51.8


 Monthly Mean            67.9               69.3                137.2

 --------------------------------------------------------------------

 October   1960     (k = 0.72)

 Date Time(UT)      North              South                Total
      h  m      g    f     R       g    f     R         g    f     R
  1  00 15      0    0    0.0      1    4   10.1        1    4   10.1
  1  23 15      0    0    0.0      2    3   16.6        2    3   16.6
  3  00 15      0    0    0.0      2   12   23.0        2   12   23.0
  4  00 30      1    1    7.9      2    7   19.4        3    8   27.4
  5  00 30      4   15   39.6      3   17   33.8        7   32   73.4
  6    -
  7    -
  8  01 00      4   29   49.7      4   35   54.0        8   64  103.7
  9    -
 10    -
 11  00 15      7   44   82.1      4   36   54.7       11   80  136.8
 12    -
 13  00 30      4   35   54.0      7   33   74.2       11   68  128.2
 14  01 15      4   29   49.7      8   42   87.8       12   71  137.5
 15  00 30      2   14   24.5      6   32   66.2        8   46   90.7
 15  23 20      3   38   49.0      4   28   49.0        7   66   97.9
 17    -
 18  01 15      3   39   49.7      4   23   45.4        7   62   95.0
 19  00 45      3   49   56.9      3   18   34.6        6   67   91.4
 20    -
 21  02 20      3   62   66.2      2   16   25.9        5   78   92.2
 22  01 15      3   47   55.4      1    8   13.0        4   55   68.4
 23  01 00      2   37   41.0      1    7   12.2        3   44   53.3
 24  00 40      2   27   33.8      1    3    9.4        3   30   43.2
 25  00 45      4   28   49.0      1    2    8.6        5   30   57.6
 26    -
 27  02 10      3   32   44.6      0    0    0.0        3   32   44.6
 28  03 40      4   29   49.7      0    0    0.0        4   29   49.7
 29    -
 30    -
 31    -

 Monthly Mean            40.1               31.9                 72.0

 --------------------------------------------------------------------

 November  1960     (k = 0.72)

 Date Time(UT)      North              South                Total
      h  m      g    f     R       g    f     R         g    f     R
  1  00 40      3   24   38.9      1   11   15.1        4   35   54.0
  2  00 40      6   27   62.6      1   10   14.4        7   37   77.0
  3    -
  4    -
  5    -
  6  01 20      6   19   56.9      2   12   23.0        8   31   79.9
  7  00 45      4   38   56.2      3   20   36.0        7   58   92.2
  8  01 45      5   61   79.9      5   42   66.2       10  103  146.2
  9  01 30      5   68   85.0      3   38   49.0        8  106  133.9
 10  01 00      5   78   92.2      3   48   56.2        8  126  148.3
 11  01 50      4   67   77.0      3   54   60.5        7  121  137.5
 12  00 45      4   80   86.4      3   39   49.7        7  119  136.1
 13    -
 14  00 45      3   66   69.1      3   23   38.2        6   89  107.3
 15  00 45      5   74   89.3      1   24   24.5        6   98  113.8
 16  01 45      5   72   87.8      1   12   15.8        6   84  103.7
 17  05 45      5   69   85.7      1    5   10.8        6   74   96.5
 18  03 45      6   69   92.9      0    0    0.0        6   69   92.9
 19    -
 20  01 30      3   59   64.1      1    1    7.9        4   60   72.0
 21  01 30      4   53   67.0      2    3   16.6        6   56   83.5
 22    -
 23    -
 24  02 45      3    8   27.4      1    2    8.6        4   10   36.0
 25  00 45      4   11   36.7      1   12   15.8        5   23   52.6
 26    -
 27  00 20      2   17   26.6      1   11   15.1        3   28   41.8
 28  01 15      2   22   30.2      2   16   25.9        4   38   56.2
 29  01 15      2   22   30.2      2   14   24.5        4   36   54.7
 30  01 15      1   16   18.7      1    6   11.5        2   22   30.2


 Monthly Mean            61.9               26.6                 88.5

 --------------------------------------------------------------------

 December  1960     (k = 0.72)

 Date Time(UT)      North              South                Total
      h  m      g    f     R       g    f     R         g    f     R
  1  02 45      2   51   51.1      1    6   11.5        3   57   62.6
  2  00 45      3   48   56.2      1   11   15.1        4   59   71.3
  3  01 10      5   47   69.8      3   24   38.9        8   71  108.7
  4    -
  5    -
  6  01 10      6   33   67.0      3   24   38.9        9   57  105.8
  7  01 30      3   15   32.4      3   14   31.7        6   29   64.1
  8  01 10      4   10   36.0      5   25   54.0        9   35   90.0
  9  01 05      6   19   56.9      6   24   60.5       12   43  117.4
 10  02 00      5   21   51.1      4   21   43.9        9   42   95.0
 11  02 00      5   22   51.8      5   22   51.8       10   44  103.7
 12    -
 13  01 00      4   18   41.8      4   24   46.1        8   42   87.8
 14  01 15      6   30   64.8      3    9   28.1        9   39   92.9
 15  01 45      6   38   70.6      4   18   41.8       10   56  112.3
 16  01 05      5   51   72.7      4   35   54.0        9   86  126.7
 17  01 10      3   29   42.5      2   22   30.2        5   51   72.7
 18  01 45      2   10   21.6      4   13   38.2        6   23   59.8
 19  01 15      1   20   21.6      5   20   50.4        6   40   72.0
 20  01 10      2   18   27.4      4   30   50.4        6   48   77.8
 21  01 05      2   21   29.5      3   32   44.6        5   53   74.2
 22  01 30      2   16   25.9      1   18   20.2        3   34   46.1
 23  01 15      3   10   28.8      1    5   10.8        4   15   39.6
 24    -
 25    -
 26  01 10      4   15   39.6      1    2    8.6        5   17   48.2
 27  01 30      3   31   43.9      1    3    9.4        4   34   53.3
 28  01 30      5   56   76.3      2    6   18.7        7   62   95.0
 29  01 10      4   73   81.4      3    7   26.6        7   80  108.0
 30  00 50      3   71   72.7      3   15   32.4        6   86  105.1
 31  01 40      4  103  103.0      4   19   42.5        8  122  145.4

 Monthly Mean            51.4               34.6                 86.0

 --------------------------------------------------------------------

