 January   1956     (k = 0.65)

 Date Time(UT)      North              South                Total
      h  m      g    f     R       g    f     R         g    f     R
  1  00 30      3   28   37.7      1    7   11.0        4   35   48.8
  2  01 15      3   23   34.4      1    5    9.8        4   28   44.2
  3  02 30      1   15   16.2      2   12   20.8        3   27   37.0
  4    -
  5  01 00      2    3   14.9      4   34   48.1        6   37   63.0
  6    -
  7  02 00      1    2    7.8      3   12   27.3        4   14   35.1
  8  00 45      1    2    7.8      5   13   40.9        6   15   48.8
  9  01 00      1    2    7.8      6   20   52.0        7   22   59.8
 10  00 30      1    2    7.8      3   11   26.6        4   13   34.4
 11  00 50      1    2    7.8      2   19   25.3        3   21   33.1
 12  00 45      1    4    9.1      3   18   31.2        4   22   40.3
 13  01 40      2   11   20.1      4   44   54.6        6   55   74.8
 14  01 45      3   13   27.9      4   35   48.8        7   48   76.7
 15  02 30      3   21   33.1      4   14   35.1        7   35   68.2
 16  02 00      3   40   45.5      3   18   31.2        6   58   76.7
 17  02 20      4   85   81.2      2   13   21.4        6   98  102.7
 18  02 00      4  103   92.9      2   11   20.1        6  114  113.1
 19    -
 20    -
 21    -
 22    -
 23    -
 24  02 30      3   62   59.8      1   12   14.3        4   74   74.1
 25  01 00      5   61   72.1      1    9   12.3        6   70   84.5
 26  01 15      4   34   48.1      1    9   12.3        5   43   60.4
 27  02 20      2   32   33.8      1   17   17.5        3   49   51.3
 28  01 30      3   26   36.4      1   13   14.9        4   39   51.3
 29  01 45      4   26   42.9      2   13   21.4        6   39   64.3
 30  01 00      3   21   33.1      2   10   19.5        5   31   52.6
 31  01 15      2    5   16.2      3   12   27.3        5   17   43.5

 Monthly Mean            33.1               26.8                 60.0

 --------------------------------------------------------------------

 February  1956     (k = 0.65)

 Date Time(UT)      North              South                Total
      h  m      g    f     R       g    f     R         g    f     R
  1  02 45      3   17   30.5      3    8   24.7        6   25   55.2
  2  01 30      4   19   38.3      2    4   15.6        6   23   53.9
  3  02 20      5   38   57.2      2    4   15.6        7   42   72.8
  4    -
  5  01 45      3   22   33.8      2    4   15.6        5   26   49.4
  6  01 00      2   12   20.8      2    3   14.9        4   15   35.8
  7  00 30      2   19   25.3      2    3   14.9        4   22   40.3
  8  01 45      2   22   27.3      1    2    7.8        3   24   35.1
  9  01 15      3   20   32.5      2    5   16.2        5   25   48.8
 10  01 30      3    8   24.7      1    2    7.8        4   10   32.5
 11  01 00      3   18   31.2      2    4   15.6        5   22   46.8
 12  01 15      3   29   38.3      2    7   17.5        5   36   55.9
 13  01 00      2   36   36.4      4   16   36.4        6   52   72.8
 14  01 45      3   57   56.5      3   22   33.8        6   79   90.3
 15  00 45      7   92  105.3      4   35   48.8       11  127  154.0
 16  02 15      7   92  105.3      3   37   43.5       10  129  148.8
 17    -
 18  01 15      5  185  152.8      3   59   57.8        8  244  210.6
 19  04 15      7  165  152.8      4   44   54.6       11  209  207.3
 20  02 30      4  176  140.4      3   44   48.1        7  220  188.5
 21  01 45      5  138  122.2      4   35   48.8        9  173  170.9
 22  00 20      6  119  116.3      3   29   38.3        9  148  154.7
 23  01 30      6  100  104.0      5   33   53.9       11  133  157.9
 24  01 15      7   79   96.8      5   25   48.8       12  104  145.6
 25  01 30      5   50   65.0      5   21   46.1       10   71  111.1
 26  02 15      4   48   57.2      9   30   78.0       13   78  135.2
 27    -
 28    -
 29  05 40      5   52   66.3      5   29   51.3       10   81  117.6



 Monthly Mean            69.5               34.2                103.7

 --------------------------------------------------------------------

 March     1956     (k = 0.65)

 Date Time(UT)      North              South                Total
      h  m      g    f     R       g    f     R         g    f     R
  1  00 40      7   56   81.9      5   58   70.2       12  114  152.1
  2  06 40      6   45   68.2      4   59   64.3       10  104  132.6
  3    -
  4    -
  5  00 00      5   60   71.5      2   43   40.9        7  103  112.4
  6  01 00      5   50   65.0      2   28   31.2        7   78   96.2
  7  01 15      3   39   44.8      3   19   31.8        6   58   76.7
  8  01 45      3   41   46.1      3   26   36.4        6   67   82.5
  9  00 45      7   50   78.0      3   20   32.5       10   70  110.5
 10  00 45      8   41   78.6      3   11   26.6       11   52  105.3
 11  01 30      4   32   46.8      5   14   41.6        9   46   88.4
 12    -
 13  00 45      6   30   58.5      4    7   30.5       10   37   89.0
 14  02 30      5   41   59.1      4    9   31.8        9   50   91.0
 15  02 00      6   63   79.9      4    8   31.2       10   71  111.1
 16  01 15      7   87  102.0      4   20   39.0       11  107  141.0
 17  03 00      9   93  118.9      2   26   29.9       11  119  148.8
 18    -
 19    -
 20    -
 21  01 45      6   43   66.9      3   20   32.5        9   63   99.4
 22  01 15      7   55   81.2      5   24   48.1       12   79  129.3
 23  03 10      6   44   67.6      5   32   53.3       11   76  120.9
 24  02 00      8   51   85.1      6   57   76.0       14  108  161.2
 25  04 00      7   46   75.4      7   48   76.7       14   94  152.1
 26    -
 27    -
 28  04 30      2   27   30.5      7   53   79.9        9   80  110.5
 29  05 30      4   56   62.4      7   40   71.5       11   96  133.9
 30    -
 31  02 15      4   35   48.8      7   39   70.8       11   74  119.6

 Monthly Mean            69.0               47.6                116.6

 --------------------------------------------------------------------

 April     1956     (k = 0.65)

 Date Time(UT)      North              South                Total
      h  m      g    f     R       g    f     R         g    f     R
  1    -
  2  02 15      5   26   49.4      4   12   33.8        9   38   83.2
  3  04 15      6   12   46.8      3    6   23.4        9   18   70.2
  4  01 15      5   14   41.6      3    8   24.7        8   22   66.3
  5  00 00      3   15   29.2      2    2   14.3        5   17   43.5
  6  02 10      4   32   46.8      2    5   16.2        6   37   63.0
  7  01 50      5   37   56.5      0    0    0.0        5   37   56.5
  8    -
  9  00 45      5   74   80.6      1    3    8.4        6   77   89.0
 10  00 50      8   55   87.8      4   17   37.0       12   72  124.8
 11  04 30      8   53   86.4      5   33   53.9       13   86  140.4
 12  01 30     10   75  113.7      5   39   57.8       15  114  171.6
 13  02 10     11   61  111.1      6   55   74.8       17  116  185.9
 14  01 30      6   43   66.9      5   86   88.4       11  129  155.3
 15  02 30      7   50   78.0      6   88   96.2       13  138  174.2
 16  01 30      7   51   78.6      6   83   92.9       13  134  171.6
 17  01 15     12   55  113.7      5   63   73.4       17  118  187.2
 18  01 00     12   64  119.6      5   50   65.0       17  114  184.6
 19  01 00      9   46   88.4      6   37   63.0       15   83  151.4
 20  02 10     10   48   96.2      7   34   67.6       17   82  163.8
 21  01 00      7   48   76.7      8   31   72.1       15   79  148.8
 22  00 30      6   72   85.8      9   22   72.8       15   94  158.6
 23  00 40      6   86   94.9      5   27   50.0       11  113  144.9
 24  00 20      5   57   69.5      3   10   26.0        8   67   95.5
 25  01 00      6   55   74.8      3   17   30.5        9   72  105.3
 26    -
 27    -
 28    -
 28  23 30      2    9   18.8      1   11   13.6        3   20   32.5
 30  00 00      3   10   26.0      2   21   26.6        5   31   52.6


 Monthly Mean            73.5               47.3                120.8

 --------------------------------------------------------------------

 May       1956     (k = 0.65)

 Date Time(UT)      North              South                Total
      h  m      g    f     R       g    f     R         g    f     R
  1  00 15      4   20   39.0      3   35   42.2        7   55   81.2
  2  04 30      4   32   46.8      4   45   55.2        8   77  102.0
  3  00 00      6   49   70.8      3   43   47.4        9   92  118.3
  4  01 20      7   78   96.2      5   56   68.9       12  134  165.1
  5  01 00      5   61   72.1      5   36   55.9       10   97  128.0
  6  03 00      6   85   94.2      5   24   48.1       11  109  142.3
  7    -
  8  02 00      5   88   89.7      6   19   51.3       11  107  141.0
  9  01 15      6   91   98.1      6   26   55.9       12  117  154.0
 10    -
 11  01 55      7   75   94.2      7   35   68.2       14  110  162.5
 12  01 30      6   48   70.2      5   29   51.3       11   77  121.5
 13    -
 14    -
 15    -
 16    -
 17  00 30      4   52   59.8      6   20   52.0       10   72  111.8
 18    -
 19  06 15      5   35   55.2      6   35   61.7       11   70  117.0
 20  01 30      3   33   40.9      7   45   74.8       10   78  115.7
 21  01 30      5   59   70.8      6   60   78.0       11  119  148.8
 22    -
 23  03 00      3   23   34.4      4   68   70.2        7   91  104.6
 24    -
 25    -
 26  02 45      1    4    9.1      5   68   76.7        6   72   85.8
 27    -
 28  01 15      3   10   26.0      5   66   75.4        8   76  101.4
 29  01 30      3   25   35.8      4   89   83.8        7  114  119.6
 30    -
 31  02 15      5   53   66.9      5   43   60.4       10   96  127.4

 Monthly Mean            61.6               62.0                123.6

 --------------------------------------------------------------------

 June      1956     (k = 0.65)

 Date Time(UT)      North              South                Total
      h  m      g    f     R       g    f     R         g    f     R
  1  02 40      3   48   50.7      2   43   40.9        5   91   91.6
  2    -
  3    -
  4  02 20      5   57   69.5      2   36   36.4        7   93  105.9
  5  02 00      4   60   65.0      4   29   44.8        8   89  109.8
  6  01 15      4   45   55.2      3   27   37.0        7   72   92.3
  7  02 10      5   42   59.8      4   41   52.6        9   83  112.4
  8  00 20      5   23   47.4      5   27   50.0       10   50   97.5
  9  00 15      3   15   29.2      5   26   49.4        8   41   78.6
 10  01 30      3    7   24.0      4   24   41.6        7   31   65.6
 11  00 45      5   15   42.2      4   18   37.7        9   33   79.9
 12    -
 13  00 45      5   25   48.8      4   19   38.3        9   44   87.1
 14  02 00      6   23   53.9      3   15   29.2        9   38   83.2
 15  00 15      6   53   73.4      6   25   55.2       12   78  128.7
 16  01 50      5   57   69.5      5   38   57.2       10   95  126.7
 17  02 30      5   58   70.2      3   21   33.1        8   79  103.3
 18  02 00      4   56   62.4      3   31   39.6        7   87  102.0
 19  00 15      4   60   65.0      3   40   45.5        7  100  110.5
 20  02 00      6  100  104.0      3   67   63.0        9  167  167.0
 21  00 45      7   90  104.0      4   79   77.3       11  169  181.3
 22  02 40      3   68   63.7      5   70   78.0        8  138  141.7
 23    -
 24  05 45      4   62   66.3      4   41   52.6        8  103  118.9
 25    -
 26  00 30      3   20   32.5      3   22   33.8        6   42   66.3
 27  05 00      2    6   16.9      3   24   35.1        5   30   52.0
 28  05 15      6   26   55.9      5   40   58.5       11   66  114.4
 29    -
 30    -


 Monthly Mean            57.8               47.3                105.1

 --------------------------------------------------------------------

 July      1956     (k = 0.65)

 Date Time(UT)      North              South                Total
      h  m      g    f     R       g    f     R         g    f     R
  1    -
  2  00 45      5   81   85.1      6   53   73.4       11  134  158.6
  3  04 15      6   65   81.2      5   33   53.9       11   98  135.2
  4  00 15      7   56   81.9      6   46   68.9       13  102  150.8
  5    -
  6    -
  7    -
  8  01 30      8  103  118.9      5   51   65.6       13  154  184.6
  9    -
 10    -
 11  01 00      9  109  129.3      4    8   31.2       13  117  160.5
 12  01 30      7  152  144.3      3   12   27.3       10  164  171.6
 13  05 00      7  168  154.7      2   20   26.0        9  188  180.7
 14  02 30      8  130  136.5      1   17   17.5        9  147  154.0
 15  00 15      7   46   75.4      2    4   15.6        9   50   91.0
 16    -
 17    -
 18  03 00      4   33   47.4      2    4   15.6        6   37   63.0
 19  00 45      3   57   56.5      3    6   23.4        6   63   79.9
 20    -
 21  01 00      1   39   31.8      4   10   32.5        5   49   64.3
 22  01 00      1   47   37.0      4   16   36.4        5   63   73.4
 23    -
 24  00 15      1   40   32.5      4   29   44.8        5   69   77.3
 25    -
 26  04 30      2   26   29.9      3   58   57.2        5   84   87.1
 27  03 15      2   28   31.2      3   51   52.6        5   79   83.8
 28  00 15      3   27   37.0      3   45   48.8        6   72   85.8
 29  00 30      4   27   43.5      5   48   63.7        9   75  107.2
 30  00 30      4   20   39.0      5   43   60.4        9   63   99.4
 31  00 30      4   18   37.7      6   50   71.5       10   68  109.2

 Monthly Mean            71.6               44.3                115.9

 --------------------------------------------------------------------

 August    1956     (k = 0.65)

 Date Time(UT)      North              South                Total
      h  m      g    f     R       g    f     R         g    f     R
  1  00 30      7   45   74.8      6   46   68.9       13   91  143.6
  1  22 00      6   62   79.3      5   52   66.3       11  114  145.6
  3  00 15      7   59   83.8      3   37   43.5       10   96  127.4
  4  00 45      7  102  111.8      5   40   58.5       12  142  170.3
  5  00 30      6   73   86.4      4   30   45.5       10  103  131.9
  6  00 30      8  113  125.4      4   15   35.8       12  128  161.2
  7  01 20      8  132  137.8      4   10   32.5       12  142  170.3
  8  02 30      7   95  107.2      2    6   16.9        9  101  124.1
  9  01 30      6   81   91.6      3    6   23.4        9   87  115.0
 10    -
 11    -
 12  02 30      6   77   89.0      3   44   48.1        9  121  137.1
 13  00 45      5   78   83.2      3   61   59.1        8  139  142.3
 14  00 30      4   75   74.8      2   66   55.9        6  141  130.6
 15  00 45      4   61   65.6      2   65   55.2        6  126  120.9
 16  02 00      6   47   69.5      4   61   65.6       10  108  135.2
 17  00 30      8   61   91.6      3   63   60.4       11  124  152.1
 18  01 00      7   39   70.8      4   52   59.8       11   91  130.6
 19  00 00      9   31   78.6      8   82  105.3       17  113  183.9
 19  22 20      6   38   63.7      7  112  118.3       13  150  182.0
 21  01 45      6   50   71.5      7  111  117.6       13  161  189.1
 22    -
 23  01 30      4   90   84.5      6  129  122.8       10  219  207.3
 24    -
 25  01 45      4   77   76.0      6   70   84.5       10  147  160.5
 26  02 00      4   78   76.7      5   38   57.2        9  116  133.9
 27    -
 28    -
 29    -
 30    -
 31  05 00      7   95  107.2      4   50   58.5       11  145  165.8

 Monthly Mean            87.0               63.5                150.5

 --------------------------------------------------------------------

 September 1956     (k = 0.65)

 Date Time(UT)      North              South                Total
      h  m      g    f     R       g    f     R         g    f     R
  1    -
  1  01 30      7   72   92.3      3   23   34.4       10   95  126.7
  3  01 45      7  104  113.1      3   34   41.6       10  138  154.7
  4  00 20      7  106  114.4      2   17   24.0        9  123  138.4
  5  01 30      6   81   91.6      3   22   33.8        9  103  125.4
  6  01 30      7   53   79.9      4   44   54.6       11   97  134.5
  7  01 00      6   33   60.4      6   73   86.4       12  106  146.9
  8  02 00      6   24   54.6      3   90   78.0        9  114  132.6
  9  01 45      3    9   25.3      4  110   97.5        7  119  122.8
 10  00 30      2    8   18.2      5  136  120.9        7  144  139.1
 11    -
 12  05 15      3   25   35.8      5  180  149.5        8  205  185.2
 13    -
 14    -
 15  03 00      8   54   87.1      8  138  141.7       16  192  228.8
 16  02 00      6   47   69.5      4   61   65.6       10  108  135.2
 17    -
 18  01 30      8   79  103.3      7  102  111.8       15  181  215.1
 19  01 45      6   55   74.8      7   59   83.8       13  114  158.6
 20  05 00      8   79  103.3      7   64   87.1       15  143  190.4
 21  01 50     10   95  126.7      7   51   78.6       17  146  205.4
 22    -
 23  00 30      7   49   77.3      5   24   48.1       12   73  125.4
 24  00 45      5   24   48.1      6   20   52.0       11   44  100.1
 25  01 00      7   28   63.7      4   32   46.8       11   60  110.5
 26    -
 27    -
 28  03 10      6   18   50.7      2   27   30.5        8   45   81.2
 29    -
 30  05 45      7   42   72.8      3   41   46.1       10   83  118.9


 Monthly Mean            74.4               72.1                146.5

 --------------------------------------------------------------------

 October   1956     (k = 0.65)

 Date Time(UT)      North              South                Total
      h  m      g    f     R       g    f     R         g    f     R
  1    -
  2    -
  3  06 00      5  113  105.9      6   43   66.9       11  156  172.9
  4  03 00      8   94  113.1      7   57   82.5       15  151  195.6
  5  04 20      5  115  107.2      7   51   78.6       12  166  185.9
  6    -
  7  01 30      5   86   88.4      4   51   59.1        9  137  147.5
  8  03 15      4   94   87.1      4   59   64.3        8  153  151.4
  9  06 00      3   95   81.2      6   63   79.9        9  158  161.2
 10  01 30      4   72   72.8      5   56   68.9        9  128  141.7
 11  05 00      5   73   79.9      4   47   56.5        9  120  136.5
 12    -
 13    -
 14    -
 15  03 10      4   12   33.8      6   42   66.3       10   54  100.1
 16  00 45      3    8   24.7      3   34   41.6        6   42   66.3
 17    -
 18    -
 19    -
 20  00 45      3   23   34.4      3   41   46.1        6   64   80.6
 21  01 30      4   53   60.4      3   36   42.9        7   89  103.3
 22  01 15      4   49   57.8      4   39   51.3        8   88  109.2
 23  02 45      3   49   51.3      5   33   53.9        8   82  105.3
 24    -
 25  06 15      4   55   61.7      4   68   70.2        8  123  131.9
 26    -
 27  01 15      3   22   33.8      5   53   66.9        8   75  100.8
 28  01 30      6   22   53.3      6   55   74.8       12   77  128.0
 29    -
 30    -
 31  02 30      5   44   61.1      6  111  111.1       11  155  172.2

 Monthly Mean            67.1               65.7                132.8

 --------------------------------------------------------------------

 November  1956     (k = 0.65)

 Date Time(UT)      North              South                Total
      h  m      g    f     R       g    f     R         g    f     R
  1  04 00      4   29   44.8      7   97  108.5       11  126  153.4
  2    -
  3    -
  4  00 40      4   49   57.8      9   96  120.9       13  145  178.8
  5  00 20      5   64   74.1      9   90  117.0       14  154  191.1
  6    -
  7  01 15      6  102  105.3      9  117  134.5       15  219  239.8
  8  04 30      5  140  123.5      7  178  161.2       12  318  284.7
  9  01 20      5  105  100.8      6  137  128.0       11  242  228.8
 10  00 00      4  105   94.2      8  129  135.8       12  234  230.1
 11    -
 12  01 30      5   76   81.9      9  168  167.7       14  244  249.6
 13  00 30      4   69   70.8      7  143  138.4       11  212  209.3
 14  00 30      5   55   68.2      6  120  117.0       11  175  185.2
 15  01 50      6   40   65.0      7  176  159.9       13  216  224.9
 16  02 20      5   40   58.5      7  158  148.2       12  198  206.7
 17  01 30      7   27   63.0      7  118  122.2       14  145  185.2
 18    -
 19  04 20      5   15   42.2      5  117  108.5       10  132  150.8
 20  03 00      3   26   36.4      6  124  119.6        9  150  156.0
 21  02 00      2   22   27.3      6   97  102.0        8  119  129.3
 22    -
 23  01 30      4   31   46.1      2   67   56.5        6   98  102.7
 24  01 00      3   23   34.4      3   54   54.6        6   77   89.0
 25    -
 26    -
 27  00 45      3   35   42.2      5   49   64.3        8   84  106.6
 28  05 00      4   51   59.1      7   47   76.0       11   98  135.2
 29  01 45      4   48   57.2      7   55   81.2       11  103  138.4
 30  02 45      6   67   82.5      7   28   63.7       13   95  146.2


 Monthly Mean            65.3              113.0                178.3

 --------------------------------------------------------------------

 December  1956     (k = 0.65)

 Date Time(UT)      North              South                Total
      h  m      g    f     R       g    f     R         g    f     R
  1  02 00      7   67   89.0      7   35   68.2       14  102  157.3
  2  02 00      9   64  100.1      5   26   49.4       14   90  149.5
  3  02 15      7   70   91.0      6   27   56.5       13   97  147.5
  4  00 15      8   60   91.0      7   64   87.1       15  124  178.1
  5  01 15      6   62   79.3      6   75   87.8       12  137  167.0
  6  02 10      6   43   66.9      5   86   88.4       11  129  155.3
  7  01 45      3   35   42.2      4   73   73.4        7  108  115.7
  8  01 15      4   41   52.6      4   91   85.1        8  132  137.8
  9    -
 10  01 30      5   48   63.7      5  142  124.8       10  190  188.5
 11  02 00      4   42   53.3      5  106  101.4        9  148  154.7
 12  02 00      4   38   50.7      7  161  150.1       11  199  200.8
 13  02 10      3   14   28.6      8  108  122.2       11  122  150.8
 14  02 45      3   14   28.6      7   87  102.0       10  101  130.6
 15  01 15      3   27   37.0      9  107  128.0       12  134  165.1
 16  01 20      4   45   55.2      9   84  113.1       13  129  168.3
 17  05 15      5   68   76.7      5   56   68.9       10  124  145.6
 18  01 15      4   61   65.6      7   49   77.3       11  110  143.0
 19  01 20      5   59   70.8      5   28   50.7       10   87  121.5
 20  01 45      2   62   53.3      3   20   32.5        5   82   85.8
 21  03 30      4   47   56.5      4   17   37.0        8   64   93.6
 22  01 30      4   86   81.9      4   37   50.0        8  123  131.9
 23  02 50      5   53   66.9      3   29   38.3        8   82  105.3
 24  02 30      5   79   83.8      4   27   43.5        9  106  127.4
 25  01 30      5   71   78.6      4   42   53.3        9  113  131.9
 26  01 15      6   75   87.8      5   72   79.3       11  147  167.0
 27  02 00      5   74   80.6      4   73   73.4        9  147  154.0
 28  03 15      7   79   96.8      6   65   81.2       13  144  178.1
 29  02 10      7   81   98.1      4   50   58.5       11  131  156.6
 30  02 20      7   60   84.5      5   31   52.6       12   91  137.1
 31  01 20      7   66   88.4      4   20   39.0       11   86  127.4

 Monthly Mean            70.0               75.8                145.8

 --------------------------------------------------------------------

