 January   1930     (k = 0.75)

 Date Time(UT)      North              South                Total
      h  m      g    f     R       g    f     R         g    f     R
  1                                                     3   19   36.8
  2                                                       -
  3                                                     5   16   49.5
  4                                                     4   12   39.0
  5                                                     4   15   41.2
  6                                                     7   23   69.8
  7                                                     6   30   67.5
  8                                                     6   30   67.5
  9                                                     6   26   64.5
 10                                                     8   50   97.5
 11                                                     8   49   96.8
 12                                                       -
 13                                                     9   63  114.8
 14                                                     8   44   93.0
 15                                                     8   64  108.0
 16                                                     8   81  120.8
 17                                                       -
 18                                                    11   81  143.2
 19                                                     6   67   95.2
 20                                                     6   59   89.2
 21                                                     4   40   60.0
 22                                                     4   35   56.2
 23                                                     4   34   55.5
 24                                                     4   38   58.5
 25                                                     2   28   36.0
 26                                                       -
 27                                                     3   34   48.0
 28                                                       -
 29                                                     3   34   48.0
 30                                                     6   44   78.0
 31                                                     7   58   96.0

 Monthly Mean                                                    74.3

 --------------------------------------------------------------------

 February  1930     (k = 0.75)

 Date Time(UT)      North              South                Total
      h  m      g    f     R       g    f     R         g    f     R
  1                                                       -
  2                                                       -
  3                                                    11   71  135.8
  4                                                    11   89  149.2
  5                                                    11   70  135.0
  6                                                       -
  7                                                     8   58  103.5
  8                                                     8   60  105.0
  9                                                       -
 10                                                       -
 11                                                       -
 12                                                     4   37   57.8
 13                                                     4   29   51.8
 14                                                     5   36   64.5
 15                                                     3   25   41.2
 16                                                     3   17   35.2
 17                                                     2   17   27.8
 18                                                     2   13   24.8
 19                                                     1   10   15.0
 20                                                     1    6   12.0
 21                                                     1    4   10.5
 22                                                     1   12   16.5
 23                                                       -
 24                                                     2    9   21.8
 25                                                     2   12   24.0
 26                                                       -
 27                                                       -
 28                                                       -




 Monthly Mean                                                    57.3

 --------------------------------------------------------------------

 March     1930     (k = 0.75)

 Date Time(UT)      North              South                Total
      h  m      g    f     R       g    f     R         g    f     R
  1                                                     2   12   24.0
  2                                                       -
  3                                                       -
  4                                                       -
  5                                                       -
  6                                                       -
  7                                                       -
  8                                                       -
  9                                                       -
 10                                                     1   26   27.0
 11                                                     2   21   30.8
 12                                                     2   19   29.2
 13                                                       -
 14                                                     3   18   36.0
 15                                                     2   11   23.2
 16                                                     4   36   57.0
 17                                                     5   36   64.5
 18                                                     3   37   50.2
 19                                                     3   29   44.2
 20                                                       -
 21                                                     4   22   46.5
 22                                                     4   16   42.0
 23                                                     4   17   42.8
 24                                                     4   12   39.0
 25                                                       -
 26                                                     2    7   20.2
 27                                                       -
 28                                                       -
 29                                                     3   22   39.0
 30                                                       -
 31                                                       -

 Monthly Mean                                                    38.5

 --------------------------------------------------------------------

 April     1930     (k = 0.75)

 Date Time(UT)      North              South                Total
      h  m      g    f     R       g    f     R         g    f     R
  1                                                       -
  2                                                       -
  3                                                       -
  4                                                     4   41   60.8
  5                                                     3   44   55.5
  6                                                     5   55   78.8
  7                                                     4   61   75.8
  8                                                       -
  9                                                     4   31   53.2
 10                                                       -
 11                                                     5   32   61.5
 12                                                       -
 13                                                       -
 14                                                       -
 15                                                       -
 16                                                     3   21   38.2
 17                                                     3   16   34.5
 18                                                     1    3    9.8
 19                                                     3   12   31.5
 20                                                       -
 21                                                     2   18   28.5
 22                                                     2   14   25.5
 23                                                     4   16   42.0
 24                                                     3   10   30.0
 25                                                       -
 26                                                       -
 27                                                     2   14   25.5
 28                                                     2   22   31.5
 29                                                       -
 30                                                       -


 Monthly Mean                                                    42.7

 --------------------------------------------------------------------

 May       1930     (k = 0.75)

 Date Time(UT)      North              South                Total
      h  m      g    f     R       g    f     R         g    f     R
  1                                                       -
  2                                                       -
  3                                                     3   33   47.2
  4                                                       -
  5                                                       -
  6                                                       -
  7                                                     1   24   25.5
  8                                                     1   25   26.2
  9                                                       -
 10                                                     1   22   24.0
 11                                                       -
 12                                                       -
 13                                                       -
 14                                                     2   15   26.2
 15                                                     3   18   36.0
 16                                                     3   38   51.0
 17                                                       -
 18                                                     2   14   25.5
 19                                                       -
 20                                                     3   28   43.5
 21                                                       -
 22                                                       -
 23                                                     4   34   55.5
 24                                                     6   48   81.0
 25                                                     6   32   69.0
 26                                                     5   32   61.5
 27                                                       -
 28                                                       -
 29                                                     4   27   50.2
 30                                                     5   29   59.2
 31                                                     5   26   57.0

 Monthly Mean                                                    46.2

 --------------------------------------------------------------------

 June      1930     (k = 0.75)

 Date Time(UT)      North              South                Total
      h  m      g    f     R       g    f     R         g    f     R
  1                                                     4   16   42.0
  2                                                     3   16   34.5
  3                                                     3   13   32.2
  4                                                     5   24   55.5
  5                                                       -
  6                                                     4   23   47.2
  7                                                     6   44   78.0
  8                                                     5   49   74.2
  9                                                     5   35   63.8
 10                                                       -
 11                                                     4   38   58.5
 12                                                     4   46   64.5
 13                                                     4   43   62.2
 14                                                     3   25   41.2
 15                                                       -
 16                                                       -
 17                                                     1    6   12.0
 18                                                     1    4   10.5
 19                                                       -
 20                                                     1    3    9.8
 21                                                       -
 22                                                     2    7   20.2
 23                                                       -
 24                                                     2    3   17.2
 25                                                       -
 26                                                       -
 27                                                       -
 28                                                     3   13   32.2
 29                                                       -
 30                                                     3   26   42.0


 Monthly Mean                                                    42.0

 --------------------------------------------------------------------

 July      1930     (k = 0.75)

 Date Time(UT)      North              South                Total
      h  m      g    f     R       g    f     R         g    f     R
  1                                                     2   20   30.0
  2                                                       -
  3                                                     4   16   42.0
  4                                                     3   10   30.0
  5                                                     2   10   22.5
  6                                                       -
  7                                                     2   12   24.0
  8                                                       -
  9                                                       -
 10                                                       -
 11                                                     2    9   21.8
 12                                                     2    8   21.0
 13                                                     1   12   16.5
 14                                                     2   13   24.8
 15                                                     3   23   39.8
 16                                                     2   18   28.5
 17                                                     1   12   16.5
 18                                                     1   11   15.8
 19                                                       -
 20                                                       -
 21                                                       -
 22                                                       -
 23                                                     3    9   29.2
 24                                                     1    3    9.8
 25                                                     2    7   20.2
 26                                                     2    8   21.0
 27                                                     2    5   18.8
 28                                                     3    9   29.2
 29                                                     4   14   40.5
 30                                                       -
 31                                                     1   12   16.5

 Monthly Mean                                                    24.7

 --------------------------------------------------------------------

 August    1930     (k = 0.75)

 Date Time(UT)      North              South                Total
      h  m      g    f     R       g    f     R         g    f     R
  1                                                       -
  2                                                       -
  3                                                     1    4   10.5
  4                                                     1    3    9.8
  5                                                     0    0    0.0
  6                                                     2    5   18.8
  7                                                     2    8   21.0
  8                                                     1    5   11.2
  9                                                       -
 10                                                     2   10   22.5
 11                                                     2    9   21.8
 12                                                     2    8   21.0
 13                                                       -
 14                                                     1   14   18.0
 15                                                     1   16   19.5
 16                                                     1    4   10.5
 17                                                       -
 18                                                     1    3    9.8
 19                                                     2    6   19.5
 20                                                     3   11   30.8
 21                                                       -
 22                                                     2   23   32.2
 23                                                     2   31   38.2
 24                                                     4   41   60.8
 25                                                     4   40   60.0
 26                                                     4   36   57.0
 27                                                       -
 28                                                       -
 29                                                       -
 30                                                     4   43   62.2
 31                                                       -

 Monthly Mean                                                    26.4

 --------------------------------------------------------------------

 September 1930     (k = 0.75)

 Date Time(UT)      North              South                Total
      h  m      g    f     R       g    f     R         g    f     R
  1                                                     4   31   53.2
  2                                                     6   15   56.2
  3                                                     7   17   65.2
  4                                                     6   32   69.0
  5                                                     6   37   72.8
  6                                                     6   37   72.8
  7                                                     7   32   76.5
  8                                                     5   24   55.5
  9                                                     5   28   58.5
 10                                                     5   35   63.8
 11                                                     5   34   63.0
 12                                                       -
 13                                                     3   28   43.5
 14                                                     2   20   30.0
 15                                                     2   17   27.8
 16                                                       -
 17                                                       -
 18                                                       -
 19                                                       -
 20                                                     1    2    9.0
 21                                                     1    4   10.5
 22                                                       -
 23                                                     1    7   12.8
 24                                                     1    8   13.5
 25                                                     2    7   20.2
 26                                                       -
 27                                                     3   13   32.2
 28                                                     3   23   39.8
 29                                                     2   16   27.0
 30                                                     2   13   24.8


 Monthly Mean                                                    43.4

 --------------------------------------------------------------------

 October   1930     (k = 0.75)

 Date Time(UT)      North              South                Total
      h  m      g    f     R       g    f     R         g    f     R
  1                                                     2   11   23.2
  2                                                       -
  3                                                       -
  4                                                     2   19   29.2
  5                                                     3   23   39.8
  6                                                     3   30   45.0
  7                                                       -
  8                                                     2   34   40.5
  9                                                     1   39   36.8
 10                                                     2   45   48.8
 11                                                       -
 12                                                     2   57   57.8
 13                                                     2   64   63.0
 14                                                     2   31   38.2
 15                                                     2   30   37.5
 16                                                     2   21   30.8
 17                                                     2   11   23.2
 18                                                     2    9   21.8
 19                                                     2   13   24.8
 20                                                       -
 21                                                       -
 22                                                     1    3    9.8
 23                                                     3    7   27.8
 24                                                       -
 25                                                       -
 26                                                       -
 27                                                     4   23   47.2
 28                                                     4   35   56.2
 29                                                     5   41   68.2
 30                                                       -
 31                                                       -

 Monthly Mean                                                    38.5

 --------------------------------------------------------------------

 November  1930     (k = 0.75)

 Date Time(UT)      North              South                Total
      h  m      g    f     R       g    f     R         g    f     R
  1                                                     4   57   72.8
  2                                                       -
  3                                                     4   21   45.8
  4                                                     3   13   32.2
  5                                                     2    5   18.8
  6                                                     1    2    9.0
  7                                                     1    2    9.0
  8                                                     1    5   11.2
  9                                                       -
 10                                                     1    2    9.0
 11                                                     1    2    9.0
 12                                                     1    3    9.8
 13                                                     0    0    0.0
 14                                                     1    5   11.2
 15                                                     1   11   15.8
 16                                                       -
 17                                                     1   26   27.0
 18                                                     1   27   27.8
 19                                                     2   33   39.8
 20                                                       -
 21                                                     4   68   81.0
 22                                                     4   75   86.2
 23                                                     4   55   71.2
 24                                                     4   64   78.0
 25                                                     5   46   72.0
 26                                                     6   53   84.8
 27                                                     7   37   80.2
 28                                                     7   43   84.8
 29                                                     7   35   78.8
 30                                                     6   44   78.0


 Monthly Mean                                                    44.0

 --------------------------------------------------------------------

 December  1930     (k = 0.75)

 Date Time(UT)      North              South                Total
      h  m      g    f     R       g    f     R         g    f     R
  1                                                     4   32   54.0
  2                                                       -
  3                                                     3   14   33.0
  4                                                     2   10   22.5
  5                                                       -
  6                                                       -
  7                                                     0    0    0.0
  8                                                     0    0    0.0
  9                                                       -
 10                                                     1    9   14.2
 11                                                       -
 12                                                     1   10   15.0
 13                                                     1   10   15.0
 14                                                       -
 15                                                     2   22   31.5
 16                                                     2   12   24.0
 17                                                     3   11   30.8
 18                                                     4   14   40.5
 19                                                     5   16   49.5
 20                                                     6   23   62.2
 21                                                       -
 22                                                       -
 23                                                     3   12   31.5
 24                                                     5   21   53.2
 25                                                     3   26   42.0
 26                                                     5   38   66.0
 27                                                     5   32   61.5
 28                                                     3   17   35.2
 29                                                       -
 30                                                     1    3    9.8
 31                                                     1    2    9.0

 Monthly Mean                                                    31.8

 --------------------------------------------------------------------

