 January   1959     (k = 0.65)

 Date Time(UT)      North              South                Total
      h  m      g    f     R       g    f     R         g    f     R
  1    -
  2  01 30     12   63  118.9      9   74  106.6       21  137  225.5
  3  02 30      9   62   98.8     11   52  105.3       20  114  204.1
  4  05 40      9   59   96.8      7   76   94.9       16  135  191.8
  5  02 30      9   67  102.0      7   57   82.5       16  124  184.6
  6  02 00      8   91  111.1     10   78  115.7       18  169  226.8
  7  03 00      9  106  127.4      8   50   84.5       17  156  211.9
  8  01 15     10  136  153.4      8   60   91.0       18  196  244.4
  9    -
 10  02 30      8   72   98.8      7   41   72.1       15  113  170.9
 11  01 45      8   87  108.5      5   35   55.2       13  122  163.8
 12  01 20      8  106  120.9      6   28   57.2       14  134  178.1
 13  01 15      9   66  101.4      5   17   43.5       14   83  144.9
 14  01 15      6   51   72.1      4    4   28.6       10   55  100.8
 15  01 45      7   58   83.2      3    7   24.0       10   65  107.2
 16    -
 17  02 00     10   64  106.6      5   24   48.1       15   88  154.7
 18  01 30      9   71  104.6      6   28   57.2       15   99  161.8
 19  01 15     11   79  122.8      5   19   44.8       16   98  167.7
 20  02 00     12  127  160.5      5   23   47.4       17  150  208.0
 21  01 15     13  155  185.2      5   24   48.1       18  179  233.3
 22  05 20     15  202  228.8      4   25   42.2       19  227  271.0
 23  02 20     10  214  204.1      3   23   34.4       13  237  238.5
 24  03 00     13  154  184.6      2    9   18.8       15  163  203.4
 25  02 50     15  149  194.3      3    6   23.4       18  155  217.7
 26  03 15     15  162  202.8      2    8   18.2       17  170  221.0
 27    -
 28  01 15     15  134  184.6      6   30   58.5       21  164  243.1
 29    -
 30  04 15     10   50   97.5      4   18   37.7       14   68  135.2
 31  01 15      6   36   62.4      5   13   40.9       11   49  103.3

 Monthly Mean           132.0               57.0                189.0

 --------------------------------------------------------------------

 February  1959     (k = 0.65)

 Date Time(UT)      North              South                Total
      h  m      g    f     R       g    f     R         g    f     R
 31  23 45      8   28   70.2      6   14   48.1       14   42  118.3
  2    -
  3  04 00      5   64   74.1      7   16   55.9       12   80  130.0
  4  01 15      8   54   87.1      5   10   39.0       13   64  126.1
  5  01 30     13   50  117.0      2    5   16.2       15   55  133.2
  6  02 15      9   63   99.4      2    3   14.9       11   66  114.4
  7  05 20      9   52   92.3      3    4   22.1       12   56  114.4
  8  01 45      8   35   74.8      0    0    0.0        8   35   74.8
  9  01 15      8   40   78.0      0    0    0.0        8   40   78.0
 10  00 40      7   46   75.4      0    0    0.0        7   46   75.4
 11  01 00      8   47   82.5      0    0    0.0        8   47   82.5
 12  01 00      6   53   73.4      0    0    0.0        6   53   73.4
 13  02 00      7   42   72.8      0    0    0.0        7   42   72.8
 14    -
 15    -
 16  05 00      8   71   98.1      0    0    0.0        8   71   98.1
 17    -
 18    -
 19    -
 20  04 00      6   53   73.4      2    4   15.6        8   57   89.0
 21    -
 22    -
 23  02 00      8   74  100.1      2   10   19.5       10   84  119.6
 24    -
 25  01 15      8   90  110.5      1   15   16.2        9  105  126.7
 26    -
 27  02 10      8   80  104.0      5   29   51.3       13  109  155.3
 28  01 00     11   67  115.0      5   29   51.3       16   96  166.4




 Monthly Mean            88.8               19.5                108.3

 --------------------------------------------------------------------

 March     1959     (k = 0.65)

 Date Time(UT)      North              South                Total
      h  m      g    f     R       g    f     R         g    f     R
  1    -
  2  05 30      6   42   66.3      5   15   42.2       11   57  108.5
  3  00 20      4   50   58.5      6   29   57.8       10   79  116.3
  4  01 30      5   38   57.2      7   37   69.5       12   75  126.7
  5  00 30      8   31   72.1      5   34   54.6       13   65  126.7
  6  02 00      9   51   91.6      4   44   54.6       13   95  146.2
  7    -
  8    -
  9  00 45     13   40  110.5      3   21   33.1       16   61  143.6
 10    -
 11  01 00     10   35   87.8      4   32   46.8       14   67  134.5
 12  01 15     10   29   83.8      3   18   31.2       13   47  115.0
 13  02 20      9   47   89.0      3   22   33.8       12   69  122.8
 14  01 15     10   65  107.2      5   11   39.6       15   76  146.9
 15  00 15     14   89  148.8      4   20   39.0       18  109  187.8
 16  01 30     10   91  124.1      5   21   46.1       15  112  170.3
 17    -
 18  02 00     10  114  139.1      7   18   57.2       17  132  196.3
 19  02 00     10  136  153.4      3    8   24.7       13  144  178.1
 20  01 20      8  167  160.5      3    7   24.0       11  174  184.6
 21  01 20      8  160  156.0      3    6   23.4       11  166  179.4
 22    -
 23  02 00      9  114  132.6      3    5   22.8       12  119  155.3
 24    -
 25  06 45      9  111  130.6      4   26   42.9       13  137  173.5
 26    -
 27  02 10     11   98  135.2      3   34   41.6       14  132  176.8
 28    -
 29    -
 30    -
 31    -

 Monthly Mean           110.8               41.3                152.1

 --------------------------------------------------------------------

 April     1959     (k = 0.65)

 Date Time(UT)      North              South                Total
      h  m      g    f     R       g    f     R         g    f     R
  1  01 15      7  101  111.1      5   17   43.5       12  118  154.7
  2  05 30      9  145  152.8      6   17   50.0       15  162  202.8
  3  01 30      7  120  123.5      5   20   45.5       12  140  169.0
  4  00 15      5  100   97.5      2    4   15.6        7  104  113.1
  5    -
  6  01 50      7   91  104.6      2    3   14.9        9   94  119.6
  7  00 45      4   43   53.9      1   10   13.0        5   53   66.9
  8    -
  9    -
 10  01 30      8  102  118.3      5   46   62.4       13  148  180.7
 11  01 45      8   61   91.6      2   21   26.6       10   82  118.3
 12    -
 13  01 45      8   68   96.2      4   23   40.9       12   91  137.1
 14  01 00      9   60   97.5      5   60   71.5       14  120  169.0
 14  23 20      7   56   81.9      5   59   70.8       12  115  152.8
 16    -
 17  01 30      7   54   80.6      3   53   53.9       10  107  134.5
 18  01 50      6   51   72.1      3   38   44.2        9   89  116.3
 18  23 20      9   57   95.5      2   19   25.3       11   76  120.9
 20    -
 21    -
 22  01 30     10   73  112.4      0    0    0.0       10   73  112.4
 23  03 00     15   99  161.8      3    6   23.4       18  105  185.2
 24  05 30      9   83  112.4      3   27   37.0       12  110  149.5
 25  00 45     12   68  122.2      3   18   31.2       15   86  153.4
 26  00 20     13  102  150.8      4   16   36.4       17  118  187.2
 27    -
 28  01 30     12  113  151.4      3   22   33.8       15  135  185.2
 29    -
 30    -


 Monthly Mean           109.4               37.0                146.4

 --------------------------------------------------------------------

 May       1959     (k = 0.65)

 Date Time(UT)      North              South                Total
      h  m      g    f     R       g    f     R         g    f     R
  1    -
  2  01 45      6   57   76.0      3   30   39.0        9   87  115.0
  2  23 00      7   64   87.1      2   26   29.9        9   90  117.0
  4  04 10      6   36   62.4      4   32   46.8       10   68  109.2
  5  02 00      6   21   52.6      5   36   55.9       11   57  108.5
  6    -
  6  22 00      6   30   58.5      6   43   66.9       12   73  125.4
  8  00 00      6   76   88.4      5   58   70.2       11  134  158.6
  9    -
 10  01 15     11  128  154.7      3   71   65.6       14  199  220.3
 11  01 00     10  186  185.9      5   74   80.6       15  260  266.5
 12  00 45     10  205  198.2      3   63   60.4       13  268  258.7
 13  01 15     10  162  170.3      4   32   46.8       14  194  217.1
 14  01 15     11  166  179.4      3   34   41.6       14  200  221.0
 15  01 00     13  186  205.4      4   37   50.0       17  223  255.4
 16    -
 17    -
 18    -
 19  01 10      9   95  120.2      2   13   21.4       11  108  141.7
 20  00 30     10   83  118.9      3   18   31.2       13  101  150.1
 21  00 10     10   82  118.3      2    8   18.2       12   90  136.5
 21  23 00      9   69  103.3      2   20   26.0       11   89  129.3
 23    -
 24    -
 25  00 45     12   87  134.5      1   29   25.3       13  116  159.9
 26  01 30     11   83  125.4      1   42   33.8       12  125  159.2
 27  03 15     10   63  105.9      1   31   26.6       11   94  132.6
 28  02 45      6   54   74.1      2   39   38.3        8   93  112.4
 29  00 30      6   30   58.5      3   27   37.0        9   57   95.5
 30  04 30      6   25   55.2      2   28   31.2        8   53   86.4
 31  00 00      7   36   68.9      3   39   44.8       10   75  113.7

 Monthly Mean           113.2               43.0                156.1

 --------------------------------------------------------------------

 June      1959     (k = 0.65)

 Date Time(UT)      North              South                Total
      h  m      g    f     R       g    f     R         g    f     R
  1  02 00      7   30   65.0      4   67   69.5       11   97  134.5
  2  01 00      6   32   59.8      5   57   69.5       11   89  129.3
  3    -
  4  01 00      9   46   88.4      4   57   63.0       13  103  151.4
  4  23 00      9   30   78.0      4   56   62.4       13   86  140.4
  6    -
  7    -
  8    -
  9  04 15      9   77  108.5      4   78   76.7       13  155  185.2
 10    -
 11    -
 12  02 20     15  126  179.4      4   31   46.1       19  157  225.5
 13  00 30     13  111  156.6      2   27   30.5       15  138  187.2
 14  04 30      9   92  118.3      4   27   43.5       13  119  161.8
 15  02 00     10   83  118.9      4   19   38.3       14  102  157.3
 16  02 00     12  110  149.5      4   28   44.2       16  138  193.7
 17    -
 18  00 50      9   82  111.8      4    9   31.8       13   91  143.6
 19    -
 20    -
 21    -
 22  02 00      8   72   98.8      3   12   27.3       11   84  126.1
 23    -
 24  01 00      9   83  112.4      4   27   43.5       13  110  156.0
 25    -
 26  02 40     10  109  135.8      4   22   40.3       14  131  176.1
 27  01 45     10  118  141.7      6   33   60.4       16  151  202.1
 28  03 00      7  102  111.8      4   23   40.9       11  125  152.8
 29    -
 30    -


 Monthly Mean           114.7               49.3                164.0

 --------------------------------------------------------------------

 July      1959     (k = 0.65)

 Date Time(UT)      North              South                Total
      h  m      g    f     R       g    f     R         g    f     R
  1    -
  2  02 00      9   37   82.5      3   13   27.9       12   50  110.5
  3  04 00     10   56  101.4      3   11   26.6       13   67  128.0
  4    -
  5    -
  5  23 45      9  103  125.4      4    7   30.5       13  110  156.0
  7  01 00      7   90  104.0      2    5   16.2        9   95  120.2
  8  00 15      9   99  122.8      3    5   22.8       12  104  145.6
  8  23 30      6   77   89.0      3   10   26.0        9   87  115.0
 10    -
 11    -
 12  01 45      6   57   76.0      3   32   40.3        9   89  116.3
 13    -
 14    -
 15  01 30      9   98  122.2      1   23   21.4       10  121  143.6
 16  01 45     12  122  157.3      1   11   13.6       13  133  170.9
 17  03 00      9  154  158.6      2    7   17.5       11  161  176.1
 18    -
 19    -
 20  01 00     12   78  128.7      1    1    7.1       13   79  135.8
 21  01 00     11   61  111.1      1    1    7.1       12   62  118.3
 22  01 30      7   44   74.1      0    0    0.0        7   44   74.1
 23  05 30      9   46   88.4      2    4   15.6       11   50  104.0
 24    -
 25  00 45     12   46  107.9      1    3    8.4       13   49  116.3
 26    -
 27  01 00      7   90  104.0      3   17   30.5       10  107  134.5
 28  00 00      9  109  129.3      3   18   31.2       12  127  160.5
 29  03 15     10  118  141.7      3   15   29.2       13  133  170.9
 30  01 45     10  150  162.5      3   11   26.6       13  161  189.1
 31  02 20     13  222  228.8      2    8   18.2       15  230  247.0

 Monthly Mean           120.8               20.9                141.7

 --------------------------------------------------------------------

 August    1959     (k = 0.65)

 Date Time(UT)      North              South                Total
      h  m      g    f     R       g    f     R         g    f     R
  1  01 00     10  190  188.5      2    3   14.9       12  193  203.4
  2  00 45     12  173  190.4      3   19   31.8       15  192  222.3
  3  02 30     10  199  194.3      4   28   44.2       14  227  238.5
  4    -
  5  01 00     16  119  181.3      5   20   45.5       21  139  226.8
  6  01 15     12  116  153.4      4   27   43.5       16  143  196.9
  7  03 00     10   84  119.6      4   35   48.8       14  119  168.3
  8    -
  9    -
 10  00 00     10   87  121.5      3   17   30.5       13  104  152.1
 11    -
 12    -
 13  02 00      8   68   96.2      4   25   42.2       12   93  138.4
 14  01 15      7   59   83.8      4   15   35.8       11   74  119.6
 15  01 15      7   55   81.2      3   19   31.8       10   74  113.1
 16  03 00      9   87  115.0      3   19   31.8       12  106  146.9
 17  01 30      7  118  122.2      3   14   28.6       10  132  150.8
 17  23 30      9  149  155.3      4   13   34.4       13  162  189.8
 19  03 00      8  161  156.6      3    7   24.0       11  168  180.7
 20  01 00      7  156  146.9      4   15   35.8       11  171  182.6
 21  01 15      9  152  157.3      5    8   37.7       14  160  195.0
 22  01 15     10  180  182.0      3   19   31.8       13  199  213.8
 23    -
 24    -
 25  01 15     10  152  163.8      5   39   57.8       15  191  221.6
 26    -
 27  01 15     10  128  148.2      4   80   78.0       14  208  226.2
 28  01 50     11  164  178.1      4  111   98.1       15  275  276.2
 29  00 40     10  191  189.1      4  106   94.9       14  297  284.0
 30  04 00     11  135  159.2      3  102   85.8       14  237  245.0
 31  05 00     17  178  226.2      6  130  123.5       23  308  349.7

 Monthly Mean           152.6               49.2                201.8

 --------------------------------------------------------------------

 September  1959    (k = 0.65)

 Date Time(UT)      North              South                Total
      h  m      g    f     R       g    f     R         g    f     R
  1  05 30     15  158  200.2      7  124  126.1       22  282  326.3
  2  00 40     14  145  185.2      4   94   87.1       18  239  272.3
  3  06 00     12   96  140.4      3   42   46.8       15  138  187.2
  4    -
  5    -
  6    -
  7  01 15      7   52   79.3      3   19   31.8       10   71  111.1
  8  07 15      8   71   98.1      3   15   29.2       11   86  127.4
  9  00 50      8   66   94.9      4   21   39.6       12   87  134.5
 10  04 50      8   60   91.0      2   16   23.4       10   76  114.4
 11  01 50      7   70   91.0      3   21   33.1       10   91  124.1
 12  00 55      8   93  112.4      4   37   50.0       12  130  162.5
 13    -
 14    -
 15  04 20      7   56   81.9      5   41   59.1       12   97  141.0
 16  00 15      7   54   80.6      6   29   57.8       13   83  138.4
 17    -
 17  23 15      5   37   56.5      1   22   20.8        6   59   77.3
 19  00 30      5   38   57.2      6   56   75.4       11   94  132.6
 20  06 20      5   41   59.1      5   56   68.9       10   97  128.0
 21  01 00      6   51   72.1      5   39   57.8       11   90  130.0
 22  00 45      6   36   62.4      5   63   73.4       11   99  135.8
 23    -
 24    -
 25    -
 26    -
 27  00 30      6   37   63.0      5   27   50.0       11   64  113.1
 28    -
 29    -
 29  22 30      6   29   57.8      5   25   48.8       11   54  106.6


 Monthly Mean            93.5               54.4                147.9

 --------------------------------------------------------------------

 October   1959     (k = 0.65)

 Date Time(UT)      North              South                Total
      h  m      g    f     R       g    f     R         g    f     R
  1    -
  2    -
  3  00 00      5   21   46.1      5   28   50.7       10   49   96.8
  4    -
  5    -
  6    -
  7    -
  8  01 10      5   65   74.8      4   31   46.1        9   96  120.9
  9  02 00      4   68   70.2      6   26   55.9       10   94  126.1
 10    -
 10  23 30      2   42   40.3      4   12   33.8        6   54   74.1
 12  00 30      4   43   53.9      3   18   31.2        7   61   85.1
 13  05 45      4   36   49.4      3   26   36.4        7   62   85.8
 14  00 30      3   27   37.0      3   31   39.6        6   58   76.7
 15  00 15      5   15   42.2      3   40   45.5        8   55   87.8
 16    -
 17  01 15      6   24   54.6      4   29   44.8       10   53   99.4
 18    -
 19    -
 20  00 20      4   16   36.4      6   33   60.4       10   49   96.8
 21    -
 22  00 15      4   32   46.8      7   45   74.8       11   77  121.5
 23  02 00      5   53   66.9      5   34   54.6       10   87  121.5
 24  02 00      3   47   50.0      7   36   68.9       10   83  118.9
 25  04 30      4   63   66.9      5   39   57.8        9  102  124.8
 26    -
 27    -
 28    -
 29  04 10      8   47   82.5      3   27   37.0       11   74  119.6
 30  00 30      7   63   86.4      3   35   42.2       10   98  128.7
 31  03 30      9   60   97.5      3   28   37.7       12   88  135.2

 Monthly Mean            59.0               48.1                107.1

 --------------------------------------------------------------------

 November  1959     (k = 0.65)

 Date Time(UT)      North              South                Total
      h  m      g    f     R       g    f     R         g    f     R
  1    -
  2    -
  3  00 45      6   58   76.7      1    2    7.8        7   60   84.5
  4    -
  5  00 15      6   47   69.5      1    2    7.8        7   49   77.3
  6  02 20      4   30   45.5      2    7   17.5        6   37   63.0
  7    -
  8  00 45      7   28   63.7      4   48   57.2       11   76  120.9
  9  00 15      7   27   63.0      3   67   63.0       10   94  126.1
 10    -
 11  05 00      5   22   46.8      3   83   73.4        8  105  120.2
 12    -
 13    -
 14  00 45      7   42   72.8      3   55   55.2       10   97  128.0
 15  01 10      8   29   70.8      3   53   53.9       11   82  124.8
 16  00 30      6   26   55.9      3   46   49.4        9   72  105.3
 17  00 20      5   21   46.1      3   19   31.8        8   40   78.0
 18  00 20      8   19   64.3      2    5   16.2       10   24   80.6
 19    -
 20  02 20      6   29   57.8      1    3    8.4        7   32   66.3
 21  00 45      6   30   58.5      0    0    0.0        6   30   58.5
 22  01 00      6   38   63.7      1    2    7.8        7   40   71.5
 23  05 30      7   48   76.7      1    7   11.0        8   55   87.8
 24  03 00      8   85  107.2      3   23   34.4       11  108  141.7
 25    -
 26  01 45      7  113  118.9      2   22   27.3        9  135  146.2
 27    -
 28  01 15      8  117  128.0      2    9   18.8       10  126  146.9
 29  01 10      7  163  151.4      1    4    9.1        8  167  160.5
 30  02 00      8  150  149.5      2    3   14.9       10  153  164.4


 Monthly Mean            79.4               28.3                107.6

 --------------------------------------------------------------------

 December  1959     (k = 0.65)

 Date Time(UT)      North              South                Total
      h  m      g    f     R       g    f     R         g    f     R
  1  00 45     10  143  157.9      0    0    0.0       10  143  157.9
  2  00 45      9  124  139.1      0    0    0.0        9  124  139.1
  3  05 50      9  146  153.4      1    7   11.0       10  153  164.4
  4  01 50     10  180  182.0      2   15   22.8       12  195  204.8
  5  00 15      6  115  113.7      2    6   16.9        8  121  130.6
  6  01 00      7  127  128.0      1   10   13.0        8  137  141.0
  7  00 45      7  114  119.6      1    7   11.0        8  121  130.6
  8  01 15      7  104  113.1      2    8   18.2        9  112  131.3
  9  00 45      6  104  106.6      3   19   31.8        9  123  138.4
 10  01 10      5   59   70.8      1    3    8.4        6   62   79.3
 11    -
 12  05 30      5   39   57.8      2    8   18.2        7   47   76.0
 13  01 30      3   30   39.0      2    5   16.2        5   35   55.2
 14  01 15      4   35   48.8      2    5   16.2        6   40   65.0
 15    -
 16    -
 17  02 15      5   30   52.0      4   38   50.7        9   68  102.7
 18  02 10      4   38   50.7      3   40   45.5        7   78   96.2
 19    -
 20    -
 21  01 30      8   65   94.2      2   21   26.6       10   86  120.9
 22  02 45      6   54   74.1      2   11   20.1        8   65   94.2
 23  05 30      8   58   89.7      2    8   18.2       10   66  107.9
 24  01 00     10   61  104.6      1    7   11.0       11   68  115.7
 25  01 50     10   77  115.0      1    2    7.8       11   79  122.8
 26  01 00      9   81  111.1      1    2    7.8       10   83  118.9
 27  01 00      9   63   99.4      2    6   16.9       11   69  116.3
 28  01 00     10   74  113.1      2    2   14.3       12   76  127.4
 29  04 00     11   75  120.2      2   19   25.3       13   94  145.6
 30  01 30      7   41   72.1      2   22   27.3        9   63   99.4
 31    -

 Monthly Mean           101.1               18.2                119.3

 --------------------------------------------------------------------

