 January   1967     (k = 0.72)

 Date Time(UT)      North              South                Total
      h  m      g    f     R       g    f     R         g    f     R
  1    -
  2  00 45      2   18   27.4      2   47   48.2        4   65   75.6
  3  01 45      4   31   51.1      3   54   60.5        7   85  111.6
  4  00 00      5   45   68.4      2   54   53.3        7   99  121.7
  5  00 45      5   64   82.1      2   71   65.5        7  135  147.6
  6    -
  7  00 30      7   52   87.8      4   57   69.8       11  109  157.7
  8  01 00      7   36   76.3      3   22   37.4       10   58  113.8
  9  00 15      7   49   85.7      2   12   23.0        9   61  108.7
 10  00 00      4   64   74.9      1    7   12.2        5   71   87.1
 11  05 10      5   59   78.5      2    8   20.2        7   67   98.6
 12  01 00      4   60   72.0      3   14   31.7        7   74  103.7
 13  00 30      5   64   82.1      1   26   25.9        6   90  108.0
 14  01 15      5   33   59.8      2   21   29.5        7   54   89.3
 15  02 40      3   31   43.9      1   33   31.0        4   64   74.9
 16  00 30      2   11   22.3      1   21   22.3        3   32   44.6
 17  00 10      3   19   35.3      1   20   21.6        4   39   56.9
 18  00 40      2   27   33.8      1   24   24.5        3   51   58.3
 19  00 30      4   18   41.8      1   13   16.6        5   31   58.3
 20  04 10      7   53   88.6      1   13   16.6        8   66  105.1
 21  00 15      5   41   65.5      2    9   20.9        7   50   86.4
 22  01 10      7   68   99.4      2    8   20.2        9   76  119.5
 23  00 20      8   56   97.9      2    9   20.9       10   65  118.8
 24  00 30      7   52   87.8      3   13   31.0       10   65  118.8
 25  01 00      7   75  104.4      3    9   28.1       10   84  132.5
 26  01 15     11   76  133.9      1    4   10.1       12   80  144.0
 27  00 30      8   60  100.8      2    6   18.7       10   66  119.5
 28    -
 29    -
 30  01 30      7   51   87.1      2    9   20.9        9   60  108.0
 31  00 20      9   55  104.4      2   10   21.6       11   65  126.0

 Monthly Mean            73.8               29.7                103.5

 --------------------------------------------------------------------

 February  1967     (k = 0.72)

 Date Time(UT)      North              South                Total
      h  m      g    f     R       g    f     R         g    f     R
  1  00 30      5   36   61.9      2    8   20.2        7   44   82.1
  2  00 40      4   30   50.4      3   15   32.4        7   45   82.8
  3  06 25      4   15   39.6      4   10   36.0        8   25   75.6
  4  01 30      8   43   88.6      5   14   46.1       13   57  134.6
  5  01 45      5   17   48.2      3    8   27.4        8   25   75.6
  6  01 10      5   34   60.5      2   10   21.6        7   44   82.1
  7  00 30      4   46   61.9      2   15   25.2        6   61   87.1
  8  00 00      4   55   68.4      2   13   23.8        6   68   92.2
  9    -
 10    -
 11    -
 12    -
 13  00 30      5   27   55.4      0    0    0.0        5   27   55.4
 14  02 00      3   16   33.1      1    3    9.4        4   19   42.5
 15  01 10      5   44   67.7      1    3    9.4        6   47   77.0
 16  00 50      4   25   46.8      1    4   10.1        5   29   56.9
 17  00 15      5   17   48.2      1    4   10.1        6   21   58.3
 18  00 15      6   12   51.8      1    3    9.4        7   15   61.2
 19  01 30      8   30   79.2      1    5   10.8        9   35   90.0
 20  00 30      7   25   68.4      2    8   20.2        9   33   88.6
 21  00 00      5   22   51.8      3   11   29.5        8   33   81.4
 22  00 15      6   36   69.1      4   12   37.4       10   48  106.6
 23  00 00      6   45   75.6      3    6   25.9        9   51  101.5
 24    -
 25    -
 26    -
 27  05 30      5   77   91.4      7   27   69.8       12  104  161.3
 28  02 00      5   78   92.2      7   32   73.4       12  110  165.6




 Monthly Mean            62.4               26.1                 88.5

 --------------------------------------------------------------------

 March     1967     (k = 0.72)

 Date Time(UT)      North              South                Total
      h  m      g    f     R       g    f     R         g    f     R
  1  00 10      5  121  123.1      7   57   91.4       12  178  214.6
  2  00 40      4  109  107.3      7   57   91.4       11  166  198.7
  3  00 00      5  118  121.0      7   61   94.3       12  179  215.3
  4  02 00      4   86   90.7      5   67   84.2        9  153  175.0
  5    -
  6    -
  7  01 00      4   52   66.2      2   82   73.4        6  134  139.7
  8  00 45      5   44   67.7      2   79   71.3        7  123  139.0
  9    -
 10  01 00      3   40   50.4      2   70   64.8        5  110  115.2
 11  00 00      5   35   61.2      4   61   72.7        9   96  133.9
 12    -
 13  00 30      2    7   19.4      2   27   33.8        4   34   53.3
 14  00 17      2   13   23.8      2   12   23.0        4   25   46.8
 15  02 15      2   15   25.2      2   16   25.9        4   31   51.1
 16  02 15      2   14   24.5      1   23   23.8        3   37   48.2
 17    -
 18    -
 19  00 30      5   24   53.3      1   33   31.0        6   57   84.2
 20  00 40      7   27   69.8      1   15   18.0        8   42   87.8
 21  05 30      6   38   70.6      1    6   11.5        7   44   82.1
 22  01 50      9   56  105.1      1    8   13.0       10   64  118.1
 23  00 20      9   51  101.5      1    5   10.8       10   56  112.3
 24  00 30     10   87  134.6      0    0    0.0       10   87  134.6
 25  00 40     12   95  154.8      1    2    8.6       13   97  163.4
 26  00 45     10   82  131.0      2    4   17.3       12   86  148.3
 27  06 10      8   54   96.5      2    5   18.0       10   59  114.5
 28  05 30      6   53   81.4      2   24   31.7        8   77  113.0
 29  00 45      6   63   88.6      3   52   59.0        9  115  147.6
 30    -
 31  02 15      7   51   87.1      2   43   45.4        9   94  132.5

 Monthly Mean            81.4               42.3                123.7

 --------------------------------------------------------------------

 April     1967     (k = 0.72)

 Date Time(UT)      North              South                Total
      h  m      g    f     R       g    f     R         g    f     R
  1  00 30     10   59  114.5      2   46   47.5       12  105  162.0
  2    -
  3  02 30      3    5   25.2      3   15   32.4        6   20   57.6
  4    -
  5  00 15      4   14   38.9      2   12   23.0        6   26   61.9
  6  00 10      5   15   46.8      3   23   38.2        8   38   85.0
  7  00 20      3    9   28.1      3   24   38.9        6   33   67.0
  8  00 15      5   17   48.2      4   51   65.5        9   68  113.8
  9    -
 10    -
 11    -
 12    -
 13    -
 14  03 05      4   24   46.1      0    0    0.0        4   24   46.1
 15    -
 16    -
 17    -
 18  00 00      3    9   28.1      2    4   17.3        5   13   45.4
 19    -
 20  01 30      3   11   29.5      2    5   18.0        5   16   47.5
 21  00 15      2   12   23.0      3   14   31.7        5   26   54.7
 22  00 30      3    9   28.1      4   20   43.2        7   29   71.3
 23  00 00      3   17   33.8      6   42   73.4        9   59  107.3
 24  00 30      5   22   51.8      6   28   63.4       11   50  115.2
 25  00 30      4   14   38.9      3   18   34.6        7   32   73.4
 26  00 00      4   19   42.5      7   19   64.1       11   38  106.6
 27  01 00      2   17   26.6      2    8   20.2        4   25   46.8
 28  00 50      4   38   56.2      3   27   41.0        7   65   97.2
 29    -
 30  04 10      4   18   41.8      2   30   36.0        6   48   77.8


 Monthly Mean            41.6               38.2                 79.8

 --------------------------------------------------------------------

 May       1967     (k = 0.72)

 Date Time(UT)      North              South                Total
      h  m      g    f     R       g    f     R         g    f     R
  1  01 00      4   20   43.2      4   21   43.9        8   41   87.1
  2  05 15      3   24   38.9      3   31   43.9        6   55   82.8
  3  00 35      3   19   35.3      3   41   51.1        6   60   86.4
  4  00 35      3   20   36.0      3   45   54.0        6   65   90.0
  4  23 30      4   17   41.0      3   26   40.3        7   43   81.4
  6  00 40      3    9   28.1      2   15   25.2        5   24   53.3
  7  04 50      1    2    8.6      1    2    8.6        2    4   17.3
  8  00 30      1    3    9.4      1    2    8.6        2    5   18.0
  9    -
 10    -
 11  06 15      1    2    8.6      1    1    7.9        2    3   16.6
 12  01 20      2    5   18.0      1    3    9.4        3    8   27.4
 12  23 45      3    8   27.4      1    3    9.4        4   11   36.7
 14  00 25      1    2    8.6      3    9   28.1        4   11   36.7
 15  00 00      1    2    8.6      3   10   28.8        4   12   37.4
 16  01 00      2    3   16.6      3   17   33.8        5   20   50.4
 17  00 15      3    4   24.5      2   17   26.6        5   21   51.1
 18  00 15      2    3   16.6      4   19   42.5        6   22   59.0
 18  23 45      2    9   20.9      5   21   51.1        7   30   72.0
 20  01 15      3   35   46.8      5   35   61.2        8   70  108.0
 21  01 00      4   42   59.0      4   19   42.5        8   61  101.5
 22  01 15      5   75   90.0      5   20   50.4       10   95  140.4
 23  00 45      5   98  106.6      4   17   41.0        9  115  147.6
 24  00 20      6  102  116.6      3    7   26.6        9  109  143.3
 25  00 30     10  116  155.5      4   20   43.2       14  136  198.7
 26  00 15      9  151  173.5      5   25   54.0       14  176  227.5
 27    -
 28    -
 29  01 15     10  117  156.2      4   26   47.5       14  143  203.8
 30  00 20     12   84  146.9      4   33   52.6       16  117  199.4
 31  01 55     13  146  198.7      4   36   54.7       17  182  253.4

 Monthly Mean            60.8               36.6                 97.3

 --------------------------------------------------------------------

 June      1967     (k = 0.72)

 Date Time(UT)      North              South                Total
      h  m      g    f     R       g    f     R         g    f     R
  1  00 45     11  107  156.2      3   20   36.0       14  127  192.2
  2  00 30      9   88  128.2      2   13   23.8       11  101  151.9
  3  00 50      7  112  131.0      1   13   16.6        8  125  147.6
  4  01 10      6  132  138.2      3   16   33.1        9  148  171.4
  5  05 15      5   81   94.3      2   10   21.6        7   91  115.9
  6  00 30      3   74   74.9      3   11   29.5        6   85  104.4
  6  23 30      3   49   56.9      2    5   18.0        5   54   74.9
  8  00 15      4   18   41.8      2    2   15.8        6   20   57.6
  9    -
 10    -
 10  23 45      1    1    7.9      1    4   10.1        2    5   18.0
 12  00 15      1    1    7.9      1    9   13.7        2   10   21.6
 13  00 45      0    0    0.0      1   10   14.4        1   10   14.4
 14  01 00      0    0    0.0      1    7   12.2        1    7   12.2
 15  02 00      3    4   24.5      2   10   21.6        5   14   46.1
 16  00 40      3    5   25.2      1    1    7.9        4    6   33.1
 17  00 15      3    9   28.1      3    6   25.9        6   15   54.0
 18  01 25      4   15   39.6      1    2    8.6        5   17   48.2
 19  05 00      6   16   54.7      2    3   16.6        8   19   71.3
 20  00 45      7   23   67.0      2    4   17.3        9   27   84.2
 21  01 15      7   25   68.4      3    4   24.5       10   29   92.9
 22    -
 23    -
 24  00 45      5   46   69.1      1   15   18.0        6   61   87.1
 25    -
 26  00 00      3   26   40.3      2   16   25.9        5   42   66.2
 27  00 15      3   18   34.6      1   15   18.0        4   33   52.6
 28    -
 29  01 20      4   34   53.3      4   33   52.6        8   67  105.8
 30  00 30      5   16   47.5      2   17   26.6        7   33   74.2


 Monthly Mean            57.9               21.2                 79.1

 --------------------------------------------------------------------

 July      1967     (k = 0.72)

 Date Time(UT)      North              South                Total
      h  m      g    f     R       g    f     R         g    f     R
  1  00 30      4   14   38.9      4   18   41.8        8   32   80.6
  2    -
  3    -
  4  00 00      5   14   46.1      3   24   38.9        8   38   85.0
  5    -
  6    -
  7  00 00      6   13   52.6      3   19   35.3        9   32   87.8
  8    -
  9    -
 10  06 00      5   15   46.8      1    1    7.9        6   16   54.7
 11    -
 12  06 00      4   14   38.9      2    3   16.6        6   17   55.4
 13    -
 14  02 15      2   16   25.9      2   13   23.8        4   29   49.7
 15  00 15      3   19   35.3      4   52   66.2        7   71  101.5
 16  03 10      3   12   30.2      5   51   72.7        8   63  103.0
 17  00 45      1    3    9.4      3   37   48.2        4   40   57.6
 18  00 15      2    3   16.6      3   26   40.3        5   29   56.9
 19  00 15      1    1    7.9      5   23   52.6        6   24   60.5
 20  00 00      0    0    0.0      4   15   39.6        4   15   39.6
 21  00 15      1    1    7.9      3   19   35.3        4   20   43.2
 22  00 30      1    5   10.8      4   20   43.2        5   25   54.0
 23  00 00      3   19   35.3      5   16   47.5        8   35   82.8
 24  04 45      4   36   54.7      3   16   33.1        7   52   87.8
 25  00 45      3   48   56.2      4   13   38.2        7   61   94.3
 26  00 15      4   83   88.6      2   12   23.0        6   95  111.6
 27  01 50      6  168  164.2      1    2    8.6        7  170  172.8
 28  04 15      5   95  104.4      3    4   24.5        8   99  128.9
 29  01 40      6  153  153.4      2    3   16.6        8  156  169.9
 30    -
 31    -

 Monthly Mean            48.8               35.9                 84.7

 --------------------------------------------------------------------

 August    1967     (k = 0.72)

 Date Time(UT)      North              South                Total
      h  m      g    f     R       g    f     R         g    f     R
  1  02 15      5   92  102.2      1    2    8.6        6   94  110.9
  2  04 00      6   86  105.1      2    6   18.7        8   92  123.8
  3  00 00      5   59   78.5      1    9   13.7        6   68   92.2
  4  00 00      6   35   68.4      1   15   18.0        7   50   86.4
  5  01 30      5   34   60.5      1   23   23.8        6   57   84.2
  6  02 10      6   43   74.2      3   32   44.6        9   75  118.8
  7  00 15      5   34   60.5      2   30   36.0        7   64   96.5
  8  00 15      6   51   79.9      3   27   41.0        9   78  121.0
  9  00 30      4   43   59.8      3   26   40.3        7   69  100.1
  9  23 20      4   51   65.5      4   20   43.2        8   71  108.7
 11  00 15      3   38   49.0      3   17   33.8        6   55   82.8
 12  00 00      3   41   51.1      3   28   41.8        6   69   92.9
 12  23 00      6   41   72.7      2   22   30.2        8   63  103.0
 14    -
 15  03 45      3   10   28.8      3   19   35.3        6   29   64.1
 16  01 00      3   28   41.8      3   19   35.3        6   47   77.0
 17  01 30      3   69   71.3      3   15   32.4        6   84  103.7
 18  00 00      5   50   72.0      4   10   36.0        9   60  108.0
 19  00 30      5   47   69.8      3    7   26.6        8   54   96.5
 20    -
 21    -
 22  02 30      5   74   89.3      1   11   15.1        6   85  104.4
 23    -
 24  00 00      5   86   97.9      2   14   24.5        7  100  122.4
 25  00 30      6  107  120.2      2   22   30.2        8  129  150.5
 26  01 00      4   93   95.8      2   17   26.6        6  110  122.4
 27  03 30      4   76   83.5      2   25   32.4        6  101  115.9
 28    -
 29  01 45      8   78  113.8      5   29   56.9       13  107  170.6
 30    -
 31    -

 Monthly Mean            75.5               31.0                106.5

 --------------------------------------------------------------------

 September 1967     (k = 0.72)

 Date Time(UT)      North              South                Total
      h  m      g    f     R       g    f     R         g    f     R
  1  01 40      5   53   74.2      5   18   49.0       10   71  123.1
  2  00 00      4   33   52.6      4   19   42.5        8   52   95.0
  3  01 40      3   61   65.5      5   36   61.9        8   97  127.4
  4  01 00      4   51   65.5      6   22   59.0       10   73  124.6
  5  01 30      5   39   64.1      6   25   61.2       11   64  125.3
  6    -
  7    -
  8  00 00      5   15   46.8      7   28   70.6       12   43  117.4
  9    -
 10  00 45      6   27   62.6      4   29   49.7       10   56  112.3
 11    -
 12    -
 13    -
 14    -
 15    -
 15  23 30      1   10   14.4      2    3   16.6        3   13   31.0
 17    -
 18    -
 19  00 30      2    5   18.0      2   27   33.8        4   32   51.8
 20    -
 21    -
 22  00 30      4   20   43.2      4   22   44.6        8   42   87.8
 23  01 30      4    8   34.6      2    8   20.2        6   16   54.7
 24  00 30      3   12   30.2      2    9   20.9        5   21   51.1
 25  00 15      3    9   28.1      1    5   10.8        4   14   38.9
 26  01 00      4   22   44.6      1    2    8.6        5   24   53.3
 27  00 00      3   20   36.0      0    0    0.0        3   20   36.0
 28  02 55      5   28   56.2      1    3    9.4        6   31   65.5
 29  00 30      6   21   58.3      1    3    9.4        7   24   67.7
 30    -


 Monthly Mean            46.8               33.4                 80.2

 --------------------------------------------------------------------

 October   1967     (k = 0.72)

 Date Time(UT)      North              South                Total
      h  m      g    f     R       g    f     R         g    f     R
  1    -
  2    -
  3    -
  4  00 50      4   29   49.7      4   24   46.1        8   53   95.8
  5    -
  6  05 00      4   19   42.5      4   40   57.6        8   59  100.1
  7    -
  7  23 15      2   14   24.5      4   28   49.0        6   42   73.4
  9  00 30      2   20   28.8      3    7   26.6        5   27   55.4
 10  00 00      4   44   60.5      3    9   28.1        7   53   88.6
 11  04 40      4   49   64.1      3    6   25.9        7   55   90.0
 12  01 00      3   72   73.4      2    9   20.9        5   81   94.3
 13  00 50      2   30   36.0      2    6   18.7        4   36   54.7
 14  02 00      3   20   36.0      2    4   17.3        5   24   53.3
 15  00 25      2   20   28.8      2    6   18.7        4   26   47.5
 16  00 00      1    7   12.2      3    7   26.6        4   14   38.9
 17    -
 18    -
 19  00 15      4   10   36.0      2    4   17.3        6   14   53.3
 20  00 00      4   28   49.0      1    1    7.9        5   29   56.9
 21  00 00      6   34   67.7      0    0    0.0        6   34   67.7
 22  00 30      5   45   68.4      0    0    0.0        5   45   68.4
 23  00 45      6   45   75.6      0    0    0.0        6   45   75.6
 24    -
 25  02 00      7   64   96.5      0    0    0.0        7   64   96.5
 26    -
 27    -
 28  00 00      9   78  121.0      2    9   20.9       11   87  141.8
 29  03 20      9   59  107.3      5   37   62.6       14   96  169.9
 30  00 45      8   33   81.4      5   28   56.2       13   61  137.5
 30  23 30      5   27   55.4      5   33   59.8       10   60  115.2

 Monthly Mean            57.8               26.7                 84.5

 --------------------------------------------------------------------

 November  1967     (k = 0.72)

 Date Time(UT)      North              South                Total
      h  m      g    f     R       g    f     R         g    f     R
  1  04 15      4   19   42.5      6   25   61.2       10   44  103.7
  2  04 00      5   30   57.6      8   40   86.4       13   70  144.0
  3  00 30      3   13   31.0      7   27   69.8       10   40  100.8
  3  23 30      3   12   30.2      9   53  103.0       12   65  133.2
  5  03 30      2    6   18.7      6   25   61.2        8   31   79.9
  6    -
  7  00 00      2    4   17.3      3   12   30.2        5   16   47.5
  8  00 00      1    2    8.6      2    8   20.2        3   10   28.8
  9  00 45      1    2    8.6      1    4   10.1        2    6   18.7
 10  06 30      2    7   19.4      2    4   17.3        4   11   36.7
 10  23 15      3   10   28.8      0    0    0.0        3   10   28.8
 12  06 15      3   15   32.4      0    0    0.0        3   15   32.4
 13  00 00      5   36   61.9      1    6   11.5        6   42   73.4
 14    -
 15  05 20      6   41   72.7      2   12   23.0        8   53   95.8
 16  00 45      6   57   84.2      1    6   11.5        7   63   95.8
 17    -
 18    -
 19    -
 20    -
 21  04 00      6   81  101.5      1    9   13.7        7   90  115.2
 22  00 20      5   56   76.3      3    4   24.5        8   60  100.8
 23    -
 24    -
 25  00 00      6   33   67.0      3   23   38.2        9   56  105.1
 26  01 00      3   37   48.2      4   25   46.8        7   62   95.0
 27  00 30      3   50   57.6      4   36   54.7        7   86  112.3
 28    -
 29  00 30      3   42   51.8      3   48   56.2        6   90  108.0
 30    -


 Monthly Mean            45.8               37.0                 82.8

 --------------------------------------------------------------------

 December  1967     (k = 0.72)

 Date Time(UT)      North              South                Total
      h  m      g    f     R       g    f     R         g    f     R
  1  00 30      3   16   33.1      6   53   81.4        9   69  114.5
  2  01 20      6   21   58.3      6   25   61.2       12   46  119.5
  3    -
  4  02 30      7   18   63.4      4    7   33.8       11   25   97.2
  5  00 15      6   11   51.1      3    7   26.6        9   18   77.8
  6  00 15      4   14   38.9      2   13   23.8        6   27   62.6
  7  02 40      8   32   80.6      2   22   30.2       10   54  110.9
  8  00 30      8   37   84.2      3   22   37.4       11   59  121.7
  9  00 10      6   23   59.8      3   28   41.8        9   51  101.5
 10  01 15      5   24   53.3      3   25   39.6        8   49   92.9
 11  00 00      5   19   49.7      4   30   50.4        9   49  100.1
 12  00 15      8   31   79.9      4   51   65.5       12   82  145.4
 13  00 45      8   24   74.9      4   31   51.1       12   55  126.0
 14    -
 15  02 00      8   39   85.7      6   30   64.8       14   69  150.5
 16  00 00      7   62   95.0      5   25   54.0       12   87  149.0
 17  01 20      6   78   99.4      6   17   55.4       12   95  154.8
 18  00 25      8  120  144.0      4   16   40.3       12  136  184.3
 19    -
 20  00 45      6   89  107.3      2   10   21.6        8   99  128.9
 21  00 15      7   89  114.5      2   23   31.0        9  112  145.4
 22  00 30      3   66   69.1      4   30   50.4        7   96  119.5
 23    -
 24  01 15      3    6   25.9      4   28   49.0        7   34   74.9
 25  01 00      2    7   19.4      7   57   91.4        9   64  110.9
 26  01 00      2    8   20.2      6   66   90.7        8   74  110.9
 27    -
 28  02 50      0    0    0.0      7   93  117.4        7   93  117.4
 29    -
 30  00 45      0    0    0.0      9   86  126.7        9   86  126.7
 31  01 50      0    0    0.0      8   57   98.6        8   57   98.6

 Monthly Mean            60.3               57.4                117.7

 --------------------------------------------------------------------

