 January   1991     (k = 0.60)

 Date Time(UT)      North              South                Total
      h  m      g    f     R       g    f     R         g    f     R
  1    -
  2    -
  3  05 00      2   13   19.8      7   58   76.8        9   71   96.6
  4  00 50      1   11   12.6      7   51   72.6        8   62   85.2
  5  01 15      4   16   33.6      7   40   66.0       11   56   99.6
  6  00 45      4   27   40.2     10   84  110.4       14  111  150.6
  7  00 55      1    7   10.2      9   50   84.0       10   57   94.2
  8  01 25      3   19   29.4      8   59   83.4       11   78  112.8
  9  01 10      3   59   53.4      6   61   72.6        9  120  126.0
 10  01 20      3   92   73.2      6   32   55.2        9  124  128.4
 11  01 10      3  134   98.4      8   37   70.2       11  171  168.6
 12    -
 13  01 10      4  111   90.6      6   51   66.6       10  162  157.2
 14  00 40      5  125  105.0      7   77   88.2       12  202  193.2
 15  01 33      2   55   45.0      4   36   45.6        6   91   90.6
 16  00 50      4   86   75.6      7   76   87.6       11  162  163.2
 17  01 00      4   91   78.6      8  123  121.8       12  214  200.4
 18  01 20      3   37   40.2      5   64   68.4        8  101  108.6
 19  01 25      3   33   37.8      6   50   66.0        9   83  103.8
 20  00 55      3   38   40.8      4   54   56.4        7   92   97.2
 21    -
 22    -
 23  01 50      4   31   42.6      7   98  100.8       11  129  143.4
 24  01 05      3   37   40.2      7  127  118.2       10  164  158.4
 25  00 50      3   29   35.4     10  129  137.4       13  158  172.8
 26  02 55      3   31   36.6     10  134  140.4       13  165  177.0
 27  04 35      4   42   49.2      8  127  124.2       12  169  173.4
 28  01 10      8   80   96.0     11  278  232.8       19  358  328.8
 29  01 05      7   76   87.6      8  307  232.2       15  383  319.8
 30  01 00      7   81   90.6      8  247  196.2       15  328  286.8
 31  01 00      5   85   81.0     10  267  220.2       15  352  301.2

 Monthly Mean            55.5              107.5                163.0

 --------------------------------------------------------------------

 February  1991     (k = 0.60)

 Date Time(UT)      North              South                Total
      h  m      g    f     R       g    f     R         g    f     R
  1  00 55      6   52   67.2     12  215  201.0       18  267  268.2
  2  02 01      5   33   49.8      9  144  140.4       14  177  190.2
  3  01 00      5   23   43.8     10  165  159.0       15  188  202.8
  4  01 35      4   54   56.4     11  198  184.8       15  252  241.2
  5  01 10      5   25   45.0     12  188  184.8       17  213  229.8
  6  01 00      6   30   54.0      7  114  110.4       13  144  164.4
  7  01 25      5   45   57.0      8   70   90.0       13  115  147.0
  8  00 45      5  102   91.2      9   53   85.8       14  155  177.0
  9  01 30      4   87   76.2      8   36   69.6       12  123  145.8
 10    -
 11  01 00      3   54   50.4      8   30   66.0       11   84  116.4
 12  01 00      5  106   93.6     10   57   94.2       15  163  187.8
 13  00 45      5  100   90.0     11   73  109.8       16  173  199.8
 14  00 50      6   82   85.2     11  107  130.2       17  189  215.4
 15    -
 16  06 25      3    8   22.8      8   38   70.8       11   46   93.6
 17  00 40      3   15   27.0     11   74  110.4       14   89  137.4
 18  00 50      4   30   42.0     13  131  156.6       17  161  198.6
 19  00 35      2   17   22.2     13  134  158.4       15  151  180.6
 20  00 20      4   36   45.6     12  176  177.6       16  212  223.2
 21  00 40      7   37   64.2     11  257  220.2       18  294  284.4
 22  00 30      6   41   60.6     10  196  177.6       16  237  238.2
 23  01 00      5   35   51.0      8  104  110.4       13  139  161.4
 24  00 11      4   16   33.6      7   84   92.4       11  100  126.0
 25  01 25      4   55   57.0     14  355  297.0       18  410  354.0
 26  01 20      6   65   75.0     11  297  244.2       17  362  319.2
 27  02 25      4   58   58.8     10  215  189.0       14  273  247.8
 28  01 35      5   53   61.8     11  135  147.0       16  188  208.8




 Monthly Mean            57.0              145.3                202.3

 --------------------------------------------------------------------

 March     1991     (k = 0.60)

 Date Time(UT)      North              South                Total
      h  m      g    f     R       g    f     R         g    f     R
  1    -
  2    -
  3  02 45      3   20   30.0      7   27   58.2       10   47   88.2
  4  00 35      3   38   40.8      1    4    8.4        4   42   49.2
  5  02 45      6   41   60.6      3   15   27.0        9   56   87.6
  6  04 50      8   31   66.6      3   42   43.2       11   73  109.8
  7  01 20      6   19   47.4      4   55   57.0       10   74  104.4
  8    -
  9  03 15      6   23   49.8      4   76   69.6       10   99  119.4
 10  01 20      4   27   40.2      4  151  114.6        8  178  154.8
 11    -
 12    -
 13  03 50      2    6   15.6     10  256  213.6       12  262  229.2
 14    -
 15  00 35      1    3    7.8     12  230  210.0       13  233  217.8
 16    -
 17  01 18      1   18   16.8     10  180  168.0       11  198  184.8
 18  01 10      2   41   36.6     11  240  210.0       13  281  246.6
 19  01 40      2   47   40.2      9  163  151.8       11  210  192.0
 20  00 40      2   44   38.4     10  205  183.0       12  249  221.4
 21    -
 22    -
 23    -
 24    -
 25    -
 26  00 50      1    4    8.4      9  213  181.8       10  217  190.2
 27    -
 28    -
 29    -
 30  03 05      4   61   60.6      7  102  103.2       11  163  163.8
 31    -

 Monthly Mean            37.3              120.0                157.3

 --------------------------------------------------------------------

 April     1991     (k = 0.60)

 Date Time(UT)      North              South                Total
      h  m      g    f     R       g    f     R         g    f     R
  1    -
  2    -
  3  00 50      3  124   92.4      7   66   81.6       10  190  174.0
  4  01 05      3  125   93.0      6   87   88.2        9  212  181.2
  5  00 35      5  177  136.2      7  126  117.6       12  303  253.8
  6  00 40      4   72   67.2     10   72  103.2       14  144  170.4
  7    -
  8    -
  9  00 15      8   46   75.6     11   62  103.2       19  108  178.8
 10    -
 11    -
 12  06 30      8  116  117.6     13  132  157.2       21  248  274.8
 13    -
 14    -
 15  01 30      5  133  109.8     12  100  132.0       17  233  241.8
 16  00 40      5  164  128.4     12  100  132.0       17  264  260.4
 17  00 35      4  164  122.4     12   97  130.2       16  261  252.6
 18    -
 19  00 30      5  108   94.8     13   72  121.2       18  180  216.0
 20  02 35      3  101   78.6     11   85  117.0       14  186  195.6
 21  01 15      3   66   57.6     11   65  105.0       14  131  162.6
 22  00 10      3   38   40.8      9   50   84.0       12   88  124.8
 23  00 00      2    4   14.4      9   53   85.8       11   57  100.2
 24  01 10      0    0    0.0      7   28   58.8        7   28   58.8
 25    -
 26  00 15      3    6   21.6      8   31   66.6       11   37   88.2
 27  00 10      3   11   24.6      7   25   57.0       10   36   81.6
 28  01 05      2   16   21.6      7   51   72.6        9   67   94.2
 29    -
 30  00 55      3   39   41.4     12  100  132.0       15  139  173.4


 Monthly Mean            70.4              102.4                172.8

 --------------------------------------------------------------------

 May       1991     (k = 0.60)

 Date Time(UT)      North              South                Total
      h  m      g    f     R       g    f     R         g    f     R
  1  06 10      2   27   28.2      6   29   53.4        8   56   81.6
  2  00 00      3   52   49.2      7   49   71.4       10  101  120.6
  3  00 15      3   48   46.8      8   45   75.0       11   93  121.8
  4  02 00      1   31   24.6      7   70   84.0        8  101  108.6
  5  01 20      2   19   23.4      9   54   86.4       11   73  109.8
  6  00 21      3   13   25.8      7   39   65.4       10   52   91.2
  7  00 50      3   18   28.8      5  105   93.0        8  123  121.8
  7  23 45      5   37   52.2      6   53   67.8       11   90  120.0
  9    -
 10  00 10      6  102   97.2      6   52   67.2       12  154  164.4
 10  23 55      7  134  122.4      4   47   52.2       11  181  174.6
 12    -
 13  00 50      7   94   98.4      4   48   52.8       11  142  151.2
 14  00 50      7   79   89.4      5   78   76.8       12  157  166.2
 15    -
 16    -
 17  00 15      6   32   55.2      7   42   67.2       13   74  122.4
 18  00 25      5   23   43.8     10   73  103.8       15   96  147.6
 19    -
 20  00 00      4   37   46.2     10   88  112.8       14  125  159.0
 20  23 45      4   35   45.0      9  109  119.4       13  144  164.4
 22  01 25      4   51   54.6      6   84   86.4       10  135  141.0
 22  23 50      5   65   69.0      7   88   94.8       12  153  163.8
 24  06 15      4   98   82.8      8   57   82.2       12  155  165.0
 25  00 05      5   76   75.6      6   32   55.2       11  108  130.8
 25  23 40      6  111  102.6      7   44   68.4       13  155  171.0
 27    -
 28  01 10      8   74   92.4      8   44   74.4       16  118  166.8
 29  00 00      6  138  118.8      8   49   77.4       14  187  196.2
 30  00 00      6  108  100.8      7   47   70.2       13  155  171.0
 31    -

 Monthly Mean            65.6               77.4                142.9

 --------------------------------------------------------------------

 June      1991     (k = 0.60)

 Date Time(UT)      North              South                Total
      h  m      g    f     R       g    f     R         g    f     R
  1    -
  2    -
  3    -
  4  00 50      9  117  124.2      6   58   70.8       15  175  195.0
  5  00 15      9  161  150.6      6   31   54.6       15  192  205.2
  6  04 10      8  119  119.4      3   33   37.8       11  152  157.2
  7  00 15      9  164  152.4      5   45   57.0       14  209  209.4
  8  00 15      9  249  203.4      7   89   95.4       16  338  298.8
  9  00 10     10  229  197.4     10  129  137.4       20  358  334.8
 10  05 15     10  114  128.4      5   88   82.8       15  202  211.2
 11  00 30     10  127  136.2     10  153  151.8       20  280  288.0
 12  00 20     10  103  121.8      8  152  139.2       18  255  261.0
 13  00 20      4   68   64.8      9  148  142.8       13  216  207.6
 14  00 30      4   42   49.2     10  106  123.6       14  148  172.8
 15    -
 16  04 30      3   57   52.2     13  102  139.2       16  159  191.4
 17    -
 17  23 35      3   59   53.4      9  129  131.4       12  188  184.8
 19    -
 20    -
 21    -
 22    -
 23    -
 24    -
 25  05 20      7   56   75.6      7   50   72.0       14  106  147.6
 26  00 20      5   67   70.2      6   63   73.8       11  130  144.0
 27  00 10      6   42   61.2      5   69   71.4       11  111  132.6
 28  00 15      5   76   75.6      8  103  109.8       13  179  185.4
 29  01 00      7   97  100.2      7   73   85.8       14  170  186.0
 30  03 00      5   49   59.4      8   60   84.0       13  109  143.4


 Monthly Mean           105.0               97.9                203.0

 --------------------------------------------------------------------

 July      1991     (k = 0.60)

 Date Time(UT)      North              South                Total
      h  m      g    f     R       g    f     R         g    f     R
  1    -
  2  05 10     12  147  160.2      5   48   58.8       17  195  219.0
  3  02 15     13  166  177.6      7   61   78.6       20  227  256.2
  3  23 55     13  240  222.0      7   64   80.4       20  304  302.4
  5  02 15     14  207  208.2      5   42   55.2       19  249  263.4
  6  05 20     15  214  218.4      6   49   65.4       21  263  283.8
  7  01 26      9   84  104.4      7   29   59.4       16  113  163.8
  8  00 15     13  164  176.4     12  100  132.0       25  264  308.4
  9  01 10     13   83  127.8      9   68   94.8       22  151  222.6
 10    -
 11  01 40      9   98  112.8      8  110  114.0       17  208  226.8
 12    -
 13    -
 14    -
 15  02 55      3   22   31.2      7  156  135.6       10  178  166.8
 16    -
 16  23 50      1    2    7.2      5  102   91.2        6  104   98.4
 18    -
 19  04 45      2    6   15.6      9   94  110.4       11  100  126.0
 20  05 25      2   26   27.6      8   96  105.6       10  122  133.2
 21  00 25      4   38   46.8      6   65   75.0       10  103  121.8
 22    -
 23  00 20      5  121  102.6      9  106  117.6       14  227  220.2
 24  00 20      4  117   94.2     11   94  122.4       15  211  216.6
 25  00 10      4  145  111.0     14  102  145.2       18  247  256.2
 26  00 20      5  122  103.2     12  104  134.4       17  226  237.6
 27    -
 28  00 30      5   59   65.4      8   24   62.4       13   83  127.8
 29  00 25      7  130  120.0      9   63   91.8       16  193  211.8
 30    -
 30  23 50      8  141  132.6      5   79   77.4       13  220  210.0

 Monthly Mean           112.6               95.6                208.2

 --------------------------------------------------------------------

 August    1991     (k = 0.60)

 Date Time(UT)      North              South                Total
      h  m      g    f     R       g    f     R         g    f     R
  1  00 00      8  100  108.0      4   57   58.2       12  157  166.2
  2  01 10      7   93   97.8      4   64   62.4       11  157  160.2
  3  04 45      5   98   88.8      8  126  123.6       13  224  212.4
  4    -
  5    -
  6    -
  7    -
  8  01 25      3   44   44.4      7   43   67.8       10   87  112.2
  9  01 30      5   38   52.8      7   24   56.4       12   62  109.2
 10    -
 11    -
 12  01 55      3   53   49.8      6   42   61.2        9   95  111.0
 13    -
 14  01 10      4   41   48.6     10   56   93.6       14   97  142.2
 15  00 25      4   25   39.0     11  104  128.4       15  129  167.4
 16  00 00      5   14   38.4     12  147  160.2       17  161  198.6
 17  00 00      8   28   64.8     12  269  233.4       20  297  298.2
 18  02 30      6   20   48.0     10  224  194.4       16  244  242.4
 19    -
 20    -
 21  00 55      9  108  118.8     14  330  282.0       23  438  400.8
 22  00 10     12  121  144.6     12  306  255.6       24  427  400.2
 23  02 35     14  126  159.6     11  248  214.8       25  374  374.4
 24    -
 25  00 57      9   51   84.6     10   57   94.2       19  108  178.8
 26  01 00     12   95  129.0      8   42   73.2       20  137  202.2
 27  00 45      9   88  106.8      8   41   72.6       17  129  179.4
 28  02 15      9   97  112.2      8   77   94.2       17  174  206.4
 29    -
 30  00 55      5  186  141.6      8  183  157.8       13  369  299.4
 31  02 45      4  143  109.8      8  168  148.8       12  311  258.6

 Monthly Mean            89.4              131.6                221.0

 --------------------------------------------------------------------

 September 1991     (k = 0.60)

 Date Time(UT)      North              South                Total
      h  m      g    f     R       g    f     R         g    f     R
  1  00 00      7   86   93.6      7  131  120.6       14  217  214.2
  2  00 30      5   64   68.4      7  136  123.6       12  200  192.0
  3  00 30      6   64   74.4      8  137  130.2       14  201  204.6
  4  00 30      2   53   43.8      7  120  114.0        9  173  157.8
  5  00 10      4   39   47.4      8  106  111.6       12  145  159.0
  6  00 05      2   20   24.0      8  125  123.0       10  145  147.0
  7  00 00      1    1    6.6      8   87  100.2        9   88  106.8
  8    -
  9    -
 10    -
 11    -
 12  00 25      3   47   46.2      8  130  126.0       11  177  172.2
 13    -
 14  05 00      4   44   50.4      6   63   73.8       10  107  124.2
 15    -
 16    -
 17    -
 18    -
 19    -
 20    -
 21    -
 22  01 55      4   28   40.8      4   29   41.4        8   57   82.2
 23  00 30      5   54   62.4      8   90  102.0       13  144  164.4
 24  04 40      8   78   94.8      7   96   99.6       15  174  194.4
 25  00 50      6   72   79.2      9   59   89.4       15  131  168.6
 26    -
 27    -
 28  00 25      2   12   19.2      5  114   98.4        7  126  117.6
 29    -
 30    -


 Monthly Mean            53.7              103.8                157.5

 --------------------------------------------------------------------

 October   1991     (k = 0.60)

 Date Time(UT)      North              South                Total
      h  m      g    f     R       g    f     R         g    f     R
  1    -
  2  00 52      4   61   60.6      5  278  196.8        9  339  257.4
  3  00 45      6   87   88.2      5  262  187.2       11  349  275.4
  4  00 50      5   80   78.0      7  253  193.8       12  333  271.8
  5    -
  6    -
  7    -
  8    -
  9    -
 10    -
 11    -
 12    -
 13    -
 14    -
 15  00 15      5   54   62.4      6   76   81.6       11  130  144.0
 16  00 15      5   49   59.4      5   75   75.0       10  124  134.4
 17    -
 17  23 50      2   55   45.0      4   43   49.8        6   98   94.8
 19  05 50      4   57   58.2      5   31   48.6        9   88  106.8
 20  04 20      4   56   57.6      5   22   43.2        9   78  100.8
 21  00 10      4   41   48.6      7   28   58.8       11   69  107.4
 22  00 55      6   50   66.0      4   37   46.2       10   87  112.2
 23  00 10      3   33   37.8      4   59   59.4        7   92   97.2
 24  00 15      5   62   67.2      6  129  113.4       11  191  180.6
 25    -
 26    -
 27    -
 28    -
 29  00 40      4   86   75.6      6  273  199.8       10  359  275.4
 30    -
 31    -

 Monthly Mean            61.9              104.1                166.0

 --------------------------------------------------------------------

 November  1991     (k = 0.60)

 Date Time(UT)      North              South                Total
      h  m      g    f     R       g    f     R         g    f     R
  1    -
  2  01 05      2  106   75.6      9  155  147.0       11  261  222.6
  3  00 50      3   61   54.6      9   98  112.8       12  159  167.4
  4  00 30      4   25   39.0      8   54   80.4       12   79  119.4
  5  00 37      4   16   33.6      6   88   88.8       10  104  122.4
  6  00 50      4   14   32.4      8  109  113.4       12  123  145.8
  7  01 05      2   26   27.6      8  133  127.8       10  159  155.4
  8    -
  9  00 45      4   64   62.4      8   90  102.0       12  154  164.4
 10  02 00      4   86   75.6      8   56   81.6       12  142  157.2
 11  00 35      5  113   97.8      4   32   43.2        9  145  141.0
 12  00 45      5  144  116.4      2   29   29.4        7  173  145.8
 13  00 30      4  130  102.0      4   44   50.4        8  174  152.4
 14    -
 15  00 20      4   58   58.8      3   68   58.8        7  126  117.6
 16  00 45      5   55   63.0      3   85   69.0        8  140  132.0
 17  02 30      3   13   25.8      3   36   39.6        6   49   65.4
 18  00 20      2    8   16.8      7   68   82.8        9   76   99.6
 19  00 15      2    5   15.0     11   80  114.0       13   85  129.0
 20  01 20      2    5   15.0      9   66   93.6       11   71  108.6
 21  00 57      4   18   34.8      8   65   87.0       12   83  121.8
 22    -
 23  01 25      3    8   22.8      7   30   60.0       10   38   82.8
 24  01 05      2    4   14.4      9   32   73.2       11   36   87.6
 25  01 05      3    8   22.8     12   84  122.4       15   92  145.2
 26  03 55      3    4   20.4      8   61   84.6       11   65  105.0
 27    -
 28    -
 29  00 10      2   28   28.8     10   63   97.8       12   91  126.6
 30  01 50      3   25   33.0      6   66   75.6        9   91  108.6


 Monthly Mean            45.3               84.8                130.1

 --------------------------------------------------------------------

 December  1991     (k = 0.60)

 Date Time(UT)      North              South                Total
      h  m      g    f     R       g    f     R         g    f     R
  1  01 12      4   15   33.0      6   86   87.6       10  101  120.6
  2  01 00      3   15   27.0      7   84   92.4       10   99  119.4
  3  01 00      5   22   43.2      6   73   79.8       11   95  123.0
  4  00 40      5   58   64.8      6   67   76.2       11  125  141.0
  5  04 40      3   76   63.6      8   93  103.8       11  169  167.4
  6  00 25      5   87   82.2      6   90   90.0       11  177  172.2
  7  00 10      6  154  128.4      4   98   82.8       10  252  211.2
  8    -
  9  00 30      4  101   84.6      7  113  109.8       11  214  194.4
 10  00 45      5  101   90.6      8  119  119.4       13  220  210.0
 11  01 05      6   77   82.2      8  119  119.4       14  196  201.6
 12    -
 13  00 25      3   68   58.8      6  107  100.2        9  175  159.0
 14  00 25      3   97   76.2      9  116  123.6       12  213  199.8
 15  00 50      2   44   38.4      9   61   90.6       11  105  129.0
 16  00 25      2   92   67.2     10  138  142.8       12  230  210.0
 17  00 15      3   65   57.0      9  168  154.8       12  233  211.8
 18  01 00      4   35   45.0      8  159  143.4       12  194  188.4
 19  03 30      3   18   28.8     11   91  120.6       14  109  149.4
 20  00 15      2    3   13.8     10   85  111.0       12   88  124.8
 21  00 20      0    0    0.0     11   80  114.0       11   80  114.0
 22  00 22      0    0    0.0     11  103  127.8       11  103  127.8
 23  01 25      1    3    7.8      8  106  111.6        9  109  119.4
 24  04 20      0    0    0.0      9  164  152.4        9  164  152.4
 25    -
 26    -
 27    -
 28    -
 29  01 20      0    0    0.0      9  149  143.4        9  149  143.4
 30  01 20      0    0    0.0      7  133  121.8        7  133  121.8
 31  01 40      0    0    0.0      9  171  156.6        9  171  156.6

 Monthly Mean            43.7              115.0                158.7

 --------------------------------------------------------------------

