 January   1944     (k = 0.60)

 Date Time(UT)      North              South                Total
      h  m      g    f     R       g    f     R         g    f     R
  1    -
  2  00 40      0    0    0.0      0    0    0.0        0    0    0.0
  3  02 15      0    0    0.0      0    0    0.0        0    0    0.0
  4    -
  5  00 25      0    0    0.0      0    0    0.0        0    0    0.0
  6  00 25      0    0    0.0      0    0    0.0        0    0    0.0
  7  00 25      0    0    0.0      0    0    0.0        0    0    0.0
  8  00 25      0    0    0.0      0    0    0.0        0    0    0.0
  9    -
 10  02 15      0    0    0.0      0    0    0.0        0    0    0.0
 11  00 35      0    0    0.0      0    0    0.0        0    0    0.0
 12  00 40      0    0    0.0      0    0    0.0        0    0    0.0
 13  00 40      0    0    0.0      0    0    0.0        0    0    0.0
 14  00 35      0    0    0.0      0    0    0.0        0    0    0.0
 15  04 25      0    0    0.0      0    0    0.0        0    0    0.0
 16  00 40      0    0    0.0      0    0    0.0        0    0    0.0
 17  02 00      0    0    0.0      0    0    0.0        0    0    0.0
 18  00 15      0    0    0.0      0    0    0.0        0    0    0.0
 19  01 10      0    0    0.0      0    0    0.0        0    0    0.0
 20  00 40      0    0    0.0      0    0    0.0        0    0    0.0
 21  01 35      0    0    0.0      0    0    0.0        0    0    0.0
 22    -
 23  01 30      1    1    6.6      0    0    0.0        1    1    6.6
 24  05 50      1    2    7.2      0    0    0.0        1    2    7.2
 25    -
 26    -
 27    -
 28  05 20      1    7   10.2      0    0    0.0        1    7   10.2
 29    -
 30    -
 31  01 25      1    3    7.8      0    0    0.0        1    3    7.8

 Monthly Mean             1.4                0.0                  1.4

 --------------------------------------------------------------------

 February  1944     (k = 0.60)

 Date Time(UT)      North              South                Total
      h  m      g    f     R       g    f     R         g    f     R
  1  01 10      1    1    6.6      0    0    0.0        1    1    6.6
  2  00 45      1    1    6.6      0    0    0.0        1    1    6.6
  3    -
  4    -
  5    -
  6  01 05      0    0    0.0      0    0    0.0        0    0    0.0
  7  01 30      0    0    0.0      0    0    0.0        0    0    0.0
  8  01 46      0    0    0.0      0    0    0.0        0    0    0.0
  9  01 05      0    0    0.0      0    0    0.0        0    0    0.0
 10  02 17      0    0    0.0      0    0    0.0        0    0    0.0
 11  01 44      0    0    0.0      0    0    0.0        0    0    0.0
 12  02 25      0    0    0.0      0    0    0.0        0    0    0.0
 13    -
 14  00 55      0    0    0.0      0    0    0.0        0    0    0.0
 15  04 55      0    0    0.0      0    0    0.0        0    0    0.0
 16  01 37      0    0    0.0      1    2    7.2        1    2    7.2
 17  00 15      0    0    0.0      0    0    0.0        0    0    0.0
 18    -
 19  00 50      0    0    0.0      0    0    0.0        0    0    0.0
 20  00 50      0    0    0.0      0    0    0.0        0    0    0.0
 21  00 20      0    0    0.0      0    0    0.0        0    0    0.0
 22  02 05      0    0    0.0      0    0    0.0        0    0    0.0
 23    -
 24    -
 25  01 50      0    0    0.0      0    0    0.0        0    0    0.0
 26  01 05      0    0    0.0      0    0    0.0        0    0    0.0
 27  00 45      0    0    0.0      0    0    0.0        0    0    0.0
 28  01 00      0    0    0.0      0    0    0.0        0    0    0.0
 29  00 35      0    0    0.0      0    0    0.0        0    0    0.0



 Monthly Mean             0.6                0.3                  0.9

 --------------------------------------------------------------------

 March     1944     (k = 0.60)

 Date Time(UT)      North              South                Total
      h  m      g    f     R       g    f     R         g    f     R
  1  00 40      0    0    0.0      0    0    0.0        0    0    0.0
  2  00 50      0    0    0.0      1    2    7.2        1    2    7.2
  3  00 45      0    0    0.0      1    2    7.2        1    2    7.2
  4    -
  5    -
  6  07 35      0    0    0.0      0    0    0.0        0    0    0.0
  7    -
  8  00 35      0    0    0.0      0    0    0.0        0    0    0.0
  9  00 05      0    0    0.0      0    0    0.0        0    0    0.0
 10    -
 11  01 13      0    0    0.0      0    0    0.0        0    0    0.0
 12  03 20      0    0    0.0      0    0    0.0        0    0    0.0
 13  01 00      0    0    0.0      0    0    0.0        0    0    0.0
 14    -
 15  00 40      0    0    0.0      0    0    0.0        0    0    0.0
 16  04 45      0    0    0.0      0    0    0.0        0    0    0.0
 17  02 20      0    0    0.0      1    6    9.6        1    6    9.6
 18    -
 19  00 50      0    0    0.0      2   29   29.4        2   29   29.4
 20    -
 21  00 48      0    0    0.0      2   19   23.4        2   19   23.4
 22  01 05      0    0    0.0      2   19   23.4        2   19   23.4
 23  01 48      1    5    9.0      2   20   24.0        3   25   33.0
 24  00 52      1    4    8.4      1   11   12.6        2   15   21.0
 25  00 20      0    0    0.0      1   10   12.0        1   10   12.0
 26  00 40      0    0    0.0      1   10   12.0        1   10   12.0
 27  01 07      0    0    0.0      1   10   12.0        1   10   12.0
 28    -
 29  01 10      0    0    0.0      1    8   10.8        1    8   10.8
 30  05 05      0    0    0.0      2    6   15.6        2    6   15.6
 31  00 45      0    0    0.0      1    3    7.8        1    3    7.8

 Monthly Mean             0.8                9.0                  9.8

 --------------------------------------------------------------------

 April     1944     (k = 0.60)

 Date Time(UT)      North              South                Total
      h  m      g    f     R       g    f     R         g    f     R
  1  00 00      0    0    0.0      0    0    0.0        0    0    0.0
  2    -
  3  00 45      0    0    0.0      0    0    0.0        0    0    0.0
  3  23 40      0    0    0.0      0    0    0.0        0    0    0.0
  5  04 40      0    0    0.0      0    0    0.0        0    0    0.0
  6  00 18      0    0    0.0      0    0    0.0        0    0    0.0
  7    -
  8    -
  9    -
 10    -
 11  06 30      0    0    0.0      0    0    0.0        0    0    0.0
 12  00 22      0    0    0.0      0    0    0.0        0    0    0.0
 13    -
 14  00 17      0    0    0.0      0    0    0.0        0    0    0.0
 15  02 00      0    0    0.0      0    0    0.0        0    0    0.0
 16  00 10      0    0    0.0      0    0    0.0        0    0    0.0
 17  00 30      0    0    0.0      0    0    0.0        0    0    0.0
 18    -
 19    -
 20  00 16      0    0    0.0      0    0    0.0        0    0    0.0
 21  00 50      0    0    0.0      0    0    0.0        0    0    0.0
 22    -
 22  23 48      0    0    0.0      0    0    0.0        0    0    0.0
 24  00 10      0    0    0.0      0    0    0.0        0    0    0.0
 25    -
 26  05 55      0    0    0.0      0    0    0.0        0    0    0.0
 27  00 30      0    0    0.0      0    0    0.0        0    0    0.0
 28    -
 29  00 05      0    0    0.0      0    0    0.0        0    0    0.0
 30  00 00      0    0    0.0      0    0    0.0        0    0    0.0


 Monthly Mean             0.0                0.0                  0.0

 --------------------------------------------------------------------

 May       1944     (k = 0.60)

 Date Time(UT)      North              South                Total
      h  m      g    f     R       g    f     R         g    f     R
  1  00 50      0    0    0.0      0    0    0.0        0    0    0.0
  2  00 24      0    0    0.0      0    0    0.0        0    0    0.0
  3  00 50      0    0    0.0      0    0    0.0        0    0    0.0
  4  05 50      0    0    0.0      0    0    0.0        0    0    0.0
  5    -
  6  00 23      0    0    0.0      0    0    0.0        0    0    0.0
  7    -
  8  00 30      0    0    0.0      0    0    0.0        0    0    0.0
  9  02 20      0    0    0.0      0    0    0.0        0    0    0.0
 10    -
 11    -
 12    -
 13  00 12      0    0    0.0      0    0    0.0        0    0    0.0
 13  23 50      0    0    0.0      0    0    0.0        0    0    0.0
 15  00 00      0    0    0.0      0    0    0.0        0    0    0.0
 16    -
 17    -
 18    -
 19    -
 20    -
 21    -
 22  00 14      0    0    0.0      0    0    0.0        0    0    0.0
 22  23 50      0    0    0.0      0    0    0.0        0    0    0.0
 23  23 50      0    0    0.0      0    0    0.0        0    0    0.0
 25    -
 26    -
 27    -
 28  00 20      0    0    0.0      0    0    0.0        0    0    0.0
 29  02 30      0    0    0.0      1   10   12.0        1   10   12.0
 30    -
 31  00 45      0    0    0.0      1   14   14.4        1   14   14.4

 Monthly Mean             0.0                1.7                  1.7

 --------------------------------------------------------------------

 June      1944     (k = 0.60)

 Date Time(UT)      North              South                Total
      h  m      g    f     R       g    f     R         g    f     R
  1  01 20      0    0    0.0      1    8   10.8        1    8   10.8
  2  00 10      0    0    0.0      1    5    9.0        1    5    9.0
  3  00 30      0    0    0.0      0    0    0.0        0    0    0.0
  4    -
  5  00 30      0    0    0.0      0    0    0.0        0    0    0.0
  6  01 00      0    0    0.0      0    0    0.0        0    0    0.0
  7  00 20      0    0    0.0      0    0    0.0        0    0    0.0
  8  00 45      0    0    0.0      0    0    0.0        0    0    0.0
  9  01 40      0    0    0.0      0    0    0.0        0    0    0.0
 10  00 00      0    0    0.0      1    3    7.8        1    3    7.8
 11    -
 12    -
 13    -
 14    -
 15    -
 16  02 55      0    0    0.0      0    0    0.0        0    0    0.0
 17    -
 18    -
 19    -
 20    -
 21  01 05      1    2    7.2      0    0    0.0        1    2    7.2
 21  21 13      1    2    7.2      0    0    0.0        1    2    7.2
 22  23 31      1    2    7.2      0    0    0.0        1    2    7.2
 23  23 17      1    3    7.8      0    0    0.0        1    3    7.8
 25  05 44      1    2    7.2      0    0    0.0        1    2    7.2
 26    -
 26  23 11      1    2    7.2      0    0    0.0        1    2    7.2
 27  23 31      0    0    0.0      1    1    6.6        1    1    6.6
 29  00 52      0    0    0.0      0    0    0.0        0    0    0.0
 30  00 40      0    0    0.0      0    0    0.0        0    0    0.0


 Monthly Mean             2.3                1.8                  4.1

 --------------------------------------------------------------------

 July      1944     (k = 0.60)

 Date Time(UT)      North              South                Total
      h  m      g    f     R       g    f     R         g    f     R
  1                                                     0    0    0.0
  2                                                       -
  3                                                     1    6    9.6
  4                                                       -
  5                                                       -
  6                                                     1    1    6.6
  7                                                     0    0    0.0
  8                                                     0    0    0.0
  9                                                     0    0    0.0
 10                                                     0    0    0.0
 11                                                     0    0    0.0
 12                                                     0    0    0.0
 13                                                     0    0    0.0
 14                                                     0    0    0.0
 15                                                     0    0    0.0
 16                                                     0    0    0.0
 17                                                     0    0    0.0
 18                                                     0    0    0.0
 19                                                     0    0    0.0
 20                                                       -
 21                                                       -
 22                                                     0    0    0.0
 23                                                     1    2    7.2
 24                                                     1    2    7.2
 25                                                     0    0    0.0
 26                                                     0    0    0.0
 27                                                     0    0    0.0
 28                                                     1    5    9.0
 29                                                     1    8   10.8
 30                                                       -
 31                                                     0    0    0.0

 Monthly Mean                                                     2.0

 --------------------------------------------------------------------

 August    1944     (k = 0.60)

 Date Time(UT)      North              South                Total
      h  m      g    f     R       g    f     R         g    f     R
  1                                                     0    0    0.0
  2                                                     0    0    0.0
  3                                                     0    0    0.0
  4                                                     0    0    0.0
  5                                                     0    0    0.0
  6                                                     2    9   17.4
  7                                                       -
  8                                                     2   12   19.2
  9                                                     2   28   28.8
 10                                                     2   23   25.8
 11                                                     2   19   23.4
 12                                                     1   11   12.6
 13                                                     1   11   12.6
 14                                                     3   12   25.2
 15                                                     1    2    7.2
 16                                                     0    0    0.0
 17                                                     2   27   28.2
 18                                                     3   30   36.0
 19                                                     3   20   30.0
 20                                                     2   10   18.0
 21                                                     1    4    8.4
 22                                                     0    0    0.0
 23                                                     1    2    7.2
 24                                                     1    1    6.6
 25                                                     1   11   12.6
 26                                                       -
 27                                                     1   11   12.6
 28                                                     2   15   21.0
 29                                                     2   22   25.2
 30                                                     2   14   20.4
 31                                                     1    1    6.6

 Monthly Mean                                                    14.0

 --------------------------------------------------------------------

 September 1944     (k = 0.60)

 Date Time(UT)      North              South                Total
      h  m      g    f     R       g    f     R         g    f     R
  1                                                     0    0    0.0
  2                                                     2    8   16.8
  3                                                     1    8   10.8
  4                                                     0    0    0.0
  5                                                     0    0    0.0
  6                                                     0    0    0.0
  7                                                       -
  8                                                       -
  9                                                     0    0    0.0
 10                                                     1    4    8.4
 11                                                     1    4    8.4
 12                                                     1   12   13.2
 13                                                     1   27   22.2
 14                                                       -
 15                                                       -
 16                                                       -
 17                                                     1    7   10.2
 18                                                     1    6    9.6
 19                                                     1    6    9.6
 20                                                     1    4    8.4
 21                                                     2   11   18.6
 22                                                     1   15   15.0
 23                                                       -
 24                                                     1   22   19.2
 25                                                       -
 26                                                       -
 27                                                     1   15   15.0
 28                                                     1    7   10.2
 29                                                     1    5    9.0
 30                                                     2   15   21.0


 Monthly Mean                                                    10.3

 --------------------------------------------------------------------

 October   1944     (k = 0.60)

 Date Time(UT)      North              South                Total
      h  m      g    f     R       g    f     R         g    f     R
  1                                                       -
  2                                                       -
  3                                                     3   24   32.4
  4                                                       -
  5                                                       -
  6                                                       -
  7                                                       -
  8                                                     2    3   13.8
  9                                                     2    7   16.2
 10                                                     2    8   16.8
 11                                                     2    3   13.8
 12                                                       -
 13                                                     0    0    0.0
 14                                                     0    0    0.0
 15                                                     1    1    6.6
 16                                                     2   15   21.0
 17                                                       -
 18                                                     2   12   19.2
 19                                                     1    4    8.4
 20                                                     1   13   13.8
 21                                                     1   14   14.4
 22                                                     1   13   13.8
 23                                                     1   10   12.0
 24                                                     1    5    9.0
 25                                                     1    4    8.4
 26                                                     1    2    7.2
 27                                                       -
 28                                                     2    2   13.2
 29                                                     2    2   13.2
 30                                                       -
 31                                                     2    7   16.2

 Monthly Mean                                                    12.8

 --------------------------------------------------------------------

 November  1944     (k = 0.60)

 Date Time(UT)      North              South                Total
      h  m      g    f     R       g    f     R         g    f     R
  1                                                     2    7   16.2
  2                                                     1    9   11.4
  3                                                       -
  4                                                     1    9   11.4
  5                                                     1    3    7.8
  6                                                     1    1    6.6
  7                                                     0    0    0.0
  8                                                       -
  9                                                     0    0    0.0
 10                                                     0    0    0.0
 11                                                       -
 12                                                       -
 13                                                     1    1    6.6
 14                                                     1    1    6.6
 15                                                     0    0    0.0
 16                                                       -
 17                                                     2    3   13.8
 18                                                       -
 19                                                     1    5    9.0
 20                                                     1    5    9.0
 21                                                     1    5    9.0
 22                                                     1    4    8.4
 23                                                     2   13   19.8
 24                                                     2    7   16.2
 25                                                     2    8   16.8
 26                                                     2    5   15.0
 27                                                       -
 28                                                     2    7   16.2
 29                                                     1   13   13.8
 30                                                       -


 Monthly Mean                                                     9.7

 --------------------------------------------------------------------

 December  1944     (k = 0.60)

 Date Time(UT)      North              South                Total
      h  m      g    f     R       g    f     R         g    f     R
  1                                                       -
  2                                                     0    0    0.0
  3                                                     0    0    0.0
  4                                                     0    0    0.0
  5                                                     1    1    6.6
  6                                                     2    4   14.4
  7                                                     1    4    8.4
  8                                                     1    2    7.2
  9                                                     2   11   18.6
 10                                                     2   18   22.8
 11                                                     3   32   37.2
 12                                                     2   24   26.4
 13                                                     2   28   28.8
 14                                                     3   29   35.4
 15                                                     2   32   31.2
 16                                                     2   33   31.8
 17                                                     2   23   25.8
 18                                                     3   24   32.4
 19                                                     4   28   40.8
 20                                                     4   22   37.2
 21                                                     5   18   40.8
 22                                                     5   17   40.2
 23                                                     4   18   34.8
 24                                                     4   25   39.0
 25                                                       -
 26                                                     3   25   33.0
 27                                                     2   17   22.2
 28                                                     3   13   25.8
 29                                                     2    5   15.0
 30                                                     1    2    7.2
 31                                                       -

 Monthly Mean                                                    23.7

 --------------------------------------------------------------------

