 January   1988     (k = 0.60)

 Date Time(UT)      North              South                Total
      h  m      g    f     R       g    f     R         g    f     R
  1  00 15      0    0    0.0      4   29   41.4        4   29   41.4
  2  01 00      0    0    0.0      3   23   31.8        3   23   31.8
  3    -
  3  23 55      1    2    7.2      2   13   19.8        3   15   27.0
  5    -
  6  00 15      2    5   15.0      2   10   18.0        4   15   33.0
  7    -
  8  01 40      1   16   15.6      2   24   26.4        3   40   42.0
  9  01 25      1   14   14.4      3   20   30.0        4   34   44.4
 10  00 35      2   18   22.8      3   14   26.4        5   32   49.2
 11  00 30      2   21   24.6      4   16   33.6        6   37   58.2
 12  00 10      2   28   28.8      4   10   30.0        6   38   58.8
 13  00 05      3   28   34.8      4   17   34.2        7   45   69.0
 14  00 00      3   20   30.0      3   20   30.0        6   40   60.0
 15  00 35      3   10   24.0      4   24   38.4        7   34   62.4
 16  00 10      2    7   16.2      4   47   52.2        6   54   68.4
 17    -
 18  00 15      0    0    0.0      5   44   56.4        5   44   56.4
 19  00 05      0    0    0.0      4   56   57.6        4   56   57.6
 20  00 10      1    1    6.6      4   59   59.4        5   60   66.0
 21    -
 22  01 00      0    0    0.0      4   52   55.2        4   52   55.2
 23  01 00      0    0    0.0      4   27   40.2        4   27   40.2
 24  00 26      0    0    0.0      4   20   36.0        4   20   36.0
 25  00 20      0    0    0.0      3   11   24.6        3   11   24.6
 26  00 05      0    0    0.0      4   13   31.8        4   13   31.8
 27  00 05      1   14   14.4      4   14   32.4        5   28   46.8
 28  06 05      2   16   21.6      4   12   31.2        6   28   52.8
 29  00 15      3   18   28.8      3   12   25.2        6   30   54.0
 30  01 45      3   11   24.6      3    4   20.4        6   15   45.0
 31  00 10      3   17   28.2      2    2   13.2        5   19   41.4

 Monthly Mean            13.8               34.5                 48.2

 --------------------------------------------------------------------

 February  1988     (k = 0.60)

 Date Time(UT)      North              South                Total
      h  m      g    f     R       g    f     R         g    f     R
  1  00 15      4   30   42.0      2    2   13.2        6   32   55.2
  2  00 10      5   28   46.8      1    2    7.2        6   30   54.0
  3  00 10      4   23   37.8      1    1    6.6        5   24   44.4
  4  00 10      4   22   37.2      1    2    7.2        5   24   44.4
  5  00 10      4   25   39.0      2    3   13.8        6   28   52.8
  6    -
  7  01 57      3   11   24.6      0    0    0.0        3   11   24.6
  8  00 15      3   17   28.2      0    0    0.0        3   17   28.2
  9  00 20      3   17   28.2      3    3   19.8        6   20   48.0
 10  00 05      3   12   25.2      1    3    7.8        4   15   33.0
 11  00 30      2    3   13.8      1    2    7.2        3    5   21.0
 12  03 35      0    0    0.0      1    1    6.6        1    1    6.6
 13  00 10      1    2    7.2      1    2    7.2        2    4   14.4
 14  00 33      1    2    7.2      2    3   13.8        3    5   21.0
 15  00 15      3    6   21.6      2    4   14.4        5   10   36.0
 16  00 35      3    7   22.2      2    4   14.4        5   11   36.6
 17  00 40      2    9   17.4      1    3    7.8        3   12   25.2
 18  00 30      2   14   20.4      1    5    9.0        3   19   29.4
 19  00 10      3    9   23.4      3   30   36.0        6   39   59.4
 20  00 15      3    7   22.2      3   11   24.6        6   18   46.8
 21  00 36      3    7   22.2      0    0    0.0        3    7   22.2
 22  00 40      3    9   23.4      0    0    0.0        3    9   23.4
 23  02 00      1    3    7.8      0    0    0.0        1    3    7.8
 24  06 35      1    2    7.2      3    5   21.0        4    7   28.2
 25    -
 26    -
 27    -
 28  04 10      3   16   27.6      1    3    7.8        4   19   35.4
 29  00 10      3   12   25.2      1   10   12.0        4   22   37.2



 Monthly Mean            23.1               10.3                 33.4

 --------------------------------------------------------------------

 March     1988     (k = 0.60)

 Date Time(UT)      North              South                Total
      h  m      g    f     R       g    f     R         g    f     R
  1    -
  2    -
  3  02 10      3   26   33.6      3   13   25.8        6   39   59.4
  4  00 10      3   34   38.4      3   15   27.0        6   49   65.4
  5  00 15      3   42   43.2      1    5    9.0        4   47   52.2
  6  00 45      2   47   40.2      1   15   15.0        3   62   55.2
  7  00 15      3   31   36.6      1   11   12.6        4   42   49.2
  8  00 10      3   40   42.0      1    9   11.4        4   49   53.4
  9  00 25      3   27   34.2      1    3    7.8        4   30   42.0
 10  00 30      3   23   31.8      1    1    6.6        4   24   38.4
 11  00 10      1   19   17.4      0    0    0.0        1   19   17.4
 12  00 35      2    8   16.8      2    6   15.6        4   14   32.4
 13  01 42      1    3    7.8      3   31   36.6        4   34   44.4
 14  00 10      2    6   15.6      2   38   34.8        4   44   50.4
 15    -
 16  00 10      2    8   16.8      3   43   43.8        5   51   60.6
 17    -
 18  06 15      1   14   14.4      4   65   63.0        5   79   77.4
 19  00 10      3   27   34.2      3   82   67.2        6  109  101.4
 20    -
 21    -
 22    -
 23  00 10      2   32   31.2      3   28   34.8        5   60   66.0
 24  00 10      2   18   22.8      2   20   24.0        4   38   46.8
 25    -
 26    -
 27  00 45      3   45   45.0      2   19   23.4        5   64   68.4
 28  00 15      6   72   79.2      3   38   40.8        9  110  120.0
 29    -
 30    -
 31    -

 Monthly Mean            31.6               26.3                 57.9

 --------------------------------------------------------------------

 April     1988     (k = 0.60)

 Date Time(UT)      North              South                Total
      h  m      g    f     R       g    f     R         g    f     R
  1  00 10      2   86   63.6      5   47   58.2        7  133  121.8
  2    -
  3  01 00      2   34   32.4      3   22   31.2        5   56   63.6
  4  00 25      3   36   39.6      2   32   31.2        5   68   70.8
  5  00 25      4   20   36.0      2   24   26.4        6   44   62.4
  6  00 10      3   17   28.2      4   11   30.6        7   28   58.8
  7    -
  8    -
  9  00 10      5   53   61.8      6   17   46.2       11   70  108.0
 10  00 00      4   41   48.6      4   18   34.8        8   59   83.4
 11  00 15      4   66   63.6      4   18   34.8        8   84   98.4
 12  00 05      5   50   60.0      5   19   41.4       10   69  101.4
 13    -
 14  00 05      6   55   69.0      6   44   62.4       12   99  131.4
 15  00 05      6   79   83.4      5   44   56.4       11  123  139.8
 16  00 20      5   86   81.6      7   65   81.0       12  151  162.6
 17  01 45      4   49   53.4      4   21   36.6        8   70   90.0
 18  00 35      4   93   79.8      6   24   50.4       10  117  130.2
 19  00 30      4   76   69.6      4    9   29.4        8   85   99.0
 20  00 05      3   87   70.2      2    4   14.4        5   91   84.6
 21  00 05      3   72   61.2      2   10   18.0        5   82   79.2
 22  00 40      3   51   48.6      2    7   16.2        5   58   64.8
 23  00 10      3   23   31.8      3    7   22.2        6   30   54.0
 24  03 00      2    6   15.6      1    2    7.2        3    8   22.8
 25  00 15      2    4   14.4      3   16   27.6        5   20   42.0
 26  00 05      0    0    0.0      4   30   42.0        4   30   42.0
 27  01 45      0    0    0.0      2   21   24.6        2   21   24.6
 28  00 10      0    0    0.0      4   29   41.4        4   29   41.4
 29    -
 30  00 15      0    0    0.0      4   56   57.6        4   56   57.6


 Monthly Mean            44.5               36.9                 81.4

 --------------------------------------------------------------------

 May       1988     (k = 0.60)

 Date Time(UT)      North              South                Total
      h  m      g    f     R       g    f     R         g    f     R
  1  00 10      1    3    7.8      5   43   55.8        6   46   63.6
  2  01 25      2   11   18.6      5   41   54.6        7   52   73.2
  3  01 20      2    9   17.4      4   39   47.4        6   48   64.8
  4  01 09      4    7   28.2      4   37   46.2        8   44   74.4
  5  00 00      3   13   25.8      5   44   56.4        8   57   82.2
  6  00 05      3   14   26.4      4   16   33.6        7   30   60.0
  7  01 00      3   11   24.6      1    4    8.4        4   15   33.0
  8  01 00      3   17   28.2      1    3    7.8        4   20   36.0
  9  00 20      3   18   28.8      2   24   26.4        5   42   55.2
 10  06 30      4   14   32.4      4   38   46.8        8   52   79.2
 11  00 00      4    9   29.4      5   39   53.4        9   48   82.8
 12    -
 13  00 25      3    8   22.8      1   16   15.6        4   24   38.4
 14  00 50      2    6   15.6      1   12   13.2        3   18   28.8
 15    -
 16  01 50      2   11   18.6      3   34   38.4        5   45   57.0
 17  00 10      2    7   16.2      3   31   36.6        5   38   52.8
 18  00 05      2    6   15.6      3   20   30.0        5   26   45.6
 19  00 10      2    2   13.2      1   10   12.0        3   12   25.2
 20  00 15      1    2    7.2      2    8   16.8        3   10   24.0
 21    -
 22    -
 23    -
 24  00 05      0    0    0.0      3   34   38.4        3   34   38.4
 25    -
 26  00 05      1    3    7.8      3   88   70.8        4   91   78.6
 27    -
 28  07 15      1   11   12.6      3   70   60.0        4   81   72.6
 29  00 12      0    0    0.0      2   74   56.4        2   74   56.4
 30  00 15      4   11   30.6      2   93   67.8        6  104   98.4
 31  00 05      5   23   43.8      1   46   33.6        6   69   77.4

 Monthly Mean            19.6               38.6                 58.2

 --------------------------------------------------------------------

 June      1988     (k = 0.60)

 Date Time(UT)      North              South                Total
      h  m      g    f     R       g    f     R         g    f     R
  1  00 05      5   36   51.6      2   27   28.2        7   63   79.8
  2    -
  3    -
  4  02 40      6   69   77.4      2   26   27.6        8   95  105.0
  5  00 32      6   55   69.0      2   24   26.4        8   79   95.4
  6  00 15      7   74   86.4      3   50   48.0       10  124  134.4
  7  00 05      7   56   75.6      4   61   60.6       11  117  136.2
  8  00 05      7   76   87.6      5   98   88.8       12  174  176.4
  9    -
 10  04 20      6   38   58.8      3   83   67.8        9  121  126.6
 10  23 45      6   31   54.6      2   66   51.6        8   97  106.2
 12    -
 13  00 20      2   27   28.2      2   43   37.8        4   70   66.0
 14  00 05      2   23   25.8      2   21   24.6        4   44   50.4
 15  00 05      3   28   34.8      5   22   43.2        8   50   78.0
 16  00 25      3   36   39.6      4   15   33.0        7   51   72.6
 17  00 10      5   43   55.8      4   17   34.2        9   60   90.0
 18  01 10      4   27   40.2      1   11   12.6        5   38   52.8
 19  03 00      3   17   28.2      2   20   24.0        5   37   52.2
 20  00 15      4   10   30.0      3   34   38.4        7   44   68.4
 21    -
 22  00 45      3   22   31.2      4   79   71.4        7  101  102.6
 23  00 05      3   13   25.8      5   67   70.2        8   80   96.0
 24    -
 25    -
 26    -
 27    -
 28  00 00      4   26   39.6      4   82   73.2        8  108  112.8
 29  03 40      2   34   32.4      3   72   61.2        5  106   93.6
 30    -


 Monthly Mean            48.6               46.1                 94.8

 --------------------------------------------------------------------

 July      1988     (k = 0.60)

 Date Time(UT)      North              South                Total
      h  m      g    f     R       g    f     R         g    f     R
  1  00 00      3   53   49.8      2  108   76.8        5  161  126.6
  1  23 35      5   85   81.0      2  102   73.2        7  187  154.2
  3    -
  4  01 00      3   67   58.2      1   87   58.2        4  154  116.4
  5    -
  6  03 20      4   39   47.4      2   53   43.8        6   92   91.2
  7  00 10      5   40   54.0      3   38   40.8        8   78   94.8
  8  00 10      6   44   62.4      4   22   37.2       10   66   99.6
  9  01 22      5   65   69.0      1    1    6.6        6   66   75.6
 10    -
 11    -
 12  00 10      5   87   82.2      2    8   16.8        7   95   99.0
 13    -
 14    -
 15    -
 16    -
 17    -
 18    -
 19  00 10      1    1    6.6      6  121  108.6        7  122  115.2
 20    -
 21    -
 22    -
 23    -
 24    -
 25  05 00      5   21   42.6      2   10   18.0        7   31   60.6
 26  03 15      3   11   24.6      3   20   30.0        6   31   54.6
 27    -
 28    -
 29  03 55      6   61   72.6      1   47   34.2        7  108  106.8
 30  00 05      5  116   99.6      1   81   54.6        6  197  154.2
 31  00 25      5  132  109.2      2   60   48.0        7  192  157.2

 Monthly Mean            61.4               46.2                107.6

 --------------------------------------------------------------------

 August    1988     (k = 0.60)

 Date Time(UT)      North              South                Total
      h  m      g    f     R       g    f     R         g    f     R
  1  00 20      6  164  134.4      3   50   48.0        9  214  182.4
  2    -
  3    -
  4  00 15      7  139  125.4      3    9   23.4       10  148  148.8
  5  00 10      7  102  103.2      2   10   18.0        9  112  121.2
  6  00 15      6   90   90.0      2   24   26.4        8  114  116.4
  7  05 10      7  113  109.8      2   76   57.6        9  189  167.4
  8  00 15      6   88   88.8      4   66   63.6       10  154  152.4
  9  00 30      7  119  113.4      3   47   46.2       10  166  159.6
 10  00 10      7  125  117.0      3   28   34.8       10  153  151.8
 11  02 25      5  108   94.8      3   23   31.8        8  131  126.6
 12  03 15      5  109   95.4      3   14   26.4        8  123  121.8
 13  00 10      4   79   71.4      3    7   22.2        7   86   93.6
 14  01 10      5   67   70.2      2   11   18.6        7   78   88.8
 15  00 55      7   80   90.0      4   16   33.6       11   96  123.6
 16    -
 17    -
 18  00 35      3   15   27.0      1    8   10.8        4   23   37.8
 19  02 30      5   16   39.6      1    2    7.2        6   18   46.8
 20  01 50      3    6   21.6      3    8   22.8        6   14   44.4
 21  01 20      3    5   21.0      2    6   15.6        5   11   36.6
 22  00 15      3    7   22.2      2    3   13.8        5   10   36.0
 23  00 20      2    5   15.0      0    0    0.0        2    5   15.0
 24  00 05      5   30   48.0      1    5    9.0        6   35   57.0
 25  01 45      6   50   66.0      2    5   15.0        8   55   81.0
 26  00 20      7   51   72.6      3   13   25.8       10   64   98.4
 27  00 20      6   46   63.6      5   16   39.6       11   62  103.2
 28  01 25      7   62   79.2      5   48   58.8       12  110  138.0
 29  02 50     10   78  106.8      5   84   80.4       15  162  187.2
 30  00 10      8   58   82.8      5   90   84.0       13  148  166.8
 31  00 30      6   67   76.2      8   95  105.0       14  162  181.2

 Monthly Mean            75.8               34.8                110.5

 --------------------------------------------------------------------

 September 1988     (k = 0.60)

 Date Time(UT)      North              South                Total
      h  m      g    f     R       g    f     R         g    f     R
  1  00 05      6   70   78.0      7  100  102.0       13  170  180.0
  2  02 25      5   51   60.6      6   98   94.8       11  149  155.4
  3  00 40      4   47   52.2      4   96   81.6        8  143  133.8
  4    -
  5    -
  6    -
  7  01 00      4   19   35.4      4   29   41.4        8   48   76.8
  8    -
  9  00 05      8   18   58.8      3   25   33.0       11   43   91.8
 10    -
 11    -
 12    -
 13  00 15      4   22   37.2      4   23   37.8        8   45   75.0
 14  00 50      6   23   49.8      3   21   30.6        9   44   80.4
 15    -
 16  00 25      7   23   55.8      3   23   31.8       10   46   87.6
 17    -
 18    -
 19  00 15      5   32   49.2      8   35   69.0       13   67  118.2
 19  23 55      8   36   69.6      8   43   73.8       16   79  143.4
 21  02 25      9   35   75.0      6   47   64.2       15   82  139.2
 22    -
 23    -
 24    -
 25    -
 26    -
 27    -
 28    -
 29  00 10      8   83   97.8      5   34   50.4       13  117  148.2
 30    -


 Monthly Mean            60.0               59.2                119.2

 --------------------------------------------------------------------

 October   1988     (k = 0.60)

 Date Time(UT)      North              South                Total
      h  m      g    f     R       g    f     R         g    f     R
  1  00 00      8   97  106.2      4   26   39.6       12  123  145.8
  2    -
  3  00 15      4   57   58.2      3   59   53.4        7  116  111.6
  4  01 40      4   51   54.6      2   44   38.4        6   95   93.0
  5  00 50      6   58   70.8      3   51   48.6        9  109  119.4
  6    -
  7  00 10      3   36   39.6      3   55   51.0        6   91   90.6
  8    -
  9  03 22      4   39   47.4      4   43   49.8        8   82   97.2
 10  00 20      5   50   60.0      5   61   66.6       10  111  126.6
 11  00 10      5   70   72.0      6   67   76.2       11  137  148.2
 12    -
 13  00 10      6   41   60.6      7   32   61.2       13   73  121.8
 14  00 05      6   50   66.0      7   23   55.8       13   73  121.8
 15  00 05      6   42   61.2      6   20   48.0       12   62  109.2
 16  00 30      7   72   85.2      5   19   41.4       12   91  126.6
 17    -
 18    -
 19  00 15      6   77   82.2      4   20   36.0       10   97  118.2
 20  00 00      6   76   81.6      5   17   40.2       11   93  121.8
 21  01 15      7   94   98.4      3    8   22.8       10  102  121.2
 22  00 05      2   83   61.8      4    8   28.8        6   91   90.6
 23  00 30      2   93   67.8      2    5   15.0        4   98   82.8
 24    -
 25    -
 26  00 10      4  147  112.2      3   10   24.0        7  157  136.2
 27  00 10      5  128  106.8      4    9   29.4        9  137  136.2
 28  00 10      5  109   95.4      3    6   21.6        8  115  117.0
 29  00 10      6   57   70.2      3   15   27.0        9   72   97.2
 30    -
 31  00 10      4   26   39.6      4   51   54.6        8   77   94.2

 Monthly Mean            72.6               42.2                114.9

 --------------------------------------------------------------------

 November  1988     (k = 0.60)

 Date Time(UT)      North              South                Total
      h  m      g    f     R       g    f     R         g    f     R
  1  00 05      7   31   60.6      4   43   49.8       11   74  110.4
  2  01 00      5   28   46.8      4   45   51.0        9   73   97.8
  3  00 41      5   29   47.4      4   49   53.4        9   78  100.8
  4  00 25      5   31   48.6      2   44   38.4        7   75   87.0
  5  01 10      5   46   57.6      2   42   37.2        7   88   94.8
  6  00 20      6   48   64.8      3   34   38.4        9   82  103.2
  7  00 10      6   63   73.8      3   21   30.6        9   84  104.4
  8  00 10      4   46   51.6      5   17   40.2        9   63   91.8
  9  00 05      5   37   52.2      4   20   36.0        9   57   88.2
 10  00 10      6   39   59.4      6   18   46.8       12   57  106.2
 11  00 10      8   65   87.0      4   16   33.6       12   81  120.6
 12  00 10     11   84  116.4      4   27   40.2       15  111  156.6
 13  00 00      8   87  100.2      2   24   26.4       10  111  126.6
 14  00 10      9   86  105.6      2   31   30.6       11  117  136.2
 15  00 10      9   79  101.4      3   35   39.0       12  114  140.4
 16  01 10      9  110  120.0      2   20   24.0       11  130  144.0
 17    -
 18    -
 19  00 05     11  134  146.4      2   17   22.2       13  151  168.6
 20    -
 21  01 00      5  110   96.0      5   21   42.6       10  131  138.6
 22  00 15      5   79   77.4      4   29   41.4        9  108  118.8
 23  00 35      5   51   60.6      3   16   27.6        8   67   88.2
 24    -
 25  00 00      5   30   48.0      4   15   33.0        9   45   81.0
 26  00 05      7   29   59.4      3   23   31.8       10   52   91.2
 27  00 32      3   16   27.6      2   23   25.8        5   39   53.4
 28  00 10      6   41   60.6      3   23   31.8        9   64   92.4
 29    -
 30  00 05      6   30   54.0      3   50   48.0        9   80  102.0


 Monthly Mean            72.9               36.8                109.7

 --------------------------------------------------------------------

 December  1988     (k = 0.60)

 Date Time(UT)      North              South                Total
      h  m      g    f     R       g    f     R         g    f     R
  1  00 05      6   69   77.4      2   52   43.2        8  121  120.6
  2  00 05      6   60   72.0      3   46   45.6        9  106  117.6
  3  00 40      5   67   70.2      4   28   40.8        9   95  111.0
  4  00 30      4   57   58.2      3   34   38.4        7   91   96.6
  5  00 15      5   46   57.6      5   42   55.2       10   88  112.8
  6  00 05      6   44   62.4      6   48   64.8       12   92  127.2
  7  00 10      6   48   64.8      7   43   67.8       13   91  132.6
  8  00 05      6   33   55.8      5   35   51.0       11   68  106.8
  9  03 15      4   47   52.2      6   39   59.4       10   86  111.6
 10  01 55      6   40   60.0      6   34   56.4       12   74  116.4
 11  02 10      5   50   60.0      7   48   70.8       12   98  130.8
 12  00 10      5   51   60.6      8   74   92.4       13  125  153.0
 13    -
 14  00 15     10  103  121.8      7   85   93.0       17  188  214.8
 15  00 05      9  113  121.8      7   61   78.6       16  174  200.4
 16  00 25      9  130  132.0      5   71   72.6       14  201  204.6
 17  00 20      7  152  133.2      6   62   73.2       13  214  206.4
 18  00 40      8  219  179.4      4   69   65.4       12  288  244.8
 19  01 00     12  178  178.8      4   74   68.4       16  252  247.2
 20  00 20      8  199  167.4      3   51   48.6       11  250  216.0
 21  00 20      7  192  157.2      4   47   52.2       11  239  209.4
 22  00 10     10  172  163.2      6   47   64.2       16  219  227.4
 23  00 10      9  157  148.2      6   45   63.0       15  202  211.2
 24  00 15     11  136  147.6      5   30   48.0       16  166  195.6
 25  00 05     10  102  121.2      3   22   31.2       13  124  152.4
 26  00 20      9  148  142.8      6   67   76.2       15  215  219.0
 27  01 30      5  115   99.0      5   81   78.6       10  196  177.6
 28  00 35      6   87   88.2      5  121  102.6       11  208  190.8
 29  00 40      8  101  108.6      7  127  118.2       15  228  226.8
 30  01 00      5   39   53.4      7   69   83.4       12  108  136.8
 31  02 08      4   38   46.8      6   86   87.6       10  124  134.4

 Monthly Mean           102.1               66.4                168.4

 --------------------------------------------------------------------

