 January   1972     (k = 0.72)

 Date Time(UT)      North              South                Total
      h  m      g    f     R       g    f     R         g    f     R
  1  02 15      1    2    8.6      4   29   49.7        5   31   58.3
  2  04 50      2    6   18.7      8   22   73.4       10   28   92.2
  3  00 30      1    6   11.5      5   14   46.1        6   20   57.6
  4  00 45      1    2    8.6      4    9   35.3        5   11   43.9
  5    -
  6  00 30      2   18   27.4      5   11   43.9        7   29   71.3
  7  03 00      2    9   20.9      2    5   18.0        4   14   38.9
  8  00 15      1    8   13.0      5   11   43.9        6   19   56.9
  9  00 45      3    3   23.8      3   10   28.8        6   13   52.6
 10  00 30      1    1    7.9      3   17   33.8        4   18   41.8
 11    -
 12    -
 13    -
 14  00 00      0    0    0.0      4   29   49.7        4   29   49.7
 15    -
 16  01 45      1    4   10.1      2   16   25.9        3   20   36.0
 17  00 30      1    5   10.8      3   32   44.6        4   37   55.4
 18  00 15      1    4   10.1      4   63   74.2        5   67   84.2
 19  00 15      1    5   10.8      4   81   87.1        5   86   97.9
 20  00 35      1   10   14.4      2   60   57.6        3   70   72.0
 21  04 30      2   28   34.6      2   78   70.6        4  106  105.1
 22  00 15      2   19   28.1      5   64   82.1        7   83  110.2
 23  00 30      3   24   38.9      5   55   75.6        8   79  114.5
 24    -
 25    -
 26  00 00      4   11   36.7      4   64   74.9        8   75  111.6
 27    -
 28  00 30      3    7   26.6      4   48   63.4        7   55   90.0
 29  00 00      4   12   37.4      6   43   74.2       10   55  111.6
 30  02 25      3    6   25.9      4   25   46.8        7   31   72.7
 31  00 00      3   12   30.2      2   30   36.0        5   42   66.2

 Monthly Mean            19.8               53.7                 73.5

 --------------------------------------------------------------------

 February  1972     (k = 0.72)

 Date Time(UT)      North              South                Total
      h  m      g    f     R       g    f     R         g    f     R
  1    -
  2    -
  3  00 15      3   16   33.1      4   23   45.4        7   39   78.5
  4    -
  5    -
  6    -
  7    -
  8  00 00      1    2    8.6      5   25   54.0        6   27   62.6
  9  00 10      2    5   18.0      4   16   40.3        6   21   58.3
 10    -
 11    -
 12  00 10      3   14   31.7      2   23   31.0        5   37   62.6
 13    -
 14  01 15      2   20   28.8      5   30   57.6        7   50   86.4
 15  00 10      3    8   27.4      9   69  114.5       12   77  141.8
 16    -
 17    -
 18  00 10      4   41   58.3      5   90  100.8        9  131  159.1
 19    -
 20  01 25      4   46   61.9      5   37   62.6        9   83  124.6
 21  00 15      4  110  108.0      5   46   69.1        9  156  177.1
 22  00 15      4  101  101.5      6   54   82.1       10  155  183.6
 23    -
 24  00 00      1   82   66.2      3   49   56.9        4  131  123.1
 25  00 10      2   74   67.7      2   40   43.2        4  114  110.9
 26    -
 27    -
 28  00 00      4   18   41.8      3   29   42.5        7   47   84.2
 29  00 15      3   18   34.6      4   43   59.8        7   61   94.3



 Monthly Mean            49.1               61.4                110.5

 --------------------------------------------------------------------

 March     1972     (k = 0.72)

 Date Time(UT)      North              South                Total
      h  m      g    f     R       g    f     R         g    f     R
  1  00 10      1   23   23.8      5   36   61.9        6   59   85.7
  2  03 20      2   27   33.8      5   43   67.0        7   70  100.8
  3  00 30      2   20   28.8      4   53   67.0        6   73   95.8
  4  00 00      3   15   32.4      5   51   72.7        8   66  105.1
  5    -
  6  00 00      3    9   28.1      3   68   70.6        6   77   98.6
  7  00 10      2    4   17.3      3   99   92.9        5  103  110.2
  8  00 00      3    5   25.2      3   80   79.2        6   85  104.4
  9    -
 10  00 15      2   34   38.9      4   60   72.0        6   94  110.9
 11  00 10      2   32   37.4      4   41   58.3        6   73   95.8
 12    -
 13  00 15      3   52   59.0      4   22   44.6        7   74  103.7
 14  00 15      4   53   67.0      5   23   52.6        9   76  119.5
 15  00 15      5   70   86.4      5   23   52.6       10   93  139.0
 16  03 00      4   75   82.8      3   10   28.8        7   85  111.6
 17  00 15      4   51   65.5      4   27   48.2        8   78  113.8
 18  01 40      5   49   71.3      4   22   44.6        9   71  115.9
 19  01 10      5   27   55.4      5   31   58.3       10   58  113.8
 20    -
 21    -
 22  00 00      3   52   59.0      4   44   60.5        7   96  119.5
 23  07 00      4   71   79.9      4   31   51.1        8  102  131.0
 24  03 45      4   72   80.6      5   32   59.0        9  104  139.7
 25    -
 26    -
 27  00 15      2   19   28.1      2    5   18.0        4   24   46.1
 28  00 20      1   11   15.1      2    3   16.6        3   14   31.7
 29  00 00      1    4   10.1      5   13   45.4        6   17   55.4
 30    -
 31  00 00      0    0    0.0      4   14   38.9        4   14   38.9

 Monthly Mean            44.6               54.8                 99.4

 --------------------------------------------------------------------

 April     1972     (k = 0.72)

 Date Time(UT)      North              South                Total
      h  m      g    f     R       g    f     R         g    f     R
  1  00 05      0    0    0.0      4   15   39.6        4   15   39.6
  2  02 15      2    9   20.9      8   28   77.8       10   37   98.6
  3  00 00      1    6   11.5      2   24   31.7        3   30   43.2
  4    -
  5  00 30      1    7   12.2      5   20   50.4        6   27   62.6
  6  02 50      1    5   10.8      5   26   54.7        6   31   65.5
  7    -
  8    -
  9    -
 10  00 00      1    2    8.6      6   55   82.8        7   57   91.4
 11  00 15      1    2    8.6      5   61   79.9        6   63   88.6
 12    -
 13  04 15      2    6   18.7      5   72   87.8        7   78  106.6
 14  00 30      2    6   18.7      3   48   56.2        5   54   74.9
 15    -
 16  03 10      1    2    8.6      6   30   64.8        7   32   73.4
 17  00 10      1    2    8.6      5   48   70.6        6   50   79.2
 18  00 15      1    2    8.6      4   49   64.1        5   51   72.7
 19  00 10      2    4   17.3      5   47   69.8        7   51   87.1
 20    -
 21  01 45      3    6   25.9      4   51   65.5        7   57   91.4
 22  00 30      4   14   38.9      5   38   63.4        9   52  102.2
 23    -
 24  00 30      4   13   38.2      6   42   73.4       10   55  111.6
 25  00 00      3   21   36.7      5   33   59.8        8   54   96.5
 26    -
 27  00 40      4   26   47.5      2   10   21.6        6   36   69.1
 28  00 30      4   33   52.6      2    6   18.7        6   39   71.3
 29  00 00      4   25   46.8      2    4   17.3        6   29   64.1
 30  01 35      2    7   19.4      1    1    7.9        3    8   27.4


 Monthly Mean            21.9               55.1                 77.0

 --------------------------------------------------------------------

 May       1972     (k = 0.72)

 Date Time(UT)      North              South                Total
      h  m      g    f     R       g    f     R         g    f     R
  1  03 06      1    2    8.6      1    2    8.6        2    4   17.3
  1  23 30      1    2    8.6      2    6   18.7        3    8   27.4
  3  00 00      1    1    7.9      3    6   25.9        4    7   33.8
  4  00 00      2    2   15.8      1   10   14.4        3   12   30.2
  5  04 20      2    2   15.8      1   17   19.4        3   19   35.3
  6  00 00      2    5   18.0      3   56   61.9        5   61   79.9
  7  02 30      3   21   36.7      3   58   63.4        6   79  100.1
  8  00 15      2   17   26.6      2   47   48.2        4   64   74.9
  9    -
 10  00 35      3   41   51.1      2   50   50.4        5   91  101.5
 11  00 00      4   49   64.1      2   34   38.9        6   83  103.0
 12  00 00      2   40   43.2      3   41   51.1        5   81   94.3
 13    -
 14    -
 15    -
 16  00 40      3   12   30.2      4  130  122.4        7  142  152.6
 17  00 30      4   18   41.8      4  126  119.5        8  144  161.3
 18  02 20      3   21   36.7      6   83  103.0        9  104  139.7
 19    -
 20  04 45      2   27   33.8      5   75   90.0        7  102  123.8
 21  02 30      1   26   25.9      3   49   56.9        4   75   82.8
 22  00 30      1   20   21.6      3   43   52.6        4   63   74.2
 23  04 15      1   15   18.0      3   37   48.2        4   52   66.2
 24  03 30      2   12   23.0      3   24   38.9        5   36   61.9
 25  02 00      2   18   27.4      2   22   30.2        4   40   57.6
 26    -
 27  00 30      1   37   33.8      1    5   10.8        2   42   44.6
 28  03 30      3   48   56.2      1    1    7.9        4   49   64.1
 29  00 10      2   49   49.7      1    5   10.8        3   54   60.5
 30    -
 31  01 30      3   36   47.5      3   11   29.5        6   47   77.0

 Monthly Mean            30.9               46.7                 77.7

 --------------------------------------------------------------------

 June      1972     (k = 0.72)

 Date Time(UT)      North              South                Total
      h  m      g    f     R       g    f     R         g    f     R
  1  05 20      3   38   49.0      5   18   49.0        8   56   97.9
  1  23 45      3   33   45.4      6   29   64.1        9   62  109.4
  3  00 15      4   32   51.8      6   41   72.7       10   73  124.6
  4    -
  5    -
  6  00 15      4   21   43.9      6   89  107.3       10  110  151.2
  7  00 00      4   12   37.4      5   89  100.1        9  101  137.5
  8    -
  9  00 10      1    6   11.5      5   58   77.8        6   64   89.3
 10  00 10      2    6   18.7      5   39   64.1        7   45   82.8
 11  00 15      2    8   20.2      5   38   63.4        7   46   83.5
 12    -
 13  00 25      0    0    0.0      1   51   43.9        1   51   43.9
 14  01 30      1    1    7.9      2   46   47.5        3   47   55.4
 15  01 45      2    9   20.9      3   59   64.1        5   68   85.0
 16  00 15      3   19   35.3      6   75   97.2        9   94  132.5
 17  01 00      1   12   15.8      5   78   92.2        6   90  108.0
 18    -
 19  00 10      1    8   13.0      6   81  101.5        7   89  114.5
 20    -
 21  00 15      4   17   41.0      4   58   70.6        8   75  111.6
 22  00 00      3   30   43.2      4   55   68.4        7   85  111.6
 23    -
 24  00 00      5   46   69.1      3   41   51.1        8   87  120.2
 25    -
 26  01 00      4   35   54.0      3   13   31.0        7   48   85.0
 27    -
 28    -
 29    -
 30  00 00      6   67   91.4      2    5   18.0        8   72  109.4


 Monthly Mean            35.2               67.6                102.8

 --------------------------------------------------------------------

 July      1972     (k = 0.72)

 Date Time(UT)      North              South                Total
      h  m      g    f     R       g    f     R         g    f     R
  1  00 00      5   83   95.8      1    2    8.6        6   85  104.4
  2    -
  3  00 15      5   76   90.7      4   18   41.8        9   94  132.5
  4  00 10      6   71   94.3      6   24   60.5       12   95  154.8
  5  00 00      4   44   60.5      4   33   52.6        8   77  113.0
  6    -
  7  00 00      3   50   57.6      5   39   64.1        8   89  121.7
  8  00 15      4   48   63.4      4   47   62.6        8   95  126.0
  9    -
 10    -
 11    -
 12    -
 13  06 00      4   17   41.0      7   19   64.1       11   36  105.1
 14  00 00      4   22   44.6      7   35   75.6       11   57  120.2
 15    -
 16    -
 17  00 15      1    5   10.8      5   34   60.5        6   39   71.3
 18  00 00      1    4   10.1      3   27   41.0        4   31   51.1
 18  23 50      3   16   33.1      4   55   68.4        7   71  101.5
 20  00 10      4   18   41.8      3   24   38.9        7   42   80.6
 21  00 30      4   25   46.8      4   33   52.6        8   58   99.4
 22  01 45      3   21   36.7      3   35   46.8        6   56   83.5
 23  02 00      3   11   29.5      4   15   39.6        7   26   69.1
 24  04 50      2    6   18.7      5   16   47.5        7   22   66.2
 25  02 45      3    9   28.1      3   22   37.4        6   31   65.5
 26    -
 27    -
 27  23 30      3   57   62.6      6   47   77.0        9  104  139.7
 29  00 00      2   30   36.0      6   48   77.8        8   78  113.8
 30  01 40      4   24   46.1      6   42   73.4       10   66  119.5
 31  00 00      5   42   66.2      6   60   86.4       11  102  152.6

 Monthly Mean            48.3               56.1                104.4

 --------------------------------------------------------------------

 August    1972     (k = 0.72)

 Date Time(UT)      North              South                Total
      h  m      g    f     R       g    f     R         g    f     R
  1  00 00      4   30   50.4      4   60   72.0        8   90  122.4
  2  00 10      3   32   44.6      4   60   72.0        7   92  116.6
  3  00 25      1   27   26.6      5   55   75.6        6   82  102.2
  4  00 00      1   53   45.4      4   36   54.7        5   89  100.1
  5  00 00      1   48   41.8      6   44   74.9        7   92  116.6
  6  01 45      1   62   51.8      4   30   50.4        5   92  102.2
  7  07 40      2   41   43.9      2   13   23.8        4   54   67.7
  8  00 00      2   33   38.2      2    9   20.9        4   42   59.0
  9  00 00      2   37   41.0      2   16   25.9        4   53   67.0
  9  22 30      3   24   38.9      2    5   18.0        5   29   56.9
 11  00 00      2   24   31.7      0    0    0.0        2   24   31.7
 11  23 45      3   16   33.1      2   12   23.0        5   28   56.2
 13  00 00      5   19   49.7      3   12   30.2        8   31   79.9
 14  00 15      1    5   10.8      3    9   28.1        4   14   38.9
 15  00 00      4   16   40.3      2   13   23.8        6   29   64.1
 16  00 00      4   36   54.7      3   16   33.1        7   52   87.8
 17  00 00      4   26   47.5      2   22   30.2        6   48   77.8
 18  00 00      4   22   44.6      3   27   41.0        7   49   85.7
 18  23 45      2   20   28.8      2   21   29.5        4   41   58.3
 20  00 45      1   13   16.6      3   15   32.4        4   28   49.0
 21    -
 22    -
 23  00 10      1   31   29.5      5   45   68.4        6   76   97.9
 24  00 15      1   15   18.0      7   52   87.8        8   67  105.8
 25  05 45      1   11   15.1      4   34   53.3        5   45   68.4
 26  03 15      1    8   13.0      5   49   71.3        6   57   84.2
 27  00 15      4   14   38.9      5   46   69.1        9   60  108.0
 28  00 00      4   37   55.4      5   40   64.8        9   77  120.2
 29  00 00      5   45   68.4      9   50  100.8       14   95  169.2
 30  05 10      7   93  117.4      7   40   79.2       14  133  196.6
 31  02 10      6   93  110.2      7   38   77.8       13  131  187.9

 Monthly Mean            43.0               49.4                 92.4

 --------------------------------------------------------------------

 September 1972     (k = 0.72)

 Date Time(UT)      North              South                Total
      h  m      g    f     R       g    f     R         g    f     R
  1  01 45      5   84   96.5      6   24   60.5       11  108  157.0
  2  00 00      4   49   64.1      7   37   77.0       11   86  141.1
  3    -
  4  00 40      2   36   40.3      5   40   64.8        7   76  105.1
  5  00 10      2   37   41.0      6   31   65.5        8   68  106.6
  6  01 00      2   17   26.6      5   27   55.4        7   44   82.1
  7  00 00      4   16   40.3      5   21   51.1        9   37   91.4
  8  00 00      4   20   43.2      4   24   46.1        8   44   89.3
  9    -
 10  03 30      2   20   28.8      2   14   24.5        4   34   53.3
 11  00 25      2   12   23.0      3   18   34.6        5   30   57.6
 12  00 00      1    6   11.5      3   14   31.7        4   20   43.2
 13  00 00      1    5   10.8      3   18   34.6        4   23   45.4
 14    -
 15    -
 16    -
 16  23 52      2    7   19.4      3   13   31.0        5   20   50.4
 18  00 00      2    7   19.4      3   14   31.7        5   21   51.1
 19  00 00      2    4   17.3      2    6   18.7        4   10   36.0
 20  01 40      1    6   11.5      5   12   44.6        6   18   56.2
 21  00 00      1   10   14.4      5   32   59.0        6   42   73.4
 22  00 00      2    7   19.4      5   37   62.6        7   44   82.1
 23  00 00      1    6   11.5      4   46   61.9        5   52   73.4
 24  04 30      1    9   13.7      5   62   80.6        6   71   94.3
 25    -
 26  00 30      2   20   28.8      4   70   79.2        6   90  108.0
 27  00 30      3   20   36.0      5   70   86.4        8   90  122.4
 28  00 05      2   15   25.2      4   38   56.2        6   53   81.4
 29    -
 30  00 00      4   23   45.4      5   48   70.6        9   71  115.9


 Monthly Mean            29.9               53.4                 83.3

 --------------------------------------------------------------------

 October   1972     (k = 0.72)

 Date Time(UT)      North              South                Total
      h  m      g    f     R       g    f     R         g    f     R
  1  01 00      2   13   23.8      4   23   45.4        6   36   69.1
  2  00 00      3   18   34.6      5   21   51.1        8   39   85.7
  3  02 15      3   29   42.5      4   16   40.3        7   45   82.8
  4  00 30      3   31   43.9      6   28   63.4        9   59  107.3
  5  01 00      4   11   36.7      4   12   37.4        8   23   74.2
  6    -
  7  00 00      5   14   46.1      4   15   39.6        9   29   85.7
  8  00 00      4    7   33.8      4    8   34.6        8   15   68.4
  9  05 00      4    9   35.3      3    9   28.1        7   18   63.4
 10  01 15      3    4   24.5      2   12   23.0        5   16   47.5
 11    -
 12  02 30      2    2   15.8      2    8   20.2        4   10   36.0
 13  00 00      1    1    7.9      1    2    8.6        2    3   16.6
 13  22 50      2    6   18.7      1    1    7.9        3    7   26.6
 15  01 55      1    2    8.6      1    2    8.6        2    4   17.3
 16  00 00      3    8   27.4      2    4   17.3        5   12   44.6
 17    -
 18  00 00      0    0    0.0      2   26   33.1        2   26   33.1
 19    -
 20    -
 21    -
 22    -
 23  01 00      1    1    7.9      7   72  102.2        8   73  110.2
 24  00 30      1    1    7.9      7   65   97.2        8   66  105.1
 25  00 00      0    0    0.0      8   84  118.1        8   84  118.1
 26  03 10      0    0    0.0      9  135  162.0        9  135  162.0
 27  01 00      0    0    0.0      6   90  108.0        6   90  108.0
 28  00 00      2    5   18.0      5  127  127.4        7  132  145.4
 29    -
 30  00 00      1    3    9.4      4  152  138.2        5  155  147.6
 31  00 15      2    9   20.9      5  127  127.4        7  136  148.3

 Monthly Mean            20.2               62.6                 82.7

 --------------------------------------------------------------------

 November  1972     (k = 0.72)

 Date Time(UT)      North              South                Total
      h  m      g    f     R       g    f     R         g    f     R
  1  00 15      1    3    9.4      4   91   94.3        5   94  103.7
  2  00 15      3   18   34.6      4   58   70.6        7   76  105.1
  3    -
  4  00 45      0    0    0.0      3   36   47.5        3   36   47.5
  5  02 15      2    3   16.6      4   10   36.0        6   13   52.6
  6  03 30      0    0    0.0      2    9   20.9        2    9   20.9
  7  00 00      0    0    0.0      2    4   17.3        2    4   17.3
  8  03 45      0    0    0.0      1    1    7.9        1    1    7.9
  9  00 00      0    0    0.0      1    1    7.9        1    1    7.9
 10    -
 11  00 00      1   13   16.6      1    2    8.6        2   15   25.2
 12  03 30      1   14   17.3      2    6   18.7        3   20   36.0
 13  00 00      1    6   11.5      2    6   18.7        3   12   30.2
 14  00 00      0    0    0.0      2    6   18.7        2    6   18.7
 15    -
 16  02 05      0    0    0.0      1   20   21.6        1   20   21.6
 17  00 00      1    6   11.5      2   10   21.6        3   16   33.1
 18    -
 19    -
 20    -
 21  01 00      0    0    0.0      6   43   74.2        6   43   74.2
 22  00 00      0    0    0.0      6   37   69.8        6   37   69.8
 23  01 40      0    0    0.0      7   60   93.6        7   60   93.6
 24  00 10      0    0    0.0      8   60  100.8        8   60  100.8
 25  00 00      0    0    0.0      6   44   74.9        6   44   74.9
 26  03 30      0    0    0.0      5   33   59.8        5   33   59.8
 27  00 00      1    5   10.8      5   24   53.3        6   29   64.1
 28  00 15      1    1    7.9      5   18   49.0        6   19   56.9
 29  00 30      1    1    7.9      4   20   43.2        5   21   51.1
 30  01 20      0    0    0.0      5   21   51.1        5   21   51.1


 Monthly Mean             6.0               45.0                 51.0

 --------------------------------------------------------------------

 December  1972     (k = 0.72)

 Date Time(UT)      North              South                Total
      h  m      g    f     R       g    f     R         g    f     R
  1  00 00      1    2    8.6      4   21   43.9        5   23   52.6
  2  00 00      0    0    0.0      3   10   28.8        3   10   28.8
  3  02 55      0    0    0.0      3   23   38.2        3   23   38.2
  4  00 00      0    0    0.0      3   14   31.7        3   14   31.7
  5  00 00      1    1    7.9      2    8   20.2        3    9   28.1
  6  00 00      1    2    8.6      2    7   19.4        3    9   28.1
  7  00 00      1   15   18.0      1    2    8.6        2   17   26.6
  8  01 45      2   24   31.7      1    2    8.6        3   26   40.3
  9  00 15      1   39   35.3      0    0    0.0        1   39   35.3
 10    -
 11  00 15      1   73   59.8      1    6   11.5        2   79   71.3
 12  01 15      2   31   36.7      2   13   23.8        4   44   60.5
 13  00 00      2   43   45.4      2   28   34.6        4   71   79.9
 14  02 00      2   32   37.4      2   39   42.5        4   71   79.9
 15  00 00      2   21   29.5      4   43   59.8        6   64   89.3
 16  00 15      2   13   23.8      5   37   62.6        7   50   86.4
 17  01 15      2    4   17.3      4   32   51.8        6   36   69.1
 18  00 15      2    5   18.0      2   22   30.2        4   27   48.2
 19    -
 20  02 10      2   20   28.8      3   10   28.8        5   30   57.6
 21  01 10      3   40   50.4      3    4   24.5        6   44   74.9
 22  00 00      3   42   51.8      2    2   15.8        5   44   67.7
 23    -
 24    -
 25  00 10      3   42   51.8      0    0    0.0        3   42   51.8
 26  01 40      3   34   46.1      0    0    0.0        3   34   46.1
 27  00 10      2   22   30.2      1    4   10.1        3   26   40.3
 28    -
 29    -
 30  01 30      1    2    8.6      1   11   15.1        2   13   23.8
 31  02 10      1   18   20.2      3   11   29.5        4   29   49.7

 Monthly Mean            26.6               25.6                 52.2

 --------------------------------------------------------------------

