 January   1933     (k = 0.65)

 Date Time(UT)      North              South                Total
      h  m      g    f     R       g    f     R         g    f     R
  1                                                     1    2    7.8
  2                                                       -
  3                                                     1    3    8.4
  4                                                     1    5    9.8
  5                                                     1    7   11.0
  6                                                       -
  7                                                     1    8   11.7
  8                                                     1   11   13.6
  9                                                     1   11   13.6
 10                                                     1   13   14.9
 11                                                       -
 12                                                     2   13   21.4
 13                                                       -
 14                                                     3   19   31.8
 15                                                     3   20   32.5
 16                                                     3   11   26.6
 17                                                       -
 18                                                     1    2    7.8
 19                                                     0    0    0.0
 20                                                     0    0    0.0
 21                                                       -
 22                                                       -
 23                                                     0    0    0.0
 24                                                     0    0    0.0
 25                                                     0    0    0.0
 26                                                     0    0    0.0
 27                                                     0    0    0.0
 28                                                     0    0    0.0
 29                                                     1    7   11.0
 30                                                     1   11   13.6
 31                                                     2   16   23.4

 Monthly Mean                                                    10.8

 --------------------------------------------------------------------

 February  1933     (k = 0.65)

 Date Time(UT)      North              South                Total
      h  m      g    f     R       g    f     R         g    f     R
  1                                                     4   25   42.2
  2                                                     3   29   38.3
  3                                                     3   30   39.0
  4                                                     3   39   44.8
  5                                                     3   50   52.0
  6                                                     3   40   45.5
  7                                                     3   34   41.6
  8                                                     2   35   35.8
  9                                                     2   37   37.0
 10                                                     2   28   31.2
 11                                                       -
 12                                                       -
 13                                                     1    5    9.8
 14                                                     1    2    7.8
 15                                                     0    0    0.0
 16                                                       -
 17                                                       -
 18                                                     0    0    0.0
 19                                                     0    0    0.0
 20                                                     0    0    0.0
 21                                                     0    0    0.0
 22                                                     0    0    0.0
 23                                                     0    0    0.0
 24                                                       -
 25                                                     0    0    0.0
 26                                                     0    0    0.0
 27                                                     0    0    0.0
 28                                                     2    3   14.9




 Monthly Mean                                                    19.1

 --------------------------------------------------------------------

 March     1933     (k = 0.65)

 Date Time(UT)      North              South                Total
      h  m      g    f     R       g    f     R         g    f     R
  1                                                       -
  2                                                       -
  3                                                       -
  4                                                     1    7   11.0
  5                                                       -
  6                                                       -
  7                                                     1    5    9.8
  8                                                     1    3    8.4
  9                                                     1    5    9.8
 10                                                       -
 11                                                     1    3    8.4
 12                                                     1    2    7.8
 13                                                     0    0    0.0
 14                                                     0    0    0.0
 15                                                     0    0    0.0
 16                                                     0    0    0.0
 17                                                     0    0    0.0
 18                                                     0    0    0.0
 19                                                     0    0    0.0
 20                                                       -
 21                                                     0    0    0.0
 22                                                     1    2    7.8
 23                                                     1    6   10.4
 24                                                     1    8   11.7
 25                                                       -
 26                                                       -
 27                                                       -
 28                                                     2   14   22.1
 29                                                     2    8   18.2
 30                                                     2    7   17.5
 31                                                       -

 Monthly Mean                                                     7.2

 --------------------------------------------------------------------

 April     1933     (k = 0.65)

 Date Time(UT)      North              South                Total
      h  m      g    f     R       g    f     R         g    f     R
  1                                                     1    5    9.8
  2                                                     1    3    8.4
  3                                                       -
  4                                                       -
  5                                                       -
  6                                                       -
  7                                                     0    0    0.0
  8                                                       -
  9                                                       -
 10                                                       -
 11                                                       -
 12                                                     0    0    0.0
 13                                                       -
 14                                                       -
 15                                                       -
 16                                                       -
 17                                                       -
 18                                                     1    6   10.4
 19                                                       -
 20                                                       -
 21                                                       -
 22                                                     0    0    0.0
 23                                                     0    0    0.0
 24                                                     0    0    0.0
 25                                                     0    0    0.0
 26                                                       -
 27                                                     0    0    0.0
 28                                                     0    0    0.0
 29                                                     0    0    0.0
 30                                                     0    0    0.0


 Monthly Mean                                                     2.2

 --------------------------------------------------------------------

 May       1933     (k = 0.65)

 Date Time(UT)      North              South                Total
      h  m      g    f     R       g    f     R         g    f     R
  1                                                     0    0    0.0
  2                                                       -
  3                                                       -
  4                                                     0    0    0.0
  5                                                       -
  6                                                     0    0    0.0
  7                                                     0    0    0.0
  8                                                     0    0    0.0
  9                                                     0    0    0.0
 10                                                       -
 11                                                     0    0    0.0
 12                                                     0    0    0.0
 13                                                     0    0    0.0
 14                                                     0    0    0.0
 15                                                       -
 16                                                     0    0    0.0
 17                                                       -
 18                                                       -
 19                                                       -
 20                                                     1    6   10.4
 21                                                       -
 22                                                       -
 23                                                     1    4    9.1
 24                                                       -
 25                                                     0    0    0.0
 26                                                     0    0    0.0
 27                                                     0    0    0.0
 28                                                       -
 29                                                     0    0    0.0
 30                                                     0    0    0.0
 31                                                     0    0    0.0

 Monthly Mean                                                     1.0

 --------------------------------------------------------------------

 June      1933     (k = 0.65)

 Date Time(UT)      North              South                Total
      h  m      g    f     R       g    f     R         g    f     R
  1                                                       -
  2                                                       -
  3                                                     1    1    7.1
  4                                                       -
  5                                                     1    2    7.8
  6                                                     1    2    7.8
  7                                                       -
  8                                                       -
  9                                                     0    0    0.0
 10                                                     0    0    0.0
 11                                                     0    0    0.0
 12                                                     0    0    0.0
 13                                                       -
 14                                                     1    6   10.4
 15                                                       -
 16                                                       -
 17                                                     1    5    9.8
 18                                                     1    3    8.4
 19                                                     1    2    7.8
 20                                                     1    2    7.8
 21                                                       -
 22                                                       -
 23                                                       -
 24                                                     0    0    0.0
 25                                                     0    0    0.0
 26                                                     0    0    0.0
 27                                                     0    0    0.0
 28                                                       -
 29                                                       -
 30                                                       -


 Monthly Mean                                                     4.2

 --------------------------------------------------------------------

 July      1933     (k = 0.65)

 Date Time(UT)      North              South                Total
      h  m      g    f     R       g    f     R         g    f     R
  1                                                     0    0    0.0
  2                                                     0    0    0.0
  3                                                       -
  4                                                       -
  5                                                     0    0    0.0
  6                                                     1    2    7.8
  7                                                     1    4    9.1
  8                                                     2    6   16.9
  9                                                       -
 10                                                     1    2    7.8
 11                                                     1    7   11.0
 12                                                     1    5    9.8
 13                                                     1    3    8.4
 14                                                     0    0    0.0
 15                                                     0    0    0.0
 16                                                       -
 17                                                     0    0    0.0
 18                                                     0    0    0.0
 19                                                       -
 20                                                     0    0    0.0
 21                                                     0    0    0.0
 22                                                     0    0    0.0
 23                                                     0    0    0.0
 24                                                     0    0    0.0
 25                                                     0    0    0.0
 26                                                       -
 27                                                       -
 28                                                       -
 29                                                     0    0    0.0
 30                                                       -
 31                                                     0    0    0.0

 Monthly Mean                                                     3.2

 --------------------------------------------------------------------

 August    1933     (k = 0.65)

 Date Time(UT)      North              South                Total
      h  m      g    f     R       g    f     R         g    f     R
  1                                                     0    0    0.0
  2                                                       -
  3                                                       -
  4                                                     0    0    0.0
  5                                                       -
  6                                                       -
  7                                                     0    0    0.0
  8                                                     0    0    0.0
  9                                                       -
 10                                                     0    0    0.0
 11                                                     0    0    0.0
 12                                                     0    0    0.0
 13                                                     0    0    0.0
 14                                                     0    0    0.0
 15                                                     0    0    0.0
 16                                                       -
 17                                                       -
 18                                                     0    0    0.0
 19                                                     0    0    0.0
 20                                                     0    0    0.0
 21                                                     0    0    0.0
 22                                                     0    0    0.0
 23                                                     0    0    0.0
 24                                                     0    0    0.0
 25                                                     0    0    0.0
 26                                                     0    0    0.0
 27                                                     0    0    0.0
 28                                                     0    0    0.0
 29                                                     0    0    0.0
 30                                                     0    0    0.0
 31                                                     0    0    0.0

 Monthly Mean                                                     0.0

 --------------------------------------------------------------------

 September 1933     (k = 0.65)

 Date Time(UT)      North              South                Total
      h  m      g    f     R       g    f     R         g    f     R
  1                                                     0    0    0.0
  2                                                     1    1    7.1
  3                                                     1    1    7.1
  4                                                     1    2    7.8
  5                                                     0    0    0.0
  6                                                     1    3    8.4
  7                                                     1    8   11.7
  8                                                     1    6   10.4
  9                                                     1    8   11.7
 10                                                     1    3    8.4
 11                                                     1    1    7.1
 12                                                       -
 13                                                       -
 14                                                     0    0    0.0
 15                                                     0    0    0.0
 16                                                     0    0    0.0
 17                                                     0    0    0.0
 18                                                     0    0    0.0
 19                                                       -
 20                                                       -
 21                                                       -
 22                                                     1    7   11.0
 23                                                     1    5    9.8
 24                                                     1    2    7.8
 25                                                     1    1    7.1
 26                                                     0    0    0.0
 27                                                       -
 28                                                       -
 29                                                       -
 30                                                     1    3    8.4


 Monthly Mean                                                     5.6

 --------------------------------------------------------------------

 October   1933     (k = 0.65)

 Date Time(UT)      North              South                Total
      h  m      g    f     R       g    f     R         g    f     R
  1                                                     0    0    0.0
  2                                                     0    0    0.0
  3                                                     0    0    0.0
  4                                                     0    0    0.0
  5                                                     0    0    0.0
  6                                                       -
  7                                                       -
  8                                                       -
  9                                                       -
 10                                                     0    0    0.0
 11                                                       -
 12                                                       -
 13                                                       -
 14                                                     0    0    0.0
 15                                                       -
 16                                                       -
 17                                                     0    0    0.0
 18                                                       -
 19                                                       -
 20                                                       -
 21                                                     0    0    0.0
 22                                                     0    0    0.0
 23                                                     0    0    0.0
 24                                                     0    0    0.0
 25                                                     0    0    0.0
 26                                                     1    8   11.7
 27                                                     1   13   14.9
 28                                                     1    9   12.3
 29                                                     2   12   20.8
 30                                                       -
 31                                                     1    6   10.4

 Monthly Mean                                                     3.9

 --------------------------------------------------------------------

 November  1933     (k = 0.65)

 Date Time(UT)      North              South                Total
      h  m      g    f     R       g    f     R         g    f     R
  1                                                     1    6   10.4
  2                                                     1    2    7.8
  3                                                     0    0    0.0
  4                                                     0    0    0.0
  5                                                     0    0    0.0
  6                                                       -
  7                                                       -
  8                                                     0    0    0.0
  9                                                       -
 10                                                     0    0    0.0
 11                                                       -
 12                                                     0    0    0.0
 13                                                     0    0    0.0
 14                                                     0    0    0.0
 15                                                       -
 16                                                       -
 17                                                     0    0    0.0
 18                                                     0    0    0.0
 19                                                     0    0    0.0
 20                                                     0    0    0.0
 21                                                     0    0    0.0
 22                                                     0    0    0.0
 23                                                     0    0    0.0
 24                                                       -
 25                                                     0    0    0.0
 26                                                       -
 27                                                       -
 28                                                     0    0    0.0
 29                                                     0    0    0.0
 30                                                       -


 Monthly Mean                                                     0.9

 --------------------------------------------------------------------

 December  1933     (k = 0.65)

 Date Time(UT)      North              South                Total
      h  m      g    f     R       g    f     R         g    f     R
  1                                                       -
  2                                                     0    0    0.0
  3                                                     0    0    0.0
  4                                                     0    0    0.0
  5                                                     0    0    0.0
  6                                                       -
  7                                                     0    0    0.0
  8                                                     0    0    0.0
  9                                                       -
 10                                                     0    0    0.0
 11                                                     0    0    0.0
 12                                                     0    0    0.0
 13                                                     0    0    0.0
 14                                                     0    0    0.0
 15                                                     0    0    0.0
 16                                                       -
 17                                                     0    0    0.0
 18                                                     0    0    0.0
 19                                                     0    0    0.0
 20                                                     0    0    0.0
 21                                                     0    0    0.0
 22                                                     0    0    0.0
 23                                                     0    0    0.0
 24                                                     0    0    0.0
 25                                                     0    0    0.0
 26                                                     0    0    0.0
 27                                                     0    0    0.0
 28                                                       -
 29                                                     0    0    0.0
 30                                                       -
 31                                                     0    0    0.0

 Monthly Mean                                                     0.0

 --------------------------------------------------------------------

