 January   1977     (k = 0.72)

 Date Time(UT)      North              South                Total
      h  m      g    f     R       g    f     R         g    f     R
  1  01 15      0    0    0.0      1   13   16.6        1   13   16.6
  2  00 45      1    2    8.6      1    8   13.0        2   10   21.6
  3  00 45      2   10   21.6      1    2    8.6        3   12   30.2
  4  01 00      2    6   18.7      1    2    8.6        3    8   27.4
  5  00 00      2    3   16.6      1    2    8.6        3    5   25.2
  6  00 30      1    3    9.4      0    0    0.0        1    3    9.4
  7  00 30      0    0    0.0      0    0    0.0        0    0    0.0
  8  00 30      0    0    0.0      0    0    0.0        0    0    0.0
  9    -
 10  01 45      0    0    0.0      0    0    0.0        0    0    0.0
 11  03 45      0    0    0.0      1    2    8.6        1    2    8.6
 12  00 35      0    0    0.0      1   11   15.1        1   11   15.1
 13  02 30      0    0    0.0      1   28   27.4        1   28   27.4
 14  00 00      0    0    0.0      1   24   24.5        1   24   24.5
 15  00 15      0    0    0.0      1   16   18.7        1   16   18.7
 16  01 15      0    0    0.0      1    9   13.7        1    9   13.7
 17  00 00      1    3    9.4      1   15   18.0        2   18   27.4
 18  04 30      1    5   10.8      1   12   15.8        2   17   26.6
 19  01 25      0    0    0.0      0    0    0.0        0    0    0.0
 20  05 00      0    0    0.0      0    0    0.0        0    0    0.0
 21  00 15      2    4   17.3      0    0    0.0        2    4   17.3
 22  00 25      1    1    7.9      1    2    8.6        2    3   16.6
 23    -
 24  00 00      3   11   29.5      1    1    7.9        4   12   37.4
 25  00 00      2    9   20.9      1    3    9.4        3   12   30.2
 26    -
 27    -
 28    -
 29  00 00      0    0    0.0      1    6   11.5        1    6   11.5
 30    -
 31  00 00      1    1    7.9      0    0    0.0        1    1    7.9

 Monthly Mean             7.1                9.4                 16.5

 --------------------------------------------------------------------

 February  1977     (k = 0.72)

 Date Time(UT)      North              South                Total
      h  m      g    f     R       g    f     R         g    f     R
  1  00 00      1    5   10.8      0    0    0.0        1    5   10.8
  2  01 00      1   21   22.3      0    0    0.0        1   21   22.3
  3  00 00      1   21   22.3      0    0    0.0        1   21   22.3
  4  00 00      1   17   19.4      0    0    0.0        1   17   19.4
  5  00 15      1   11   15.1      0    0    0.0        1   11   15.1
  6  01 50      0    0    0.0      0    0    0.0        0    0    0.0
  7  00 30      1    2    8.6      0    0    0.0        1    2    8.6
  7  23 10      0    0    0.0      1    3    9.4        1    3    9.4
  9    -
 10    -
 11  01 40      0    0    0.0      1   26   25.9        1   26   25.9
 12  00 30      1    9   13.7      1   44   38.9        2   53   52.6
 13  00 30      3   23   38.2      1   34   31.7        4   57   69.8
 14    -
 15    -
 16  03 30      3   17   33.8      2   20   28.8        5   37   62.6
 17  00 30      3   14   31.7      2   15   25.2        5   29   56.9
 18  00 10      2    4   17.3      2   16   25.9        4   20   43.2
 19  00 30      1    1    7.9      2   14   24.5        3   15   32.4
 20  01 00      0    0    0.0      1    5   10.8        1    5   10.8
 21    -
 22  01 30      0    0    0.0      1    3    9.4        1    3    9.4
 23  00 20      0    0    0.0      1    4   10.1        1    4   10.1
 24  00 20      0    0    0.0      1    4   10.1        1    4   10.1
 25  00 15      0    0    0.0      1    3    9.4        1    3    9.4
 26  02 30      0    0    0.0      1    2    8.6        1    2    8.6
 27  00 30      0    0    0.0      0    0    0.0        0    0    0.0
 28  01 00      0    0    0.0      0    0    0.0        0    0    0.0




 Monthly Mean            10.5               11.7                 22.2

 --------------------------------------------------------------------

 March     1977     (k = 0.72)

 Date Time(UT)      North              South                Total
      h  m      g    f     R       g    f     R         g    f     R
  1    -
  2    -
  3  06 50      2    6   18.7      0    0    0.0        2    6   18.7
  4  00 15      1    2    8.6      0    0    0.0        1    2    8.6
  5  00 30      1    3    9.4      1    1    7.9        2    4   17.3
  6  00 35      1    2    8.6      0    0    0.0        1    2    8.6
  7  00 45      1    3    9.4      0    0    0.0        1    3    9.4
  8  00 15      1    7   12.2      0    0    0.0        1    7   12.2
  9  00 45      1   11   15.1      0    0    0.0        1   11   15.1
 10  00 25      1    8   13.0      0    0    0.0        1    8   13.0
 10  23 45      1    8   13.0      0    0    0.0        1    8   13.0
 12  00 30      1    3    9.4      0    0    0.0        1    3    9.4
 13    -
 14  01 30      1    1    7.9      0    0    0.0        1    1    7.9
 15  00 15      0    0    0.0      0    0    0.0        0    0    0.0
 16  01 15      0    0    0.0      0    0    0.0        0    0    0.0
 17    -
 18  01 30      0    0    0.0      1    3    9.4        1    3    9.4
 19    -
 20    -
 21  01 50      0    0    0.0      0    0    0.0        0    0    0.0
 21  23 15      0    0    0.0      1    3    9.4        1    3    9.4
 23    -
 24  04 15      0    0    0.0      1    1    7.9        1    1    7.9
 25  00 45      1    1    7.9      0    0    0.0        1    1    7.9
 26  00 15      1    1    7.9      0    0    0.0        1    1    7.9
 27  05 10      1    1    7.9      0    0    0.0        1    1    7.9
 28  01 00      2    4   17.3      0    0    0.0        2    4   17.3
 29  01 00      2    8   20.2      0    0    0.0        2    8   20.2
 30    -
 31    -

 Monthly Mean             8.5                1.6                 10.1

 --------------------------------------------------------------------

 April     1977     (k = 0.72)

 Date Time(UT)      North              South                Total
      h  m      g    f     R       g    f     R         g    f     R
  1  00 55      1    3    9.4      1    1    7.9        2    4   17.3
  2  00 00      1    7   12.2      0    0    0.0        1    7   12.2
  3  00 55      1    2    8.6      0    0    0.0        1    2    8.6
  4  00 30      1    4   10.1      0    0    0.0        1    4   10.1
  5  00 30      0    0    0.0      0    0    0.0        0    0    0.0
  6    -
  7  05 30      1    3    9.4      0    0    0.0        1    3    9.4
  8  03 30      0    0    0.0      0    0    0.0        0    0    0.0
  9    -
 10  00 10      0    0    0.0      0    0    0.0        0    0    0.0
 11  00 15      0    0    0.0      0    0    0.0        0    0    0.0
 12  00 15      0    0    0.0      1    6   11.5        1    6   11.5
 13    -
 14  06 15      0    0    0.0      1   24   24.5        1   24   24.5
 15  01 00      0    0    0.0      2   30   36.0        2   30   36.0
 16  00 40      0    0    0.0      3   23   38.2        3   23   38.2
 16  23 00      0    0    0.0      3   18   34.6        3   18   34.6
 18  00 00      0    0    0.0      3   16   33.1        3   16   33.1
 19  00 15      0    0    0.0      3   17   33.8        3   17   33.8
 20  00 40      0    0    0.0      1    6   11.5        1    6   11.5
 21  00 40      0    0    0.0      2    5   18.0        2    5   18.0
 22  00 00      0    0    0.0      1    8   13.0        1    8   13.0
 23  00 15      0    0    0.0      2   12   23.0        2   12   23.0
 24  01 20      0    0    0.0      2    5   18.0        2    5   18.0
 25    -
 26  02 10      0    0    0.0      1    3    9.4        1    3    9.4
 27    -
 28  02 30      0    0    0.0      1    3    9.4        1    3    9.4
 29  00 30      0    0    0.0      1    4   10.1        1    4   10.1
 30  00 20      0    0    0.0      1    5   10.8        1    5   10.8


 Monthly Mean             2.0               13.7                 15.7

 --------------------------------------------------------------------

 May       1977     (k = 0.72)

 Date Time(UT)      North              South                Total
      h  m      g    f     R       g    f     R         g    f     R
  1  04 00      0    0    0.0      1    9   13.7        1    9   13.7
  2  01 40      1    4   10.1      0    0    0.0        1    4   10.1
  3  01 30      1    9   13.7      0    0    0.0        1    9   13.7
  4    -
  5    -
  5  23 30      1    7   12.2      0    0    0.0        1    7   12.2
  7  05 30      1    8   13.0      0    0    0.0        1    8   13.0
  8  00 00      1   12   15.8      1    2    8.6        2   14   24.5
  8  22 45      1    6   11.5      1    3    9.4        2    9   20.9
 10  00 30      2    9   20.9      1    4   10.1        3   13   31.0
 11  00 00      2   13   23.8      1    5   10.8        3   18   34.6
 12  01 30      3    9   28.1      2   10   21.6        5   19   49.7
 13  00 30      2    4   17.3      2   11   22.3        4   15   39.6
 14  00 00      1    4   10.1      2   12   23.0        3   16   33.1
 15    -
 16  00 15      1    1    7.9      2   10   21.6        3   11   29.5
 17  00 15      0    0    0.0      2   17   26.6        2   17   26.6
 18  00 15      0    0    0.0      1   12   15.8        1   12   15.8
 19  03 45      1    4   10.1      2    3   16.6        3    7   26.6
 20  00 15      0    0    0.0      1    5   10.8        1    5   10.8
 20  23 45      0    0    0.0      1    8   13.0        1    8   13.0
 22  01 00      0    0    0.0      1    2    8.6        1    2    8.6
 23  00 30      1    2    8.6      0    0    0.0        1    2    8.6
 24  01 00      0    0    0.0      0    0    0.0        0    0    0.0
 25  03 15      0    0    0.0      0    0    0.0        0    0    0.0
 26    -
 27  00 00      1    1    7.9      1    4   10.1        2    5   18.0
 28  00 00      0    0    0.0      1    4   10.1        1    4   10.1
 29    -
 30    -
 31  00 20      2   40   43.2      0    0    0.0        2   40   43.2

 Monthly Mean            10.2               10.1                 20.3

 --------------------------------------------------------------------

 June      1977     (k = 0.72)

 Date Time(UT)      North              South                Total
      h  m      g    f     R       g    f     R         g    f     R
  1  01 40      2   34   38.9      1    7   12.2        3   41   51.1
  2    -
  3  00 30      2   18   27.4      2   18   27.4        4   36   54.7
  4  00 20      2   19   28.1      2   19   28.1        4   38   56.2
  5  02 45      2   15   25.2      1   26   25.9        3   41   51.1
  6  02 20      2   11   22.3      1   28   27.4        3   39   49.7
  7    -
  8  00 45      1    4   10.1      3   16   33.1        4   20   43.2
  9  00 00      0    0    0.0      2   34   38.9        2   34   38.9
 10    -
 11    -
 12  04 25      0    0    0.0      2   12   23.0        2   12   23.0
 13  00 15      0    0    0.0      2   15   25.2        2   15   25.2
 14  00 00      1    1    7.9      2   10   21.6        3   11   29.5
 15  00 10      0    0    0.0      1    4   10.1        1    4   10.1
 16  01 00      0    0    0.0      1    4   10.1        1    4   10.1
 17    -
 18    -
 19    -
 20  04 10      1    1    7.9      1    4   10.1        2    5   18.0
 21  02 30      1    1    7.9      1   16   18.7        2   17   26.6
 22    -
 23    -
 24    -
 25    -
 26  04 20      1   28   27.4      1   22   23.0        2   50   50.4
 27    -
 28  00 20      2   38   41.8      1   19   20.9        3   57   62.6
 29    -
 30  00 30      1   28   27.4      1    5   10.8        2   33   38.2


 Monthly Mean            16.0               21.6                 37.6

 --------------------------------------------------------------------

 July      1977     (k = 0.72)

 Date Time(UT)      North              South                Total
      h  m      g    f     R       g    f     R         g    f     R
  1    -
  2  00 00      2   40   43.2      0    0    0.0        2   40   43.2
  3  00 10      3   25   39.6      0    0    0.0        3   25   39.6
  4  00 00      3   31   43.9      0    0    0.0        3   31   43.9
  5  02 30      3   19   35.3      1    2    8.6        4   21   43.9
  6    -
  7  02 15      2   16   25.9      1    2    8.6        3   18   34.6
  8  00 30      1   15   18.0      1    3    9.4        2   18   27.4
  8  23 30      1    8   13.0      1    2    8.6        2   10   21.6
  9  22 45      1    2    8.6      1    3    9.4        2    5   18.0
 11  04 15      0    0    0.0      1    3    9.4        1    3    9.4
 12  00 00      0    0    0.0      1    8   13.0        1    8   13.0
 13  00 05      0    0    0.0      1   10   14.4        1   10   14.4
 14  00 00      0    0    0.0      1    4   10.1        1    4   10.1
 15  00 30      0    0    0.0      0    0    0.0        0    0    0.0
 16  00 00      0    0    0.0      0    0    0.0        0    0    0.0
 17  06 40      0    0    0.0      0    0    0.0        0    0    0.0
 18  03 30      0    0    0.0      0    0    0.0        0    0    0.0
 19  00 30      0    0    0.0      0    0    0.0        0    0    0.0
 20    -
 21  00 10      1    4   10.1      1    1    7.9        2    5   18.0
 22  00 15      2    6   18.7      0    0    0.0        2    6   18.7
 23  00 10      4    8   34.6      2    6   18.7        6   14   53.3
 24  00 20      2    5   18.0      1    8   13.0        3   13   31.0
 25  01 30      1    2    8.6      1    9   13.7        2   11   22.3
 26  01 40      3   14   31.7      2   11   22.3        5   25   54.0
 27  02 00      5   13   45.4      1    4   10.1        6   17   55.4
 28  00 10      2   10   21.6      1    2    8.6        3   12   30.2
 29  00 15      3   11   29.5      1    2    8.6        4   13   38.2
 30  00 00      3    6   25.9      0    0    0.0        3    6   25.9
 31  06 15      0    0    0.0      1    1    7.9        1    1    7.9

 Monthly Mean            16.8                7.2                 24.1

 --------------------------------------------------------------------

 August    1977     (k = 0.72)

 Date Time(UT)      North              South                Total
      h  m      g    f     R       g    f     R         g    f     R
  1  00 15      2    9   20.9      2    2   15.8        4   11   36.7
  1  23 00      3   12   30.2      1    1    7.9        4   13   38.2
  3  00 00      3   15   32.4      0    0    0.0        3   15   32.4
  4  00 00      2    6   18.7      0    0    0.0        2    6   18.7
  5  00 20      1   23   23.8      0    0    0.0        1   23   23.8
  5  23 30      1   36   33.1      0    0    0.0        1   36   33.1
  7  02 50      1   40   36.0      0    0    0.0        1   40   36.0
  8    -
  9  00 10      1   30   28.8      0    0    0.0        1   30   28.8
 10  01 05      1   11   15.1      0    0    0.0        1   11   15.1
 11  03 45      1   11   15.1      1    2    8.6        2   13   23.8
 12  00 20      3   13   31.0      0    0    0.0        3   13   31.0
 13    -
 14    -
 15    -
 16  03 55      3   16   33.1      0    0    0.0        3   16   33.1
 17    -
 18    -
 19    -
 20  04 45      3   13   31.0      0    0    0.0        3   13   31.0
 21    -
 22    -
 23    -
 24    -
 25    -
 26  02 10      1    2    8.6      1   19   20.9        2   21   29.5
 27  04 05      2    8   20.2      2   28   34.6        4   36   54.7
 28  03 00      1    4   10.1      2   22   30.2        3   26   40.3
 29  00 00      1    7   12.2      2   27   33.8        3   34   46.1
 30  00 00      2    6   18.7      2   30   36.0        4   36   54.7
 31  01 15      2    3   16.6      2   11   22.3        4   14   38.9

 Monthly Mean            22.9               11.1                 34.0

 --------------------------------------------------------------------

 September 1977     (k = 0.72)

 Date Time(UT)      North              South                Total
      h  m      g    f     R       g    f     R         g    f     R
  1  00 00      3    9   28.1      2    3   16.6        5   12   44.6
  1  23 25      3   14   31.7      0    0    0.0        3   14   31.7
  3  00 20      3   30   43.2      0    0    0.0        3   30   43.2
  4  03 15      2   25   32.4      0    0    0.0        2   25   32.4
  5  00 00      2   24   31.7      0    0    0.0        2   24   31.7
  6  00 05      3   19   35.3      0    0    0.0        3   19   35.3
  7  03 00      3    9   28.1      0    0    0.0        3    9   28.1
  8    -
  9    -
 10  02 00      3   27   41.0      0    0    0.0        3   27   41.0
 11  00 45      4   15   39.6      0    0    0.0        4   15   39.6
 12  00 20      3   60   64.8      0    0    0.0        3   60   64.8
 13  00 15      3   64   67.7      0    0    0.0        3   64   67.7
 14    -
 15  00 15      2   85   75.6      0    0    0.0        2   85   75.6
 16  00 00      3   79   78.5      0    0    0.0        3   79   78.5
 17  00 10      3   85   82.8      0    0    0.0        3   85   82.8
 18    -
 19    -
 20  00 10      3   30   43.2      1   34   31.7        4   64   74.9
 21  01 25      2   21   29.5      1   33   31.0        3   54   60.5
 22    -
 23    -
 24  00 15      2   10   21.6      1   27   26.6        3   37   48.2
 25  00 00      3   19   35.3      3   13   31.0        6   32   66.2
 26  00 00      2   35   39.6      2   12   23.0        4   47   62.6
 27  00 10      3   26   40.3      1    5   10.8        4   31   51.1
 28  00 45      4   27   48.2      1    5   10.8        5   32   59.0
 29  03 30      5   33   59.8      2    4   17.3        7   37   77.0
 30  04 20      3   29   42.5      2    5   18.0        5   34   60.5


 Monthly Mean            45.2                9.4                 54.7

 --------------------------------------------------------------------

 October   1977     (k = 0.72)

 Date Time(UT)      North              South                Total
      h  m      g    f     R       g    f     R         g    f     R
  1  00 05      4   24   46.1      2    7   19.4        6   31   65.5
  2    -
  3    -
  4    -
  5  00 45      3   25   39.6      1   10   14.4        4   35   54.0
  6  00 50      4   41   58.3      2   15   25.2        6   56   83.5
  7  00 00      6   37   69.8      1    6   11.5        7   43   81.4
  8    -
  9    -
 10    -
 11    -
 12  00 10      2   56   54.7      0    0    0.0        2   56   54.7
 13  00 10      6   42   73.4      0    0    0.0        6   42   73.4
 14    -
 15  00 00      4   47   62.6      0    0    0.0        4   47   62.6
 16  00 40      5   37   62.6      0    0    0.0        5   37   62.6
 17    -
 18  00 00      4   42   59.0      0    0    0.0        4   42   59.0
 19  00 00      4   29   49.7      1   16   18.7        5   45   68.4
 20  03 15      4   22   44.6      1   18   20.2        5   40   64.8
 21  00 30      4   17   41.0      1   17   19.4        5   34   60.5
 22  00 15      1   14   17.3      2   30   36.0        3   44   53.3
 22  23 45      1    1    7.9      2   19   28.1        3   20   36.0
 24  00 15      0    0    0.0      2   11   22.3        2   11   22.3
 25  00 20      2   11   22.3      2    8   20.2        4   19   42.5
 26  01 15      2    6   18.7      2    7   19.4        4   13   38.2
 27  00 10      2   17   26.6      2    3   16.6        4   20   43.2
 28  03 00      2   19   28.1      0    0    0.0        2   19   28.1
 29  00 10      3   43   52.6      1    4   10.1        4   47   62.6
 30  00 20      3   36   47.5      1    4   10.1        4   40   57.6
 31  00 20      3   26   40.3      2    8   20.2        5   34   60.5

 Monthly Mean            42.0               14.2                 56.1

 --------------------------------------------------------------------

 November  1977     (k = 0.72)

 Date Time(UT)      North              South                Total
      h  m      g    f     R       g    f     R         g    f     R
  1  00 10      2   25   32.4      2    7   19.4        4   32   51.8
  2    -
  3  01 30      2   14   24.5      1    7   12.2        3   21   36.7
  4    -
  5  00 40      1   10   14.4      2    7   19.4        3   17   33.8
  6  01 30      1   16   18.7      1    4   10.1        2   20   28.8
  7    -
  8  00 50      3    9   28.1      1    4   10.1        4   13   38.2
  9    -
 10  00 30      2    3   16.6      1    3    9.4        3    6   25.9
 11  00 15      2    3   16.6      1   10   14.4        3   13   31.0
 12  00 30      2    6   18.7      1    8   13.0        3   14   31.7
 13    -
 14    -
 15  02 30      1   10   14.4      3   11   29.5        4   21   43.9
 16    -
 17    -
 18  00 20      4   37   55.4      3   10   28.8        7   47   84.2
 18  23 00      3   37   48.2      3    6   25.9        6   43   74.2
 20  03 30      3   41   51.1      1    1    7.9        4   42   59.0
 21  00 05      4   51   65.5      0    0    0.0        4   51   65.5
 22  04 25      4   17   41.0      0    0    0.0        4   17   41.0
 23  00 45      3   22   37.4      0    0    0.0        3   22   37.4
 24  00 33      2   25   32.4      0    0    0.0        2   25   32.4
 25  00 00      2    5   18.0      0    0    0.0        2    5   18.0
 26    -
 27  04 40      2    2   15.8      0    0    0.0        2    2   15.8
 28  00 20      1    1    7.9      0    0    0.0        1    1    7.9
 29  02 25      1    1    7.9      0    0    0.0        1    1    7.9
 30  00 00      1    3    9.4      1    5   10.8        2    8   20.2


 Monthly Mean            27.4               10.1                 37.4

 --------------------------------------------------------------------

 December  1977     (k = 0.72)

 Date Time(UT)      North              South                Total
      h  m      g    f     R       g    f     R         g    f     R
 30  23 35      0    0    0.0      1   11   15.1        1   11   15.1
  2  00 00      0    0    0.0      1   10   14.4        1   10   14.4
  3  00 00      0    0    0.0      1   15   18.0        1   15   18.0
  4  02 15      2   11   22.3      1   12   15.8        3   23   38.2
  5  04 00      3   27   41.0      1   21   22.3        4   48   63.4
  6  00 15      2   23   31.0      2   31   36.7        4   54   67.7
  7  00 15      2   11   22.3      2   16   25.9        4   27   48.2
  8  00 30      1    8   13.0      2   36   40.3        3   44   53.3
  8  23 45      1    2    8.6      2   48   49.0        3   50   57.6
 10  01 30      2    8   20.2      4   47   62.6        6   55   82.8
 11  00 45      2   15   25.2      4   73   81.4        6   88  106.6
 12    -
 13  00 30      2   14   24.5      2   42   44.6        4   56   69.1
 14  00 00      2    4   17.3      2   20   28.8        4   24   46.1
 15  00 50      2    7   19.4      1    5   10.8        3   12   30.2
 16    -
 17  01 45      1    4   10.1      2   11   22.3        3   15   32.4
 18  01 00      5   10   43.2      1    5   10.8        6   15   54.0
 18  23 30      5   22   51.8      1    2    8.6        6   24   60.5
 20  00 25      1    8   13.0      1    1    7.9        2    9   20.9
 21  02 20      2    6   18.7      0    0    0.0        2    6   18.7
 21  23 40      2   12   23.0      1    6   11.5        3   18   34.6
 22  23 50      2    7   19.4      1    1    7.9        3    8   27.4
 24  00 00      2   13   23.8      1    7   12.2        3   20   36.0
 25    -
 26  00 30      4    7   33.8      1   16   18.7        5   23   52.6
 27  00 00      3   10   28.8      3   10   28.8        6   20   57.6
 28  01 45      2   12   23.0      1    8   13.0        3   20   36.0
 29  01 55      3   16   33.1      3   21   36.7        6   37   69.8
 30  01 25      4   33   52.6      3   33   45.4        7   66   97.9
 31    -

 Monthly Mean            22.9               25.5                 48.5

 --------------------------------------------------------------------

