 January   1946     (k = 0.70)

 Date Time(UT)      North              South                Total
      h  m      g    f     R       g    f     R         g    f     R
  1  00 45      1    6   11.2      2   11   21.7        3   17   32.9
  2  00 40      1    3    9.1      3   13   30.1        4   16   39.2
  3  00 40      1    2    8.4      3    9   27.3        4   11   35.7
  4  00 35      0    0    0.0      3    8   26.6        3    8   26.6
  5  00 30      0    0    0.0      2    6   18.2        2    6   18.2
  6  05 30      0    0    0.0      1    7   11.9        1    7   11.9
  7  01 10      0    0    0.0      1    5   10.5        1    5   10.5
  8  04 25      0    0    0.0      1    4    9.8        1    4    9.8
  9  01 10      0    0    0.0      1    2    8.4        1    2    8.4
 10  00 57      1    1    7.7      2   10   21.0        3   11   28.7
 11  01 42      2    5   17.5      1    1    7.7        3    6   25.2
 12  01 42      2    6   18.2      0    0    0.0        2    6   18.2
 13  01 15      4   18   40.6      0    0    0.0        4   18   40.6
 14  01 25      4   42   57.4      2    4   16.8        6   46   74.2
 15  01 50      4   51   63.7      2    4   16.8        6   55   80.5
 16    -
 17  01 00      4   60   70.0      1    2    8.4        5   62   78.4
 18  01 30      3   40   49.0      1    2    8.4        4   42   57.4
 19  00 30      3   35   45.5      1    2    8.4        4   37   53.9
 20  02 45      2   27   32.9      2    9   20.3        4   36   53.2
 21  00 25      2   10   21.0      2   10   21.0        4   20   42.0
 22  00 20      2   11   21.7      3   20   35.0        5   31   56.7
 23  00 25      2    9   20.3      2   23   30.1        4   32   50.4
 24  00 45      2    3   16.1      2   17   25.9        4   20   42.0
 25    -
 26    -
 27    -
 28  01 10      1    2    8.4      2   18   26.6        3   20   35.0
 29  00 00      0    0    0.0      0    0    0.0        0    0    0.0
 30  02 45      3    6   25.2      2   18   26.6        5   24   51.8
 31  00 50      3   22   36.4      3   24   37.8        6   46   74.2

 Monthly Mean            21.5               17.6                 39.1

 --------------------------------------------------------------------

 February  1946     (k = 0.70)

 Date Time(UT)      North              South                Total
      h  m      g    f     R       g    f     R         g    f     R
  1    -
  2  03 25      1   44   37.8      5   39   62.3        6   83  100.1
  3  02 35      1   31   28.7      5   24   51.8        6   55   80.5
  4  01 35      1   52   43.4      5   24   51.8        6   76   95.2
  5  02 50      2   53   51.1      3   17   32.9        5   70   84.0
  6  05 30      3   73   72.1      2   12   22.4        5   85   94.5
  7    -
  8  02 45      4   59   69.3      2   15   24.5        6   74   93.8
  9  00 45      4   40   56.0      2   11   21.7        6   51   77.7
 10  05 35      3   34   44.8      2   10   21.0        5   44   65.8
 11  03 24      3   46   53.2      2   10   21.0        5   56   74.2
 12  04 05      5   47   67.9      2   13   23.1        7   60   91.0
 13  03 00      7   35   73.5      2    6   18.2        9   41   91.7
 14  02 00      6   28   61.6      1    4    9.8        7   32   71.4
 15  04 00      5   34   58.8      0    0    0.0        5   34   58.8
 16    -
 17  03 10      4   28   47.6      1    2    8.4        5   30   56.0
 18  04 35      3   29   41.3      1    2    8.4        4   31   49.7
 19  04 45      3   16   32.2      1    3    9.1        4   19   41.3
 20  02 20      2   21   28.7      2    7   18.9        4   28   47.6
 21  02 15      2   17   25.9      4   13   37.1        6   30   63.0
 22  00 20      3   14   30.8      4   15   38.5        7   29   69.3
 23    -
 24    -
 25  00 30      2    8   19.6      4   23   44.1        6   31   63.7
 26  02 00      4    6   32.2      4   28   47.6        8   34   79.8
 27    -
 28  02 55      3   18   33.6      4   15   38.5        7   33   72.1




 Monthly Mean            45.9               27.8                 73.7

 --------------------------------------------------------------------

 March     1946     (k = 0.70)

 Date Time(UT)      North              South                Total
      h  m      g    f     R       g    f     R         g    f     R
  1    -
  2    -
  3    -
  4  02 15      3   61   63.7      3   15   31.5        6   76   95.2
  5  00 30      3   58   61.6      3   16   32.2        6   74   93.8
  6    -
  7  01 00      3   27   39.9      2    8   19.6        5   35   59.5
  8  01 05      3   36   46.2      3   19   34.3        6   55   80.5
  9  01 00      1   25   24.5      2    7   18.9        3   32   43.4
 10    -
 11  00 05      2   14   23.8      4   17   39.9        6   31   63.7
 12    -
 13    -
 14  00 50      2    2   15.4      3   18   33.6        5   20   49.0
 15  01 50      0    0    0.0      5   33   58.1        5   33   58.1
 16  00 10      0    0    0.0      3   16   32.2        3   16   32.2
 17    -
 18    -
 19  01 20      1    8   12.6      5   36   60.2        6   44   72.8
 20    -
 21    -
 22  01 25      2    5   17.5      7   51   84.7        9   56  102.2
 23    -
 24  02 10      1   18   19.6      3    9   27.3        4   27   46.9
 25  02 40      1   32   29.4      3    8   26.6        4   40   56.0
 26  00 30      1   15   17.5      2    3   16.1        3   18   33.6
 27  00 15      1   24   23.8      1    1    7.7        2   25   31.5
 28  00 00      1   18   19.6      2    3   16.1        3   21   35.7
 29  03 00      2   15   24.5      2    9   20.3        4   24   44.8
 30  00 15      2   14   23.8      3   11   28.7        5   25   52.5
 31  00 50      2   12   22.4      4   12   36.4        6   24   58.8

 Monthly Mean            25.6               32.9                 58.4

 --------------------------------------------------------------------

 April     1946     (k = 0.70)

 Date Time(UT)      North              South                Total
      h  m      g    f     R       g    f     R         g    f     R
 31  23 40      2   18   26.6      3   12   29.4        5   30   56.0
  2  00 00      2   32   36.4      5   15   45.5        7   47   81.9
  3  01 00      2   25   31.5      4   18   40.6        6   43   72.1
  4    -
  4  22 15      1   22   22.4      5   17   46.9        6   39   69.3
  6    -
  7  01 20      1   17   18.9      7   19   62.3        8   36   81.2
  7  23 45      1    3    9.1      7   12   57.4        8   15   66.5
  9  00 05      1    3    9.1      6   19   55.3        7   22   64.4
 10    -
 11    -
 12  03 40      0    0    0.0      6   21   56.7        6   21   56.7
 13    -
 14    -
 14  23 48      0    0    0.0      4   21   42.7        4   21   42.7
 16  01 40      0    0    0.0      4   34   51.8        4   34   51.8
 17    -
 18  00 00      1    2    8.4      3   16   32.2        4   18   40.6
 19  00 00      1    2    8.4      3   26   39.2        4   28   47.6
 19  23 55      2    4   16.8      3   27   39.9        5   31   56.7
 21  06 45      2    7   18.9      3    8   26.6        5   15   45.5
 22  00 20      2   26   32.2      2    7   18.9        4   33   51.1
 22  23 40      2   23   30.1      3    9   27.3        5   32   57.4
 24    -
 25    -
 26    -
 27  00 20      3   26   39.2      3   20   35.0        6   46   74.2
 28    -
 29    -
 30  01 05      3   18   33.6      4   49   62.3        7   67   95.9


 Monthly Mean            19.0               42.8                 61.8

 --------------------------------------------------------------------

 May       1946     (k = 0.70)

 Date Time(UT)      North              South                Total
      h  m      g    f     R       g    f     R         g    f     R
  1    -
  2  03 25      1    2    8.4      7   69   97.3        8   71  105.7
  3    -
  3  23 30      1    2    8.4      7   74  100.8        8   76  109.2
  5    -
  6  03 40      1    2    8.4      8   66  102.2        9   68  110.6
  6  22 10      1    2    8.4      7   50   84.0        8   52   92.4
  8    -
  9    -
 10    -
 11    -
 12    -
 13    -
 14    -
 15    -
 16  05 13      3   11   28.7      0    0    0.0        3   11   28.7
 17    -
 18    -
 19    -
 20    -
 21    -
 21  23 40      4   53   65.1      1   10   14.0        5   63   79.1
 23  01 40      3   46   53.2      1   15   17.5        4   61   70.7
 24  00 00      4   41   56.7      2   22   29.4        6   63   86.1
 25    -
 26  04 10      3   60   63.0      3   10   28.0        6   70   91.0
 27  06 00      3   30   42.0      3    6   25.2        6   36   67.2
 28    -
 29  01 10      2   12   22.4      3    5   24.5        5   17   46.9
 30  01 10      2   10   21.0      1    2    8.4        3   12   29.4


 Monthly Mean            32.1               44.3                 76.4

 --------------------------------------------------------------------

 June      1946     (k = 0.70)

 Date Time(UT)      North              South                Total
      h  m      g    f     R       g    f     R         g    f     R
  1  05 20      1    2    8.4      1    2    8.4        2    4   16.8
  2    -
  3    -
  4    -
  5    -
  6  00 05      2    8   19.6      2    9   20.3        4   17   39.9
  6  22 25      2    9   20.3      2   15   24.5        4   24   44.8
  8  00 20      3    6   25.2      3   16   32.2        6   22   57.4
  9  01 00      3   11   28.7      3   16   32.2        6   27   60.9
 10    -
 11  02 25      2   29   34.3      1    2    8.4        3   31   42.7
 12  00 50      1   11   14.7      2   12   22.4        3   23   37.1
 13  01 30      3   22   36.4      3   23   37.1        6   45   73.5
 14  04 45      3   22   36.4      3    8   26.6        6   30   63.0
 15  06 40      5   30   56.0      3   10   28.0        8   40   84.0
 16  00 35      5   28   54.6      2    7   18.9        7   35   73.5
 17    -
 17  23 30      4   52   64.4      3   19   34.3        7   71   98.7
 19    -
 20  02 20      5   61   77.7      4   15   38.5        9   76  116.2
 20  23 20      4   47   60.9      4   28   47.6        8   75  108.5
 22  01 20      5   40   63.0      2   11   21.7        7   51   84.7
 23  00 00      5   30   56.0      2   18   26.6        7   48   82.6
 24  06 30      4   37   53.9      4   47   60.9        8   84  114.8
 25    -
 26  04 00      4    7   32.9      3   29   41.3        7   36   74.2
 26  23 20      1    5   10.5      4   59   69.3        5   64   79.8
 28  01 10      2    6   18.2      4   64   72.8        6   70   91.0
 28  23 25      1    1    7.7      4   47   60.9        5   48   68.6
 29  23 45      3   11   28.7      3   43   51.1        6   54   79.8


 Monthly Mean            36.8               35.6                 72.4

 --------------------------------------------------------------------

 July      1946     (k = 0.70)

 Date Time(UT)      North              South                Total
      h  m      g    f     R       g    f     R         g    f     R
  1    -
  2  01 55      3   15   31.5      4   18   40.6        7   33   72.1
  3    -
  4  01 00      3   36   46.2      1   36   32.2        4   72   78.4
  5    -
  6  06 30      4   55   66.5      1   62   50.4        5  117  116.9
  7  01 30      4   30   49.0      1   45   38.5        5   75   87.5
  8    -
  9  04 45      3   15   31.5      2   41   42.7        5   56   74.2
 10  04 20      2   11   21.7      2   34   37.8        4   45   59.5
 11  01 50      2    7   18.9      4   35   52.5        6   42   71.4
 11  23 15      2   15   24.5      3   53   58.1        5   68   82.6
 13  07 00      2   24   30.8      4   50   63.0        6   74   93.8
 14  06 40      2   20   28.0      5   48   68.6        7   68   96.6
 15  01 20      2   19   27.3      4   66   74.2        6   85  101.5
 15  23 25      2   11   21.7      4   40   56.0        6   51   77.7
 17  04 10      4   32   50.4      4   56   67.2        8   88  117.6
 18  05 45      4   31   49.7      4   51   63.7        8   82  113.4
 18  23 25      5   57   74.9      6   60   84.0       11  117  158.9
 20  03 00      5   28   54.6      4   41   56.7        9   69  111.3
 21  05 30      4   39   55.3      2   32   36.4        6   71   91.7
 22  02 50      6   79   97.3      3   35   45.5        9  114  142.8
 23  02 30      6   97  109.9      3   20   35.0        9  117  144.9
 24  00 20      5  104  107.8      2   24   30.8        7  128  138.6
 25  05 35      3   69   69.3      1   18   19.6        4   87   88.9
 26    -
 26  23 15      4   92   92.4      2   12   22.4        6  104  114.8
 27  23 40      5  131  126.7      2   26   32.2        7  157  158.9
 29  00 20      4  132  120.4      3   23   37.1        7  155  157.5
 30    -
 31  03 00      4  130  119.0      3   43   51.1        7  173  170.1

 Monthly Mean            61.0               47.9                108.9

 --------------------------------------------------------------------

 August    1946     (k = 0.70)

 Date Time(UT)      North              South                Total
      h  m      g    f     R       g    f     R         g    f     R
  1  04 10      5   87   95.9      3   48   54.6        8  135  150.5
  2    -
  3  02 50      4   53   65.1      4   85   87.5        8  138  152.6
  3  23 50      5   43   65.1      3   90   84.0        8  133  149.1
  5    -
  6    -
  7  00 00      2   15   24.5      5   59   76.3        7   74  100.8
  7  23 50      2   21   28.7      5   80   91.0        7  101  119.7
  9  00 30      3   11   28.7      5   23   51.1        8   34   79.8
 10  00 45      3   21   35.7      4   57   67.9        7   78  103.6
 11  05 40      3   26   39.2      3   57   60.9        6   83  100.1
 12  00 50      2   18   26.6      3   38   47.6        5   56   74.2
 12  23 50      3   28   40.6      4   28   47.6        7   56   88.2
 14  00 50      3   29   41.3      5   23   51.1        8   52   92.4
 14  22 45      4   21   42.7      5   22   50.4        9   43   93.1
 16  00 00      5   31   56.7      4   19   41.3        9   50   98.0
 16  23 30      5   47   67.9      4   14   37.8        9   61  105.7
 18  01 20      4   55   66.5      3   12   29.4        7   67   95.9
 19  00 20      4   78   82.6      2    9   20.3        6   87  102.9
 19  23 45      5   94  100.8      1    3    9.1        6   97  109.9
 21  05 30      5   96  102.2      1    4    9.8        6  100  112.0
 22  01 00      4   87   88.9      0    0    0.0        4   87   88.9
 23  04 20      6   80   98.0      0    0    0.0        6   80   98.0
 24  04 10      6   89  104.3      0    0    0.0        6   89  104.3
 25    -
 25  23 35      4   45   59.5      1    1    7.7        5   46   67.2
 26  23 35      4   52   64.4      1   12   15.4        5   64   79.8
 27  23 40      4   32   50.4      1   20   21.0        5   52   71.4
 28  23 25      4   61   70.7      2   21   28.7        6   82   99.4
 29  23 45      5   55   73.5      3   34   44.8        8   89  118.3
 30  23 30      7   87  109.9      3   51   56.7       10  138  166.6

 Monthly Mean            64.1               40.4                104.5

 --------------------------------------------------------------------

 September 1946     (k = 0.70)

 Date Time(UT)      North              South                Total
      h  m      g    f     R       g    f     R         g    f     R
  1  00 15      7   73  100.1      2   47   46.9        9  120  147.0
  2  00 00      6   63   86.1      3   38   47.6        9  101  133.7
  2  23 50      6   67   88.9      3   29   41.3        9   96  130.2
  4  02 00      6   63   86.1      4   24   44.8       10   87  130.9
  5  02 20      4   37   53.9      3   15   31.5        7   52   85.4
  6  01 45      3   32   43.4      2   17   25.9        5   49   69.3
  7  00 15      3   22   36.4      1   16   18.2        4   38   54.6
  7  23 40      4   15   38.5      1   26   25.2        5   41   63.7
  9  04 20      3   18   33.6      1   17   18.9        4   35   52.5
 10  00 05      3   11   28.7      2   22   29.4        5   33   58.1
 11  00 20      2    3   16.1      3   33   44.1        5   36   60.2
 11  23 55      2    7   18.9      4   46   60.2        6   53   79.1
 13  00 50      3   27   39.9      3   43   51.1        6   70   91.0
 14    -
 15    -
 16  05 00      4  105  101.5      2   32   36.4        6  137  137.9
 17  00 35      3  127  109.9      2   25   31.5        5  152  141.4
 18    -
 19    -
 20    -
 20  23 05      4   57   67.9      0    0    0.0        4   57   67.9
 22    -
 23    -
 24    -
 25  02 45      8   50   91.0      3   31   42.7       11   81  133.7
 25  23 10      7   60   91.0      4   29   48.3       11   89  139.3
 27    -
 28    -
 29    -
 29  23 55      5   30   56.0      5   21   49.7       10   51  105.7


 Monthly Mean            62.5               36.5                 99.0

 --------------------------------------------------------------------

 October   1946     (k = 0.70)

 Date Time(UT)      North              South                Total
      h  m      g    f     R       g    f     R         g    f     R
 30  23 40      6   31   63.7      7   20   63.0       13   51  126.7
  2  00 40      2   19   27.3      6   22   57.4        8   41   84.7
  3  04 20      3   33   44.1      6   24   58.8        9   57  102.9
  4  05 00      2   30   35.0      3   12   29.4        5   42   64.4
  5  00 10      1   17   18.9      2   13   23.1        3   30   42.0
  6    -
  7    -
  7  23 30      2   14   23.8      4   25   45.5        6   39   69.3
  9    -
 10  01 10      2    2   15.4      4   36   53.2        6   38   68.6
 11    -
 12    -
 12  23 30      3   20   35.0      4   17   39.9        7   37   74.9
 14  03 00      4   34   51.8      7   35   73.5       11   69  125.3
 15    -
 15  23 30      6   31   63.7      5   33   58.1       11   64  121.8
 17  03 00      8   53   93.1      6   37   67.9       14   90  161.0
 17  23 40      8   63  100.1      5   28   54.6       13   91  154.7
 18  23 50      9   56  102.2      5   34   58.8       14   90  161.0
 20  01 20     11   48  110.6      6   42   71.4       17   90  182.0
 20  23 20      7   30   70.0      5   28   54.6       12   58  124.6
 22    -
 23    -
 24    -
 25  00 10      7   56   88.2      8   63  100.1       15  119  188.3
 26  00 15      9   62  106.4      7   46   81.2       16  108  187.6
 27  00 50      5   34   58.8      5   34   58.8       10   68  117.6
 28  00 20      3   39   48.3      4   37   53.9        7   76  102.2
 28  23 35      4   24   44.8      3   15   31.5        7   39   76.3
 30  05 45      5   36   60.2      3   18   33.6        8   54   93.8
 31  00 10      5   20   49.0      3   31   42.7        8   51   91.7

 Monthly Mean            59.6               55.0                114.6

 --------------------------------------------------------------------

 November  1946     (k = 0.70)

 Date Time(UT)      North              South                Total
      h  m      g    f     R       g    f     R         g    f     R
  1  00 20      5   22   50.4      3   40   49.0        8   62   99.4
  2  00 40      5   25   52.5      6   48   75.6       11   73  128.1
  3  01 10      3    9   27.3      4   42   57.4        7   51   84.7
  4    -
  5    -
  6    -
  7    -
  8  00 35      6   35   66.5      5   55   73.5       11   90  140.0
  9    -
 10  01 40      7   61   91.7      4   27   46.9       11   88  138.6
 11    -
 12  02 25      5   84   93.8      6   65   87.5       11  149  181.3
 13  02 00      4   70   77.0      5   64   79.8        9  134  156.8
 14  03 05      4  117  109.9      5  119  118.3        9  236  228.2
 15  00 10      5  103  107.1      6   86  102.2       11  189  209.3
 15  23 45      5   76   88.2      6   69   90.3       11  145  178.5
 17    -
 18  00 45      7   52   85.4      6   53   79.1       13  105  164.5
 19  00 40      8   40   84.0      5   53   72.1       13   93  156.1
 20  00 05      6   36   67.2      5   63   79.1       11   99  146.3
 21  04 40      6   74   93.8      7   54   86.8       13  128  180.6
 22  00 45      5  108  110.6      6   70   91.0       11  178  201.6
 23  00 15      3   68   68.6      5   56   74.2        8  124  142.8
 24  04 10      2   73   65.1      5   42   64.4        7  115  129.5
 25  04 40      2   75   66.5      5   43   65.1        7  118  131.6
 26  00 40      2   73   65.1      5   26   53.2        7   99  118.3
 27    -
 28  02 00      2   72   64.4      5   24   51.8        7   96  116.2
 29    -
 30    -


 Monthly Mean            76.8               74.9                151.6

 --------------------------------------------------------------------

 December  1946     (k = 0.70)

 Date Time(UT)      North              South                Total
      h  m      g    f     R       g    f     R         g    f     R
  1  02 00      4   12   36.4      3   10   28.0        7   22   64.4
  2    -
  3  00 20      3   28   40.6      4   25   45.5        7   53   86.1
  4  00 30      3   26   39.2      4   35   52.5        7   61   91.7
  5  00 50      4   72   78.4      5   48   68.6        9  120  147.0
  6  00 10      5   22   50.4      5   37   60.9       10   59  111.3
  7  00 40      3   13   30.1      4   27   46.9        7   40   77.0
  8    -
  9    -
 10  04 20      5   25   52.5      2   17   25.9        7   42   78.4
 11  04 20      4   32   50.4      3   21   35.7        7   53   86.1
 12  00 40      3   19   34.3      3   27   39.9        6   46   74.2
 13  00 40      4   19   41.3      3   66   67.2        7   85  108.5
 14  00 15      3   12   29.4      3   67   67.9        6   79   97.3
 15  06 20      5   19   48.3      5   79   90.3       10   98  138.6
 16  04 30      1   12   15.4      5   46   67.2        6   58   82.6
 17  00 50      2   35   38.5      5  125  122.5        7  160  161.0
 18  00 50      3   41   49.7      4  101   98.7        7  142  148.4
 19  00 50      3   68   68.6      3  116  102.2        6  184  170.8
 20  01 50      2   58   54.6      5   85   94.5        7  143  149.1
 21  01 50      2   75   66.5      4   42   57.4        6  117  123.9
 22  05 00      3   40   49.0      4   17   39.9        7   57   88.9
 23  00 15      4   86   88.2      7   23   65.1       11  109  153.3
 24  00 20      4   80   84.0      3   14   30.8        7   94  114.8
 25    -
 26  00 20      5   78   89.6      4   50   63.0        9  128  152.6
 27    -
 28  02 20      5   60   77.0      5   37   60.9       10   97  137.9
 29  02 10      5   45   66.5      4   27   46.9        9   72  113.4
 30  00 15      5   33   58.1      3   29   41.3        8   62   99.4
 31  02 15      4   22   43.4      4    8   33.6        8   30   77.0

 Monthly Mean            53.1               59.7                112.8

 --------------------------------------------------------------------

