 January   1951     (k = 0.65)

 Date Time(UT)      North              South                Total
      h  m      g    f     R       g    f     R         g    f     R
  1  01 30      1   14   15.6      2    5   16.2        3   19   31.8
  2  00 00      1    1    7.1      1    2    7.8        2    3   14.9
  3  00 15      0    0    0.0      1   15   16.2        1   15   16.2
  4  01 00      0    0    0.0      2   42   40.3        2   42   40.3
  5  00 00      0    0    0.0      1   17   17.5        1   17   17.5
  6    -
  7    -
  8  01 00      1    3    8.4      1   49   38.3        2   52   46.8
  9  00 15      1    2    7.8      3   51   52.6        4   53   60.4
 10    -
 11    -
 12  00 30      2   17   24.0      4   13   34.4        6   30   58.5
 13  00 45      1    3    8.4      0    0    0.0        1    3    8.4
 14  00 00      1    2    7.8      1    2    7.8        2    4   15.6
 15  00 00      2    3   14.9      0    0    0.0        2    3   14.9
 16    -
 17  00 00      1   11   13.6      0    0    0.0        1   11   13.6
 18  00 00      2   31   33.1      0    0    0.0        2   31   33.1
 19  01 30      3   31   39.6      0    0    0.0        3   31   39.6
 19  23 45      3   22   33.8      1    1    7.1        4   23   40.9
 20  23 45      3   12   27.3      1    1    7.1        4   13   34.4
 22  00 00      3   14   28.6      1    1    7.1        4   15   35.8
 23  00 00      3    8   24.7      3   18   31.2        6   26   55.9
 24  00 00      3   20   32.5      3   19   31.8        6   39   64.3
 24  23 45      2   28   31.2      1   10   13.0        3   38   44.2
 25  23 45      2   40   39.0      2   13   21.4        4   53   60.4
 27  00 30      3   82   72.8      2   15   22.8        5   97   95.5
 27  23 45      4   90   84.5      2   25   29.2        6  115  113.7
 29  00 00      4  102   92.3      1   17   17.5        5  119  109.8
 30  00 00      5  106  101.4      2   12   20.8        7  118  122.2
 31  00 00      4   96   88.4      2   15   22.8        6  111  111.1

 Monthly Mean            32.2               17.8                 50.0

 --------------------------------------------------------------------

 February  1951     (k = 0.65)

 Date Time(UT)      North              South                Total
      h  m      g    f     R       g    f     R         g    f     R
 31  23 45      4   70   71.5      3   10   26.0        7   80   97.5
  2  00 00      3   39   44.8      2    9   18.8        5   48   63.7
  3  00 00      3   21   33.1      3   21   33.1        6   42   66.3
  4  00 00      3   14   28.6      2   16   23.4        5   30   52.0
  4  23 41      2    6   16.9      2   13   21.4        4   19   38.3
  6  01 00      2    5   16.2      2    9   18.8        4   14   35.1
  6  23 30      2    4   15.6      2    6   16.9        4   10   32.5
  7  23 30      4   10   32.5      2    4   15.6        6   14   48.1
  9    -
 10  03 00      2   13   21.4      4   16   36.4        6   29   57.8
 11  02 00      2   37   37.0      3   18   31.2        5   55   68.2
 11  23 45      3   32   40.3      1    2    7.8        4   34   48.1
 12  23 00      3   26   36.4      1    4    9.1        4   30   45.5
 14    -
 14  23 45      3   14   28.6      2    6   16.9        5   20   45.5
 16    -
 17  00 00      3   10   26.0      1    2    7.8        4   12   33.8
 18  01 00      2    8   18.2      1    2    7.8        3   10   26.0
 18  23 30      2    8   18.2      1    1    7.1        3    9   25.3
 19  23 45      2   19   25.3      0    0    0.0        2   19   25.3
 21  00 00      3   24   35.1      0    0    0.0        3   24   35.1
 22  00 00      3   38   44.2      0    0    0.0        3   38   44.2
 23  03 00      3   47   50.0      0    0    0.0        3   47   50.0
 24    -
 25    -
 26  00 00      1   89   64.3      3    4   22.1        4   93   86.4
 27  00 00      1   56   42.9      1    2    7.8        2   58   50.7
 28    -




 Monthly Mean            34.0               14.9                 48.9

 --------------------------------------------------------------------

 March     1951     (k = 0.65)

 Date Time(UT)      North              South                Total
      h  m      g    f     R       g    f     R         g    f     R
  1  06 00      3   46   49.4      1    7   11.0        4   53   60.4
  2    -
  3  00 00      2    3   14.9      1   15   16.2        3   18   31.2
  4  00 00      2    2   14.3      1   21   20.1        3   23   34.4
  4  23 30      2    5   16.2      1   19   18.8        3   24   35.1
  6  04 30      3    8   24.7      1    7   11.0        4   15   35.8
  7  01 00      2    9   18.8      2   11   20.1        4   20   39.0
  7  23 30      2    3   14.9      2    4   15.6        4    7   30.5
  9  00 00      1    9   12.3      1    2    7.8        2   11   20.1
 10  00 00      1    8   11.7      1    1    7.1        2    9   18.8
 10  23 30      1    8   11.7      2    7   17.5        3   15   29.2
 12  00 00      1    3    8.4      1   10   13.0        2   13   21.4
 12  23 30      1    4    9.1      2   14   22.1        3   18   31.2
 13  23 30      1    3    8.4      2   11   20.1        3   14   28.6
 14  23 30      1    4    9.1      1    8   11.7        2   12   20.8
 16  01 30      1    5    9.8      1    6   10.4        2   11   20.1
 17  00 00      2    9   18.8      1    9   12.3        3   18   31.2
 17  23 30      2    8   18.2      1    2    7.8        3   10   26.0
 18  23 30      2   12   20.8      1    1    7.1        3   13   27.9
 20  05 30      3   11   26.6      0    0    0.0        3   11   26.6
 21  01 00      4    8   31.2      0    0    0.0        4    8   31.2
 22  00 00      9   26   75.4      1    2    7.8       10   28   83.2
 23  03 30      5   57   69.5      1   17   17.5        6   74   87.1
 24  00 00      5   44   61.1      2   17   24.0        7   61   85.1
 25  00 00      6   59   77.3      2   26   29.9        8   85  107.2
 26  00 00      5   37   56.5      1   13   14.9        6   50   71.5
 26  23 30      6   46   68.9      3   19   31.8        9   65  100.8
 28    -
 28  23 45      5   24   48.1      1    8   11.7        6   32   59.8
 30  01 10      4   20   39.0      2   14   22.1        6   34   61.1
 31  01 10      1    6   10.4      2   13   21.4        3   19   31.8

 Monthly Mean            29.5               14.9                 44.4

 --------------------------------------------------------------------

 April     1951     (k = 0.65)

 Date Time(UT)      North              South                Total
      h  m      g    f     R       g    f     R         g    f     R
  1  01 30      2    7   17.5      2   15   22.8        4   22   40.3
  2    -
  3    -
  4    -
  5  02 00      2   13   21.4      2   10   19.5        4   23   40.9
  6    -
  7  05 00      3   34   41.6      3   13   27.9        6   47   69.5
  8  00 00      2   44   41.6      4   16   36.4        6   60   78.0
  9  01 00      4   40   52.0      4   23   40.9        8   63   92.9
 10  00 00      2   17   24.0      4   25   42.2        6   42   66.3
 11    -
 12  05 00      3   12   27.3      5   36   55.9        8   48   83.2
 13  02 30      1   32   27.3      4   62   66.3        5   94   93.6
 13  23 30      1   31   26.6      4   43   53.9        5   74   80.6
 15    -
 16  00 00      2   94   74.1      3   29   38.3        5  123  112.4
 17    -
 18  00 00      1  133   92.9      2   28   31.2        3  161  124.1
 19    -
 20    -
 21  05 00      3   98   83.2      3   32   40.3        6  130  123.5
 21  23 00      3   98   83.2      3   32   40.3        6  130  123.5
 23  04 00      4  117  102.0      2   51   46.1        6  168  148.2
 23  23 15      4   58   63.7      3   39   44.8        7   97  108.5
 24  23 30      3   39   44.8      2   35   35.8        5   74   80.6
 26  00 15      3   44   48.1      3   58   57.2        6  102  105.3
 27  00 00      3   39   44.8      3   67   63.0        6  106  107.9
 27  23 30      2   22   27.3      4   70   71.5        6   92   98.8
 29  03 30      1   10   13.0      4   48   57.2        5   58   70.2
 30  00 00      1   12   14.3      5   39   57.8        6   51   72.1


 Monthly Mean            46.2               45.2                 91.5

 --------------------------------------------------------------------

 May       1951     (k = 0.65)

 Date Time(UT)      North              South                Total
      h  m      g    f     R       g    f     R         g    f     R
  1  00 30      1   12   14.3      4   22   40.3        5   34   54.6
  2  00 15      2   10   19.5      4   30   45.5        6   40   65.0
  3  00 00      1    4    9.1      3   23   34.4        4   27   43.5
  4  00 50      1   11   13.6      3   24   35.1        4   35   48.8
  5  00 00      1    3    8.4      2   26   29.9        3   29   38.3
  5  23 00      0    0    0.0      1   17   17.5        1   17   17.5
  6  22 25      1    1    7.1      2   14   22.1        3   15   29.2
  8    -
  9  03 40      2    5   16.2      0    0    0.0        2    5   16.2
  9  22 30      2   28   31.2      1    9   12.3        3   37   43.5
 11  00 50      6   73   86.4      1   11   13.6        7   84  100.1
 12  01 00      5   72   79.3      2   18   24.7        7   90  104.0
 12  23 25      7  126  127.4      2    6   16.9        9  132  144.3
 13  23 00      8  146  146.9      0    0    0.0        8  146  146.9
 15    -
 16  03 15      8  164  158.6      2    5   16.2       10  169  174.8
 17    -
 18    -
 19  01 00     10  180  182.0      3   14   28.6       13  194  210.6
 20  00 00      9  112  131.3      3   17   30.5       12  129  161.8
 20  22 45      8  110  123.5      3   43   47.4       11  153  170.9
 22  05 12      5   44   61.1      4   41   52.6        9   85  113.7
 22  23 45      4   80   78.0      4   40   52.0        8  120  130.0
 23  23 04      2   88   70.2      4   43   53.9        6  131  124.1
 25  00 10      4  119  103.3      5   56   68.9        9  175  172.2
 25  23 00      3   56   55.9      4   22   40.3        7   78   96.2
 27    -
 27  23 05      3   33   40.9      5   16   42.9        8   49   83.8
 28  22 55      2   29   31.8      4   15   35.8        6   44   67.6
 29  22 50      1   12   14.3      2    6   16.9        3   18   31.2
 31    -

 Monthly Mean            64.4               31.1                 95.6

 --------------------------------------------------------------------

 June      1951     (k = 0.65)

 Date Time(UT)      North              South                Total
      h  m      g    f     R       g    f     R         g    f     R
  1    -
  1  22 30      2    5   16.2      2    7   17.5        4   12   33.8
  2  23 25      2   11   20.1      2    6   16.9        4   17   37.0
  3  22 00      2    7   17.5      1    3    8.4        3   10   26.0
  5  06 45      2   13   21.4      1    5    9.8        3   18   31.2
  5  22 45      2   29   31.8      2   31   33.1        4   60   65.0
  7    -
  8    -
  9    -
 10  04 00      3  113   92.9      1   22   20.8        4  135  113.7
 10  22 30      3  160  123.5      2   29   31.8        5  189  155.3
 12  06 45      3   98   83.2      2   14   22.1        5  112  105.3
 12  23 00      6  122  118.3      2   18   24.7        8  140  143.0
 13  22 40      5  115  107.2      2   19   25.3        7  134  132.6
 15    -
 16    -
 16  23 15      5   53   66.9      1   72   53.3        6  125  120.2
 17  23 30      5   32   53.3      2   80   65.0        7  112  118.3
 18  23 00      5   37   56.5      2   79   64.3        7  116  120.9
 19  23 15      3   29   38.3      2  104   80.6        5  133  118.9
 21  00 00      4   26   42.9      2   98   76.7        6  124  119.6
 22  01 30      3   19   31.8      2  125   94.2        5  144  126.1
 22  22 30      3   12   27.3      2   95   74.8        5  107  102.0
 23  23 00      2   12   20.8      2   58   50.7        4   70   71.5
 25    -
 25  22 50      4   14   35.1      2   11   20.1        6   25   55.2
 26  22 15      4   16   36.4      1    9   12.3        5   25   48.8
 27    -
 29  05 20      2   20   26.0      1    6   10.4        3   26   36.4
 29  23 15      2    6   16.9      0    0    0.0        2    6   16.9


 Monthly Mean            49.3               37.0                 86.3

 --------------------------------------------------------------------

 July      1951     (k = 0.65)

 Date Time(UT)      North              South                Total
      h  m      g    f     R       g    f     R         g    f     R
 30  23 30      3    9   25.3      0    0    0.0        3    9   25.3
  1  23 30      1    3    8.4      1    2    7.8        2    5   16.2
  3    -
  3  23 30      3   13   27.9      2    6   16.9        5   19   44.8
  5    -
  6  05 40      5   32   53.3      2    4   15.6        7   36   68.9
  6  23 15      7   35   68.2      2    3   14.9        9   38   83.2
  8    -
  9  01 40      6   28   57.2      2   21   26.6        8   49   83.8
 10  01 50      4   36   49.4      2   35   35.8        6   71   85.1
 10  23 30      6   30   58.5      2   60   52.0        8   90  110.5
 12    -
 13  01 00      3   16   29.9      2  100   78.0        5  116  107.9
 14    -
 15    -
 16  00 15      1    1    7.1      2   87   69.5        3   88   76.7
 17    -
 17  23 15      0    0    0.0      3   54   54.6        3   54   54.6
 18  23 15      1    1    7.1      3   24   35.1        4   25   42.2
 20    -
 21  00 15      1    1    7.1      3    9   25.3        4   10   32.5
 22    -
 23  01 15      1    5    9.8      6   24   54.6        7   29   64.3
 23  23 00      2   17   24.0      5   30   52.0        7   47   76.0
 24  23 00      2   12   20.8      3   18   31.2        5   30   52.0
 25  23 00      1    6   10.4      3   24   35.1        4   30   45.5
 27  03 30      1    9   12.3      4   35   48.8        5   44   61.1
 27  23 15      1    4    9.1      5   25   48.8        6   29   57.8
 28  23 45      1    1    7.1      5   37   56.5        6   38   63.7
 29  22 30      0    0    0.0      3   25   35.8        3   25   35.8
 30  22 30      1   12   14.3      6   27   56.5        7   39   70.8

 Monthly Mean            23.1               38.7                 61.8

 --------------------------------------------------------------------

 August    1951     (k = 0.65)

 Date Time(UT)      North              South                Total
      h  m      g    f     R       g    f     R         g    f     R
 31  23 00      1    2    7.8      3   29   38.3        4   31   46.1
  2  01 15      2    5   16.2      3   41   46.1        5   46   62.4
  2  22 45      3   18   31.2      2   33   34.4        5   51   65.6
  3  22 45      4   27   43.5      3   14   28.6        7   41   72.1
  4  22 30      2   38   37.7      2    6   16.9        4   44   54.6
  6  00 00      4   54   61.1      3    8   24.7        7   62   85.8
  6  22 45      5   71   78.6      2    9   18.8        7   80   97.5
  7  23 15      8   88  109.2      3   33   40.9       11  121  150.1
  9  04 20      3  101   85.1      3   47   50.0        6  148  135.2
 10  00 40      3  128  102.7      7   62   85.8       10  190  188.5
 11  01 00      3  104   87.1      5   61   72.1        8  165  159.2
 11  22 45      4   73   73.4      4   44   54.6        8  117  128.0
 12  23 30      4   41   52.6      3   39   44.8        7   80   97.5
 13  23 00      3   34   41.6      3   26   36.4        6   60   78.0
 14  23 40      2   18   24.7      4   26   42.9        6   44   67.6
 16  01 10      1    6   10.4      4   24   41.6        5   30   52.0
 17  00 20      1    1    7.1      5   51   65.6        6   52   72.8
 18  02 30      1    1    7.1      4   64   67.6        5   65   74.8
 18  23 00      1    2    7.8      3   44   48.1        4   46   55.9
 19  23 30      0    0    0.0      3   55   55.2        3   55   55.2
 20  22 30      1    1    7.1      2   55   48.8        3   56   55.9
 22    -
 23    -
 24  04 20      0    0    0.0      2   21   26.6        2   21   26.6
 24  22 45      1    1    7.1      2    6   16.9        3    7   24.0
 25  22 30      2   10   19.5      0    0    0.0        2   10   19.5
 26  23 15      1    2    7.8      1    1    7.1        2    3   14.9
 27  23 10      0    0    0.0      0    0    0.0        0    0    0.0
 29  00 00      1    1    7.1      1    4    9.1        2    5   16.2
 30  05 30      2    4   15.6      0    0    0.0        2    4   15.6
 31    -

 Monthly Mean            33.9               36.5                 70.4

 --------------------------------------------------------------------

 September 1951     (k = 0.65)

 Date Time(UT)      North              South                Total
      h  m      g    f     R       g    f     R         g    f     R
 31  23 30      4   16   36.4      1    2    7.8        5   18   44.2
  1  22 50      4   17   37.0      1    2    7.8        5   19   44.8
  3  00 15      5   29   51.3      1    2    7.8        6   31   59.1
  3  23 30      2   31   33.1      2    7   17.5        4   38   50.7
  5    -
  5  23 15      2   56   49.4      3   24   35.1        5   80   84.5
  7  00 00      2   48   44.2      5   27   50.0        7   75   94.2
  7  23 15      3   27   37.0      4   18   37.7        7   45   74.8
  9    -
  9  23 40      4   32   46.8      4   26   42.9        8   58   89.7
 11    -
 11  23 30      3   52   53.3      5   27   50.0        8   79  103.3
 13    -
 13  22 45      3   70   65.0      3   36   42.9        6  106  107.9
 15    -
 16    -
 16  23 15      4   64   67.6      2    7   17.5        6   71   85.1
 18  02 15      5   77   82.5      1    2    7.8        6   79   90.3
 19    -
 20  00 00      5  106  101.4      1    1    7.1        6  107  108.5
 21  01 30      5   82   85.8      2    6   16.9        7   88  102.7
 22  03 15      4   80   78.0      1    8   11.7        5   88   89.7
 23  00 15      5   71   78.6      1    8   11.7        6   79   90.3
 24  00 00      6   81   91.6      0    0    0.0        6   81   91.6
 25    -
 26    -
 27  01 50      5   35   55.2      1    1    7.1        6   36   62.4
 28  01 30      5   28   50.7      1    1    7.1        6   29   57.8
 29  00 15      3   17   30.5      0    0    0.0        3   17   30.5
 30  01 00      2    7   17.5      1    1    7.1        3    8   24.7


 Monthly Mean            56.8               18.8                 75.6

 --------------------------------------------------------------------

 October   1951     (k = 0.65)

 Date Time(UT)      North              South                Total
      h  m      g    f     R       g    f     R         g    f     R
 30  23 00      2   13   21.4      1    2    7.8        3   15   29.2
  2  00 15      2   30   32.5      1    2    7.8        3   32   40.3
  3  01 00      2   36   36.4      1    2    7.8        3   38   44.2
  4    -
  5  05 40      1   24   22.1      3   19   31.8        4   43   53.9
  5  23 45      1    3    8.4      1    2    7.8        2    5   16.2
  7  00 00      0    0    0.0      1    2    7.8        1    2    7.8
  7  23 45      0    0    0.0      2    5   16.2        2    5   16.2
  9    -
  9  23 30      3   22   33.8      3   15   29.2        6   37   63.0
 11  01 00      3   28   37.7      2   25   29.2        5   53   66.9
 12  04 30      2   27   30.5      4   64   67.6        6   91   98.1
 13  01 00      2   19   25.3      3   41   46.1        5   60   71.5
 14    -
 15  05 00      2    7   17.5      1   23   21.4        3   30   39.0
 15  23 15      1    7   11.0      1   42   33.8        2   49   44.8
 16  23 45      1   14   15.6      1   44   35.1        2   58   50.7
 17  23 15      2    6   16.9      1   42   33.8        3   48   50.7
 18  23 30      4   23   40.9      1   28   24.7        5   51   65.6
 19  23 30      4   30   45.5      1   18   18.2        5   48   63.7
 21    -
 22  00 00      2   29   31.8      0    0    0.0        2   29   31.8
 23    -
 24  05 30      1    5    9.8      0    0    0.0        1    5    9.8
 25  02 00      2   10   19.5      1    1    7.1        3   11   26.6
 26  02 40      3   13   27.9      2    5   16.2        5   18   44.2
 26  23 15      3    6   23.4      2   18   24.7        5   24   48.1
 28    -
 29    -
 30    -
 31  00 15      2   15   22.8      2   53   47.4        4   68   70.2

 Monthly Mean            23.1               22.7                 45.8

 --------------------------------------------------------------------

 November  1951     (k = 0.65)

 Date Time(UT)      North              South                Total
      h  m      g    f     R       g    f     R         g    f     R
 31  23 15      2    7   17.5      2   43   40.9        4   50   58.5
  2    -
  3  00 30      2    4   15.6      1   24   22.1        3   28   37.7
  3  23 30      1    4    9.1      2   18   24.7        3   22   33.8
  4  23 50      1    2    7.8      3   23   34.4        4   25   42.2
  6    -
  7  02 15      2    2   14.3      3   22   33.8        5   24   48.1
  8  00 00      1    1    7.1      2   19   25.3        3   20   32.5
  9  01 10      2   11   20.1      2   45   42.2        4   56   62.4
 10  03 15      1    9   12.3      3   47   50.0        4   56   62.4
 11  00 45      1   13   14.9      3   38   44.2        4   51   59.1
 12    -
 13  00 15      2   10   19.5      2   20   26.0        4   30   45.5
 14  00 00      2    8   18.2      2   13   21.4        4   21   39.6
 15  00 15      0    0    0.0      4   37   50.0        4   37   50.0
 16  01 30      2   16   23.4      4   20   39.0        6   36   62.4
 17  00 50      5    8   37.7      1    4    9.1        6   12   46.8
 18  00 00      7   27   63.0      1    1    7.1        8   28   70.2
 19  01 45      5   29   51.3      0    0    0.0        5   29   51.3
 20  04 45      5   32   53.3      2    2   14.3        7   34   67.6
 21  00 15      4   16   36.4      0    0    0.0        4   16   36.4
 22  00 15      5   23   47.4      0    0    0.0        5   23   47.4
 23  03 30      5   25   48.8      0    0    0.0        5   25   48.8
 24    -
 25  00 15      5   17   43.5      1   11   13.6        6   28   57.2
 25  23 50      5   25   48.8      1    4    9.1        6   29   57.8
 27  00 00      5   34   54.6      0    0    0.0        5   34   54.6
 28  00 15      5   24   48.1      0    0    0.0        5   24   48.1
 29  00 15      5   42   59.8      0    0    0.0        5   42   59.8
 30  01 20      5   55   68.2      3    9   25.3        8   64   93.6


 Monthly Mean            32.3               20.5                 52.8

 --------------------------------------------------------------------

 December  1951     (k = 0.65)

 Date Time(UT)      North              South                Total
      h  m      g    f     R       g    f     R         g    f     R
 30  23 43      4   16   36.4      0    0    0.0        4   16   36.4
  2  00 15      2    6   16.9      1    1    7.1        3    7   24.0
  3  00 15      1    5    9.8      2    2   14.3        3    7   24.0
  4  00 15      1    4    9.1      1    1    7.1        2    5   16.2
  5  00 00      1    5    9.8      2    3   14.9        3    8   24.7
  5  23 45      0    0    0.0      1    1    7.1        1    1    7.1
  7  02 10      0    0    0.0      4   20   39.0        4   20   39.0
  7  23 45      0    0    0.0      5   17   43.5        5   17   43.5
  9  00 00      1    1    7.1      5   16   42.9        6   17   50.0
 10  00 00      1    7   11.0      1    5    9.8        2   12   20.8
 11  00 10      1   11   13.6      0    0    0.0        1   11   13.6
 11  23 50      1    7   11.0      2    5   16.2        3   12   27.3
 13  00 00      1    3    8.4      2    8   18.2        3   11   26.6
 14  01 20      1    2    7.8      1   11   13.6        2   13   21.4
 14  23 45      2    9   18.8      1    3    8.4        3   12   27.3
 15  23 50      2   20   26.0      2    5   16.2        4   25   42.2
 17  00 15      2   20   26.0      0    0    0.0        2   20   26.0
 17  23 45      2   29   31.8      1    7   11.0        3   36   42.9
 19  00 15      2   56   49.4      1   11   13.6        3   67   63.0
 20  00 30      3   57   56.5      1    8   11.7        4   65   68.2
 21  04 40      3   69   64.3      1    8   11.7        4   77   76.0
 22  07 00      2   47   43.5      1    2    7.8        3   49   51.3
 23  02 45      3   63   60.4      1    1    7.1        4   64   67.6
 24  00 30      4   48   57.2      0    0    0.0        4   48   57.2
 25    -
 26  00 15      2   37   37.0      0    0    0.0        2   37   37.0
 27  00 00      2   11   20.1      0    0    0.0        2   11   20.1
 28  02 00      1   22   20.8      0    0    0.0        1   22   20.8
 29  00 00      2   27   30.5      0    0    0.0        2   27   30.5
 30  00 10      2   41   39.6      0    0    0.0        2   41   39.6
 31  02 30      2   35   35.8      2    2   14.3        4   37   50.0

 Monthly Mean            25.3               11.2                 36.5

 --------------------------------------------------------------------

