 January   1948     (k = 0.70)

 Date Time(UT)      North              South                Total
      h  m      g    f     R       g    f     R         g    f     R
  1  01 30      4   38   54.6      3   68   68.6        7  106  123.2
  2  01 20      6   65   87.5      4   71   77.7       10  136  165.2
  3  01 30      6   75   94.5      4   62   71.4       10  137  165.9
  4  01 45      5   59   76.3      4   38   54.6        9   97  130.9
  5  00 57      6   42   71.4      3   33   44.1        9   75  115.5
  6  00 45      4   23   44.1      4   26   46.2        8   49   90.3
  7  01 00      5   21   49.7      4   23   44.1        9   44   93.8
  8  01 45      6   21   56.7      4   33   51.1       10   54  107.8
  9  01 04      5   29   55.3      6   37   67.9       11   66  123.2
 10  01 45      5   10   42.0      6   40   70.0       11   50  112.0
 11  00 52      2    8   19.6      5   36   60.2        7   44   79.8
 12  01 05      5    7   39.9      6   46   74.2       11   53  114.1
 13    -
 14    -
 15  01 07      3   10   28.0      7   64   93.8       10   74  121.8
 16  05 50      3   16   32.2      6   53   79.1        9   69  111.3
 17  03 30      3    7   25.9      5   35   59.5        8   42   85.4
 18  01 10      3   12   29.4      9   66  109.2       12   78  138.6
 19  01 05      2    7   18.9      9   45   94.5       11   52  113.4
 20  01 01      2   12   22.4      7   69   97.3        9   81  119.7
 21  01 01      1    6   11.2      5   50   70.0        6   56   81.2
 22  01 28      3   14   30.8      9   95  129.5       12  109  160.3
 23    -
 24    -
 25  00 50      1    8   12.6      8   71  105.7        9   79  118.3
 26    -
 27  00 18      2    9   20.3     10   89  132.3       12   98  152.6
 28  00 44      4   12   36.4      8   66  102.2       12   78  138.6
 29  00 34      3   10   28.0      5   44   65.8        8   54   93.8
 30  05 00      2   14   23.8      5   48   68.6        7   62   92.4
 31  02 28      2    8   19.6      5   45   66.5        7   53   86.1

 Monthly Mean            39.7               77.1                116.7

 --------------------------------------------------------------------

 February  1948     (k = 0.70)

 Date Time(UT)      North              South                Total
      h  m      g    f     R       g    f     R         g    f     R
  1  04 40      2    2   15.4      9   41   91.7       11   43  107.1
  2  00 30      1    3    9.1      8   43   86.1        9   46   95.2
  3  01 00      1    3    9.1      4   49   62.3        5   52   71.4
  4  00 55      1    5   10.5      6   64   86.8        7   69   97.3
  5  00 35      2   12   22.4      5   66   81.2        7   78  103.6
  6  01 15      5   24   51.8      6   92  106.4       11  116  158.2
  7  04 15      5   16   46.2      4   58   68.6        9   74  114.8
  8  02 15      5   26   53.2      3   62   64.4        8   88  117.6
  9  02 24      5   44   65.8      2   60   56.0        7  104  121.8
 10  02 50      6   36   67.2      2   58   54.6        8   94  121.8
 11  01 59      4   33   51.1      5   58   75.6        9   91  126.7
 12  03 31      3   14   30.8      3   46   53.2        6   60   84.0
 13  01 30      2    9   20.3      6   39   69.3        8   48   89.6
 14  06 09      2    5   17.5      3   26   39.2        5   31   56.7
 15  03 30      2    6   18.2      5   17   46.9        7   23   65.1
 16  00 31      3    6   25.2      4   29   48.3        7   35   73.5
 17  00 20      2    4   16.8      4   53   65.1        6   57   81.9
 18  02 00      2   23   30.1      4   49   62.3        6   72   92.4
 19  02 23      2   26   32.2      6   41   70.7        8   67  102.9
 20  01 06      4   39   55.3      5   38   61.6        9   77  116.9
 21    -
 22  01 09      4   38   54.6      6   38   68.6       10   76  123.2
 23  05 11      2   11   21.7      6   36   67.2        8   47   88.9
 24  00 30      3    5   24.5      5   13   44.1        8   18   68.6
 25  01 52      2   12   22.4      3   12   29.4        5   24   51.8
 26  01 36      3   16   32.2      5   15   45.5        8   31   77.7
 27    -
 28    -
 29  01 04      3   34   44.8      7   34   72.8       10   68  117.6



 Monthly Mean            32.6               64.5                 97.2

 --------------------------------------------------------------------

 March     1948     (k = 0.70)

 Date Time(UT)      North              South                Total
      h  m      g    f     R       g    f     R         g    f     R
  1    -
  2  00 30      3   60   63.0      5   29   55.3        8   89  118.3
  3  00 30      4   63   72.1      4   27   46.9        8   90  119.0
  4  01 04      5   28   54.6      3   17   32.9        8   45   87.5
  5  01 00      4   34   51.8      5   23   51.1        9   57  102.9
  6  02 00      3   28   40.6      6   29   62.3        9   57  102.9
  7  00 30      3   21   35.7      5   31   56.7        8   52   92.4
  8  00 40      2   14   23.8      4   15   38.5        6   29   62.3
  9  01 00      3   28   40.6      5   17   46.9        8   45   87.5
 10  00 18      3   38   47.6      3   21   35.7        6   59   83.3
 11  02 30      3   46   53.2      3   15   31.5        6   61   84.7
 12    -
 13  03 30      3   22   36.4      3   23   37.1        6   45   73.5
 14    -
 15  01 00      2   29   34.3      5   39   62.3        7   68   96.6
 16  00 46      4   39   55.3      6   60   84.0       10   99  139.3
 17    -
 18  01 30      1   54   44.8      3   32   43.4        4   86   88.2
 19    -
 20  04 26      1   25   24.5      2   16   25.2        3   41   49.7
 21    -
 22    -
 23    -
 24  00 20      4    9   34.3      1    3    9.1        5   12   43.4
 25  00 30      4   18   40.6      3   11   28.7        7   29   69.3
 26  01 20      2   23   30.1      2   14   23.8        4   37   53.9
 27  01 42      2   28   33.6      4   19   41.3        6   47   74.9
 28  01 00      3   49   55.3      4   31   49.7        7   80  105.0
 29  01 00      3   83   79.1      5   59   76.3        8  142  155.4
 30  00 45      6  109  118.3      6   55   80.5       12  164  198.8
 31  01 00      5  113  114.1      5   51   70.7       10  164  184.8

 Monthly Mean            51.5               47.4                 98.9

 --------------------------------------------------------------------

 April     1948     (k = 0.70)

 Date Time(UT)      North              South                Total
      h  m      g    f     R       g    f     R         g    f     R
  1  00 30      5  138  131.6      3   56   60.2        8  194  191.8
  2  00 30      6  145  143.5      3   60   63.0        9  205  206.5
  3    -
  4  01 55      6  122  127.4      4  134  121.8       10  256  249.2
  5  00 45      6   75   94.5      6  127  130.9       12  202  225.4
  6  01 20      5   58   75.6      5  144  135.8       10  202  211.4
  7  00 30      5   72   85.4      6  137  137.9       11  209  223.3
  8  00 20      5   49   69.3      6   98  110.6       11  147  179.9
  8  23 40      7   53   86.1      8  109  132.3       15  162  218.4
 10  01 00      6   34   65.8      8   70  105.0       14  104  170.8
 11  04 00      6   36   67.2      8   92  120.4       14  128  187.6
 12  00 00      6   35   66.5      7   77  102.9       13  112  169.4
 13    -
 14  00 20      7   80  105.0      9  149  167.3       16  229  272.3
 15    -
 16    -
 17    -
 18  01 30      6   50   77.0      8  206  200.2       14  256  277.2
 19  00 00      5   72   85.4      5  214  184.8       10  286  270.2
 20    -
 21    -
 22  03 20      6  119  125.3      4  106  102.2       10  225  227.5
 23  00 30      7  123  135.1      3  103   93.1       10  226  228.2
 24  01 50      7  173  170.1      7  107  123.9       14  280  294.0
 25  00 35      6  161  154.7      7   97  116.9       13  258  271.6
 26    -
 27  04 00      5  114  114.8      7   46   81.2       12  160  196.0
 27  22 00      6   97  109.9      8   55   94.5       14  152  204.4
 29  00 00      6   84  100.8      5   33   58.1       11  117  158.9
 30  00 00      6   79   97.3      5   78   89.6       11  157  186.9


 Monthly Mean           104.0              115.1                219.1

 --------------------------------------------------------------------

 May       1948     (k = 0.70)

 Date Time(UT)      North              South                Total
      h  m      g    f     R       g    f     R         g    f     R
  1  00 50      4   49   62.3      3   75   73.5        7  124  135.8
  1  23 40      6   38   68.6      4   46   60.2       10   84  128.8
  3    -
  4  00 40      7   38   75.6      7   55   87.5       14   93  163.1
  5  07 00      8   34   79.8      4   65   73.5       12   99  153.3
  6    -
  7  00 30      5   90   98.0      5  196  172.2       10  286  270.2
  8    -
  8  23 30      5  100  105.0      5  153  142.1       10  253  247.1
 10    -
 11    -
 12    -
 13    -
 14  03 30      5   68   82.6      5  165  150.5       10  233  233.1
 15  00 00      3   68   68.6      9  229  223.3       12  297  291.9
 16    -
 17    -
 17  23 35      3   10   28.0      5  146  137.2        8  156  165.2
 19  02 25      3   13   30.1      6   76   95.2        9   89  125.3
 20    -
 21  01 00      2    4   16.8      6   67   88.9        8   71  105.7
 22    -
 23    -
 24    -
 24  23 00      5   19   48.3      5   54   72.8       10   73  121.1
 26  00 30      6   34   65.8      4   40   56.0       10   74  121.8
 26  22 40      6   43   72.1      3   56   60.2        9   99  132.3
 28  02 15      6   76   95.2      3   36   46.2        9  112  141.4
 29  00 10      6   80   98.0      5   44   65.8       11  124  163.8
 29  23 15      5   81   91.7      5   34   58.8       10  115  150.5
 31  00 10      3   98   89.6      5   19   48.3        8  117  137.9

 Monthly Mean            70.9               95.1                166.0

 --------------------------------------------------------------------

 June      1948     (k = 0.70)

 Date Time(UT)      North              South                Total
      h  m      g    f     R       g    f     R         g    f     R
  1    -
  2    -
  2  22 35      4   49   62.3      4   13   37.1        8   62   99.4
  4  00 40      6   57   81.9      5   36   60.2       11   93  142.1
  5    -
  5  22 30      7   78  103.6      7   67   95.9       14  145  199.5
  6  23 10      9   50   98.0      5   56   74.2       14  106  172.2
  8    -
  9  00 00      7   17   60.9      8   87  116.9       15  104  177.8
 10  00 15      3   17   32.9      9  131  154.7       12  148  187.6
 10  23 45      2   11   21.7      9  125  150.5       11  136  172.2
 12  01 30      4   24   44.8      8  128  145.6       12  152  190.4
 13  05 00      2   24   30.8      7  105  122.5        9  129  153.3
 13  23 00      3   63   65.1      5   54   72.8        8  117  137.9
 15    -
 16    -
 17    -
 18  02 00      8  135  150.5      2   10   21.0       10  145  171.5
 19    -
 20    -
 21    -
 22  00 00      6  131  133.7      2   78   68.6        8  209  202.3
 23  00 20      7   83  107.1      2   88   75.6        9  171  182.7
 23  23 40      8   62   99.4      3  140  119.0       11  202  218.4
 25    -
 26  07 00      7   51   84.7      4   78   82.6       11  129  167.3
 27  04 30      8   59   97.3      3  103   93.1       11  162  190.4
 28  03 00      9  108  138.6      4  109  104.3       13  217  242.9
 29    -
 30  02 30      7  158  159.6      6   53   79.1       13  211  238.7


 Monthly Mean            87.4               93.0                180.4

 --------------------------------------------------------------------

 July      1948     (k = 0.70)

 Date Time(UT)      North              South                Total
      h  m      g    f     R       g    f     R         g    f     R
  1    -
  2  00 20      5   86   95.2      2   47   46.9        7  133  142.1
  3  22 00      5   71   84.7      2   34   37.8        7  105  122.5
  5  03 00      6   22   57.4      4   28   47.6       10   50  105.0
  5  23 00      5   30   56.0      7   38   75.6       12   68  131.6
  6  23 20      4   31   49.7      7   47   81.9       11   78  131.6
  7  23 00      4   34   51.8      5   36   60.2        9   70  112.0
  8    -
  9  04 40      5   65   80.5      2   15   24.5        7   80  105.0
 10  01 00      6  122  127.4      4   24   44.8       10  146  172.2
 11  03 30      4  135  122.5      5   36   60.2        9  171  182.7
 12  00 25      4  155  136.5      6   27   60.9       10  182  197.4
 13  00 30      4  203  170.1      6   31   63.7       10  234  233.8
 14  00 10      7  185  178.5      6   20   56.0       13  205  234.5
 14  23 10      5  193  170.1      4   18   40.6        9  211  210.7
 16    -
 17  05 30      4   84   86.8      1    6   11.2        5   90   98.0
 18  05 30      4   71   77.7      4   22   43.4        8   93  121.1
 19  02 20      7   86  109.2      4   22   43.4       11  108  152.6
 20    -
 21    -
 22  05 20      5   50   70.0      4   94   93.8        9  144  163.8
 23  23 00      3   76   74.2      6   97  109.9        9  173  184.1
 24  22 15      7   74  100.8      5   76   88.2       12  150  189.0
 25  23 00      7  130  140.0      6   61   84.7       13  191  224.7
 26  23 00      8  137  151.9      6   33   65.1       14  170  217.0
 27  22 20      6  142  141.4      3   29   41.3        9  171  182.7
 28  23 30      8  180  182.0      2   32   36.4       10  212  218.4
 29  23 00      7  142  148.4      5   61   77.7       12  203  226.1
 30  22 24      7  154  156.8      6   86  102.2       13  240  259.0
 31  22 20      5  110  112.0      7  104  121.8       12  214  233.8

 Monthly Mean           111.2               60.4                171.6

 --------------------------------------------------------------------

 August    1948     (k = 0.70)

 Date Time(UT)      North              South                Total
      h  m      g    f     R       g    f     R         g    f     R
  1  05 00      5   68   82.6      8  148  159.6       13  216  242.2
  2  04 00      4   25   45.5      9  158  173.6       13  183  219.1
  3  22 50      4   43   58.1     10  251  245.7       14  294  303.8
  5  01 35      3   29   41.3      8  220  210.0       11  249  251.3
  6  02 00      4   34   51.8      9  256  242.2       13  290  294.0
  7  03 10      3   34   44.8      7  159  160.3       10  193  205.1
  7  23 00      4   53   65.1      5  158  145.6        9  211  210.7
  8  22 50      2   50   49.0      4  143  128.1        6  193  177.1
  9  23 15      3   29   41.3      4  115  108.5        7  144  149.8
 10  23 30      4   28   47.6      5  106  109.2        9  134  156.8
 11  21 50      3   14   30.8      5   60   77.0        8   74  107.8
 13    -
 14    -
 15  03 10      4   48   61.6      7   54   86.8       11  102  148.4
 15  23 55      5   52   71.4     10  100  140.0       15  152  211.4
 17  00 45      5   69   83.3     11   90  140.0       16  159  223.3
 18    -
 19  00 00      6   88  103.6      9   83  121.1       15  171  224.7
 20    -
 21  02 00      6  131  133.7      9   91  126.7       15  222  260.4
 22  01 35      8  114  135.8      8   58   96.6       16  172  232.4
 22  23 35      7   86  109.2      7   40   77.0       14  126  186.2
 23  23 35      7   82  106.4      8   33   79.1       15  115  185.5
 25    -
 26    -
 27    -
 28  01 00      5   48   68.6      7   54   86.8       12  102  155.4
 28  23 50      4   66   74.2      5   74   86.8        9  140  161.0
 30  03 20      3   57   60.9      4   86   88.2        7  143  149.1
 31  00 00      4   64   72.8      6   89  104.3       10  153  177.1

 Monthly Mean            73.0              129.8                202.8

 --------------------------------------------------------------------

 September 1948     (k = 0.70)

 Date Time(UT)      North              South                Total
      h  m      g    f     R       g    f     R         g    f     R
  1  00 00      2   43   44.1      7   80  105.0        9  123  149.1
  2  00 20      2   47   46.9      6  101  112.7        8  148  159.6
  2  23 30      3   41   49.7      5   79   90.3        8  120  140.0
  4    -
  5  01 30      2   70   63.0      4   74   79.8        6  144  142.8
  5  23 30      2   64   58.8      3   38   47.6        5  102  106.4
  7    -
  8    -
  9    -
 10    -
 11    -
 12    -
 13    -
 14    -
 15  01 50      4   21   42.7      6  119  125.3       10  140  168.0
 16    -
 17  00 30      8   30   77.0     10  154  177.8       18  184  254.8
 18  02 20      6   22   57.4      7  184  177.8       13  206  235.2
 19  01 00      5   55   73.5      5  137  130.9       10  192  204.4
 20  01 30      6   86  102.2      5  165  150.5       11  251  252.7
 21  02 00      7  101  119.7      4  161  140.7       11  262  260.4
 22  01 00      8  136  151.2      8  128  145.6       16  264  296.8
 23    -
 24    -
 25  03 40      6   56   81.2      7   53   86.1       13  109  167.3
 26    -
 27  01 00      4   37   53.9      8   56   95.2       12   93  149.1
 28  00 45      6   27   60.9      8   46   88.2       14   73  149.1
 29    -
 30  00 30      4   41   56.7      7   39   76.3       11   80  133.0


 Monthly Mean            71.2              114.4                185.5

 --------------------------------------------------------------------

 October   1948     (k = 0.70)

 Date Time(UT)      North              South                Total
      h  m      g    f     R       g    f     R         g    f     R
  1  02 40      7   71   98.7      4   53   65.1       11  124  163.8
  2    -
  3    -
  4    -
  5  04 00      5   89   97.3      3   13   30.1        8  102  127.4
  6    -
  7  00 30      6   34   65.8      2    7   18.9        8   41   84.7
  8  02 30      4   24   44.8      1   12   15.4        5   36   60.2
  9  03 00      4   24   44.8      3   32   43.4        7   56   88.2
 10    -
 11  00 50      3   42   50.4      4  106  102.2        7  148  152.6
 12  00 30      5   54   72.8      4   85   87.5        9  139  160.3
 13  01 00      7  121  133.7      7  131  140.7       14  252  274.4
 14  00 30      6  122  127.4      8  105  129.5       14  227  256.9
 15    -
 16  04 00      6  107  116.9      7   57   88.9       13  164  205.8
 17  05 00      6  105  115.5      6   54   79.8       12  159  195.3
 18  01 30      6   91  105.7      7   44   79.8       13  135  185.5
 19  00 30      5  126  123.2      5   64   79.8       10  190  203.0
 20  00 40      4   26   46.2      5   33   58.1        9   59  104.3
 21  05 00      9  101  133.7      7   56   88.2       16  157  221.9
 22  01 30      9   88  124.6      7   39   76.3       16  127  200.9
 23  02 00      7   67   95.9      7   70   98.0       14  137  193.9
 24    -
 25  05 00      3   10   28.0      6   63   86.1        9   73  114.1
 26  00 00      2   12   22.4      5   76   88.2        7   88  110.6
 27    -
 28    -
 29    -
 30    -
 31  02 30      4   24   44.8      2   19   27.3        6   43   72.1

 Monthly Mean            84.6               74.2                158.8

 --------------------------------------------------------------------

 November  1948     (k = 0.70)

 Date Time(UT)      North              South                Total
      h  m      g    f     R       g    f     R         g    f     R
  1  05 30      5   36   60.2      2   13   23.1        7   49   83.3
  2  00 20      5   53   72.1      1    8   12.6        6   61   84.7
  3    -
  4  05 20      7  109  125.3      1    1    7.7        8  110  133.0
  5  00 30      7   80  105.0      1    2    8.4        8   82  113.4
  6    -
  7  01 30      6   43   72.1      3   16   32.2        9   59  104.3
  8  02 15      6   26   60.2      3   23   37.1        9   49   97.3
  9  01 00      6   17   53.9      2   39   41.3        8   56   95.2
 10    -
 11  00 20      4   30   49.0      5   45   66.5        9   75  115.5
 12  01 30      3   26   39.2      5   60   77.0        8   86  116.2
 13  04 20      4   22   43.4      7   51   84.7       11   73  128.1
 14  01 30      4   33   51.1      8   66  102.2       12   99  153.3
 15  01 00      2   20   28.0      8   52   92.4       10   72  120.4
 16    -
 17  06 20      2   22   29.4      4   73   79.1        6   95  108.5
 18  02 00      4   34   51.8      3  106   95.2        7  140  147.0
 19    -
 20  00 30      3   52   57.4      5  151  140.7        8  203  198.1
 21  01 40      4   61   70.7      4  125  115.5        8  186  186.2
 22  01 10      4   38   54.6      4   89   90.3        8  127  144.9
 23  04 20      4   21   42.7      3   23   37.1        7   44   79.8
 24    -
 25  01 30      7   39   76.3      2    4   16.8        9   43   93.1
 26  01 00      6   46   74.2      1    2    8.4        7   48   82.6
 27    -
 28  05 00      6   20   56.0      0    0    0.0        6   20   56.0
 29  00 30      7   21   63.7      0    0    0.0        7   21   63.7
 30  00 30      7   35   73.5      0    0    0.0        7   35   73.5


 Monthly Mean            61.3               50.8                112.1

 --------------------------------------------------------------------

 December  1948     (k = 0.70)

 Date Time(UT)      North              South                Total
      h  m      g    f     R       g    f     R         g    f     R
  1  01 00      3   26   39.2      3    7   25.9        6   33   65.1
  2  05 35      3   39   48.3      2   16   25.2        5   55   73.5
  3  01 30      2   19   27.3      3   14   30.8        5   33   58.1
  4  01 10      4   13   37.1      4   18   40.6        8   31   77.7
  5  01 30      3    9   27.3      5   29   55.3        8   38   82.6
  6  02 00      2    9   20.3      6   43   72.1        8   52   92.4
  7  01 00      2    8   19.6      6   39   69.3        8   47   88.9
  8  01 30      2   18   26.6      8   52   92.4       10   70  119.0
  9  00 55      3    9   27.3      8   84  114.8       11   93  142.1
 10  04 00      4   11   35.7      7   90  112.0       11  101  147.7
 11  01 50      2    4   16.8      5   73   86.1        7   77  102.9
 12  06 00      3    6   25.2      3  106   95.2        6  112  120.4
 13  01 30      2    7   18.9      7  128  138.6        9  135  157.5
 14    -
 15  05 20      3   12   29.4      6   94  107.8        9  106  137.2
 16  05 20      5   36   60.2      7  102  120.4       12  138  180.6
 17  01 20      5   71   84.7      5  101  105.7       10  172  190.4
 18  02 00      5   64   79.8      5   62   78.4       10  126  158.2
 19  06 00      7  165  164.5      6   78   96.6       13  243  261.1
 20    -
 21  05 00      7  104  121.8      3   47   53.9       10  151  175.7
 22  01 30      7  132  141.4      3  111   98.7       10  243  240.1
 23    -
 24    -
 25    -
 26    -
 27    -
 28    -
 29  01 00      6   23   58.1      3   34   44.8        9   57  102.9
 30  00 50      7   54   86.8      5   50   70.0       12  104  156.8
 31  00 40      6   77   95.9      5   36   60.2       11  113  156.1

 Monthly Mean            56.2               78.0                134.2

 --------------------------------------------------------------------

