 January   1961     (k = 0.72)

 Date Time(UT)      North              South                Total
      h  m      g    f     R       g    f     R         g    f     R
  1  00 30      4  100  100.8      4   15   39.6        8  115  140.4
  2  01 10      3  102   95.0      4   17   41.0        7  119  136.1
  3  01 10      3  117  105.8      4   11   36.7        7  128  142.6
  4  03 15      3   64   67.7      3    4   24.5        6   68   92.2
  5  01 40      2   54   53.3      1    1    7.9        3   55   61.2
  6    -
  7  01 10      3   32   44.6      1    2    8.6        4   34   53.3
  8  01 30      2   22   30.2      2   15   25.2        4   37   55.4
  9  07 15      2    7   19.4      1   12   15.8        3   19   35.3
 10    -
 11  03 30      1    5   10.8      1    8   13.0        2   13   23.8
 12  01 30      1    3    9.4      1   13   16.6        2   16   25.9
 13    -
 14  01 30      0    0    0.0      3   16   33.1        3   16   33.1
 15  01 00      0    0    0.0      2    5   18.0        2    5   18.0
 16  01 00      0    0    0.0      2   12   23.0        2   12   23.0
 17  01 00      0    0    0.0      4   25   46.8        4   25   46.8
 18  01 30      0    0    0.0      3   19   35.3        3   19   35.3
 19  01 45      3   21   36.7      0    0    0.0        3   21   36.7
 20  01 25      0    0    0.0      3   32   44.6        3   32   44.6
 21  00 45      0    0    0.0      3   24   38.9        3   24   38.9
 22  02 00      1    3    9.4      2   16   25.9        3   19   35.3
 23  01 45      1    2    8.6      2    8   20.2        3   10   28.8
 24    -
 25  05 00      2    9   20.9      0    0    0.0        2    9   20.9
 26  01 10      2   11   22.3      0    0    0.0        2   11   22.3
 27  01 05      3   11   29.5      1    6   11.5        4   17   41.0
 28  00 45      3   15   32.4      1    3    9.4        4   18   41.8
 29  03 15      4   35   54.0      1    8   13.0        5   43   67.0
 30    -
 31  02 30      4   37   55.4      0    0    0.0        4   37   55.4

 Monthly Mean            31.0               21.1                 52.1

 --------------------------------------------------------------------

 February  1961     (k = 0.72)

 Date Time(UT)      North              South                Total
      h  m      g    f     R       g    f     R         g    f     R
  1  01 30      3   21   36.7      2    4   17.3        5   25   54.0
  2  01 15      2   20   28.8      2    5   18.0        4   25   46.8
  3  01 30      3   14   31.7      2   11   22.3        5   25   54.0
  4  01 30      4   12   37.4      2    7   19.4        6   19   56.9
  5  01 45      3   20   36.0      3    5   25.2        6   25   61.2
  6    -
  7    -
  8  01 30      1   17   19.4      3   11   29.5        4   28   49.0
  9  01 30      1   18   20.2      4   21   43.9        5   39   64.1
 10  01 30      1   13   16.6      4   16   40.3        5   29   56.9
 11    -
 12  01 30      1   11   15.1      1    5   10.8        2   16   25.9
 13  01 00      1   12   15.8      1    2    8.6        2   14   24.5
 14  01 30      1   17   19.4      1    1    7.9        2   18   27.4
 15  01 20      1    8   13.0      1    2    8.6        2   10   21.6
 16  01 00      0    0    0.0      1    2    8.6        1    2    8.6
 17  00 40      1    4   10.1      1    1    7.9        2    5   18.0
 18  01 00      1    1    7.9      2    3   16.6        3    4   24.5
 19  01 00      1    1    7.9      1    2    8.6        2    3   16.6
 20  01 00      1    2    8.6      1    5   10.8        2    7   19.4
 21    -
 22  02 00      1    2    8.6      2    8   20.2        3   10   28.8
 23  01 10      1    3    9.4      3   20   36.0        4   23   45.4
 24  01 30      1    4   10.1      3   28   41.8        4   32   51.8
 25    -
 26    -
 27  01 15      1    2    8.6      2    6   18.7        3    8   27.4
 28  01 10      1    2    8.6      1    5   10.8        2    7   19.4




 Monthly Mean            16.8               19.6                 36.5

 --------------------------------------------------------------------

 March     1961     (k = 0.72)

 Date Time(UT)      North              South                Total
      h  m      g    f     R       g    f     R         g    f     R
  1  01 15      1    2    8.6      0    0    0.0        1    2    8.6
  2  00 15      1    2    8.6      1    1    7.9        2    3   16.6
  3  01 30      2    4   17.3      3    5   25.2        5    9   42.5
  4    -
  5  05 30      1    1    7.9      2    5   18.0        3    6   25.9
  6  02 00      1    6   11.5      2    9   20.9        3   15   32.4
  7  00 45      1    8   13.0      1    6   11.5        2   14   24.5
  8  01 45      1    9   13.7      1    6   11.5        2   15   25.2
  9  01 10      1    6   11.5      2   13   23.8        3   19   35.3
 10  03 05      1    2    8.6      1    6   11.5        2    8   20.2
 11  01 00      1    1    7.9      2    8   20.2        3    9   28.1
 12  01 00      0    0    0.0      1    7   12.2        1    7   12.2
 13  00 30      1    5   10.8      0    0    0.0        1    5   10.8
 14    -
 15  00 30      3    9   28.1      1    8   13.0        4   17   41.0
 16    -
 17  00 30      3    5   25.2      3    6   25.9        6   11   51.1
 18  01 35      3    8   27.4      2    4   17.3        5   12   44.6
 19    -
 20    -
 21    -
 22  01 15      4   17   41.0      0    0    0.0        4   17   41.0
 23  00 45      5   26   54.7      0    0    0.0        5   26   54.7
 24  00 40      4   36   54.7      1    1    7.9        5   37   62.6
 25  02 00      4   36   54.7      1    1    7.9        5   37   62.6
 26    -
 27    -
 28  01 45      4   26   47.5      3   26   40.3        7   52   87.8
 29  01 00      3   14   31.7      6   36   69.1        9   50  100.8
 30  01 00      2   20   28.8      5   39   64.1        7   59   92.9
 31  00 00      2   17   26.6      5   40   64.8        7   57   91.4

 Monthly Mean            23.5               20.6                 44.0

 --------------------------------------------------------------------

 April     1961     (k = 0.72)

 Date Time(UT)      North              South                Total
      h  m      g    f     R       g    f     R         g    f     R
  1  00 30      2    8   20.2      5   48   70.6        7   56   90.7
  2  00 25      1    4   10.1      5   66   83.5        6   70   93.6
  3  00 15      0    0    0.0      6   30   64.8        6   30   64.8
  4  00 45      0    0    0.0      6   43   74.2        6   43   74.2
  5  01 30      1   11   15.1      6   41   72.7        7   52   87.8
  6  06 00      1   27   26.6      5   42   66.2        6   69   92.9
  7  01 10      1   15   18.0      5   32   59.0        6   47   77.0
  8  01 30      1   21   22.3      4   12   37.4        5   33   59.8
  9  01 10      1    6   11.5      2   13   23.8        3   19   35.3
 10  00 30      1   18   20.2      2    5   18.0        3   23   38.2
 11  00 45      4   14   38.9      1    2    8.6        5   16   47.5
 12    -
 13  02 20      3    7   26.6      1    2    8.6        4    9   35.3
 14    -
 15    -
 16  00 45      3   21   36.7      3    7   26.6        6   28   63.4
 17  00 40      4   23   45.4      3    6   25.9        7   29   71.3
 18  01 50      3   28   41.8      3    7   26.6        6   35   68.4
 19  00 30      4   23   45.4      3    5   25.2        7   28   70.6
 20  00 45      4   15   39.6      2    3   16.6        6   18   56.2
 21  00 40      4   10   36.0      4    8   34.6        8   18   70.6
 22    -
 23    -
 24  00 45      1    3    9.4      2    4   17.3        3    7   26.6
 25  00 15      1    2    8.6      2   17   26.6        3   19   35.3
 26  00 45      1    2    8.6      1   17   19.4        2   19   28.1
 27  05 00      3    8   27.4      1   38   34.6        4   46   61.9
 28  02 00      3   16   33.1      1   51   43.9        4   67   77.0
 29    -
 30  01 15      3   36   47.5      2   42   44.6        5   78   92.2


 Monthly Mean            24.5               38.7                 63.3

 --------------------------------------------------------------------

 May       1961     (k = 0.72)

 Date Time(UT)      North              South                Total
      h  m      g    f     R       g    f     R         g    f     R
  1  01 10      3   44   53.3      2   61   58.3        5  105  111.6
  2  01 10      2   36   40.3      1   24   24.5        3   60   64.8
  3    -
  4    -
  5  00 50      2   18   27.4      2    7   19.4        4   25   46.8
  6  01 30      3   11   29.5      0    0    0.0        3   11   29.5
  7  03 30      3    7   26.6      0    0    0.0        3    7   26.6
  8  03 05      3   15   32.4      0    0    0.0        3   15   32.4
  9  00 30      3   21   36.7      0    0    0.0        3   21   36.7
 10  01 00      3   21   36.7      0    0    0.0        3   21   36.7
 11  01 30      4   28   49.0      0    0    0.0        4   28   49.0
 12    -
 13  00 30      2   30   36.0      0    0    0.0        2   30   36.0
 14  00 00      2   17   26.6      0    0    0.0        2   17   26.6
 15  06 15      2   12   23.0      0    0    0.0        2   12   23.0
 16  00 50      2    4   17.3      1    2    8.6        3    6   25.9
 17    -
 18  00 15      2    5   18.0      0    0    0.0        2    5   18.0
 19  06 40      2   19   28.1      1    7   12.2        3   26   40.3
 20    -
 21  01 30      5   34   60.5      1    2    8.6        6   36   69.1
 22  02 00      5   22   51.8      1    1    7.9        6   23   59.8
 23  00 30      5   40   64.8      0    0    0.0        5   40   64.8
 24    -
 25  01 00      3   38   49.0      0    0    0.0        3   38   49.0
 26  01 15      2   50   50.4      0    0    0.0        2   50   50.4
 27  00 30      3   32   44.6      1    1    7.9        4   33   52.6
 28  00 45      2   14   24.5      0    0    0.0        2   14   24.5
 29  01 15      1   10   14.4      0    0    0.0        1   10   14.4
 30  01 15      1    6   11.5      1    4   10.1        2   10   21.6
 31    -

 Monthly Mean            35.5                6.6                 42.1

 --------------------------------------------------------------------

 June      1961     (k = 0.72)

 Date Time(UT)      North              South                Total
      h  m      g    f     R       g    f     R         g    f     R
  1  01 00      1    3    9.4      1    1    7.9        2    4   17.3
  2  05 00      1    3    9.4      2   20   28.8        3   23   38.2
  3  01 20      2    6   18.7      1   17   19.4        3   23   38.2
  4  00 30      3    9   28.1      2   28   34.6        5   37   62.6
  5    -
  6  01 10      2   20   28.8      2   23   31.0        4   43   59.8
  7  01 10      1    5   10.8      1   27   26.6        2   32   37.4
  8  01 15      1    6   11.5      1   20   21.6        2   26   33.1
  9    -
 10  03 00      4   38   56.2      1    8   13.0        5   46   69.1
 11  00 45      3   39   49.7      1    4   10.1        4   43   59.8
 12  01 40      3   42   51.8      3    8   27.4        6   50   79.2
 13    -
 14    -
 15  00 50      3   58   63.4      4   38   56.2        7   96  119.5
 16  01 40      2   69   64.1      4   74   82.1        6  143  146.2
 17  02 30      2   36   40.3      5   96  105.1        7  132  145.4
 18  00 30      3   27   41.0      5   80   93.6        8  107  134.6
 19  01 30      4   26   47.5      3   49   56.9        7   75  104.4
 20  01 10      5   50   72.0      3   37   48.2        8   87  120.2
 21  00 30      4   80   86.4      4   32   51.8        8  112  138.2
 22    -
 23  01 00      3   91   87.1      2    9   20.9        5  100  108.0
 24  04 40      2   72   66.2      2    5   18.0        4   77   84.2
 25    -
 26    -
 27    -
 28    -
 29    -
 30  04 25      2   54   53.3      1    6   11.5        3   60   64.8


 Monthly Mean            44.8               38.2                 83.0

 --------------------------------------------------------------------

 July      1961     (k = 0.72)

 Date Time(UT)      North              South                Total
      h  m      g    f     R       g    f     R         g    f     R
  1  05 10      2   45   46.8      1    2    8.6        3   47   55.4
  2  00 00      4   48   63.4      1    1    7.9        5   49   71.3
  3    -
  4    -
  5  05 45      4   18   41.8      0    0    0.0        4   18   41.8
  6  00 35      4   23   45.4      0    0    0.0        4   23   45.4
  7  02 05      4   38   56.2      0    0    0.0        4   38   56.2
  8  00 10      6   24   60.5      0    0    0.0        6   24   60.5
  9  00 15      4   20   43.2      2    4   17.3        6   24   60.5
 10  02 00      5   18   49.0      1   18   20.2        6   36   69.1
 11  02 00      4   22   44.6      1   32   30.2        5   54   74.9
 12    -
 13  02 15      4   21   43.9      2   40   43.2        6   61   87.1
 14  02 05      4   28   49.0      2   54   53.3        6   82  102.2
 15  00 30      3   20   36.0      3   51   58.3        6   71   94.3
 16  01 00      2   15   25.2      3   55   61.2        5   70   86.4
 17  02 15      2    8   20.2      2   47   48.2        4   55   68.4
 18    -
 19    -
 20  01 15      3   27   41.0      4   17   41.0        7   44   82.1
 21  01 15      5   46   69.1      2   19   28.1        7   65   97.2
 22  01 15      3   26   40.3      1    7   12.2        4   33   52.6
 23  01 00      5   50   72.0      2    3   16.6        7   53   88.6
 24  00 40      4   65   75.6      1    2    8.6        5   67   84.2
 25  02 15      4   77   84.2      0    0    0.0        4   77   84.2
 26  00 35      6   70   93.6      1    2    8.6        7   72  102.2
 27  00 25      3   51   58.3      3    3   23.8        6   54   82.1
 28  02 05      2   27   33.8      1    1    7.9        3   28   41.8
 29  01 15      2   20   28.8      0    0    0.0        2   20   28.8
 30  00 00      2   24   31.7      0    0    0.0        2   24   31.7
 31  00 55      3   21   36.7      0    0    0.0        3   21   36.7

 Monthly Mean            49.6               19.1                 68.7

 --------------------------------------------------------------------

 August    1961     (k = 0.72)

 Date Time(UT)      North              South                Total
      h  m      g    f     R       g    f     R         g    f     R
  1  00 35      2   17   26.6      1    3    9.4        3   20   36.0
  2  02 15      2   11   22.3      1    1    7.9        3   12   30.2
  3    -
  4    -
  5    -
  6    -
  7  06 15      0    0    0.0      0    0    0.0        0    0    0.0
  8  01 00      1    4   10.1      0    0    0.0        1    4   10.1
  9  01 00      2   13   23.8      1    1    7.9        3   14   31.7
 10  00 40      4   34   53.3      1    1    7.9        5   35   61.2
 11  00 30      4   33   52.6      3    4   24.5        7   37   77.0
 12  00 30      6   55   82.8      1    7   12.2        7   62   95.0
 13  02 30      9   67  113.0      1   11   15.1       10   78  128.2
 14  03 30      7   30   72.0      2   10   21.6        9   40   93.6
 15  01 30      7   40   79.2      3   11   29.5       10   51  108.7
 16  01 00      6   53   81.4      3   15   32.4        9   68  113.8
 17  00 45      5   35   61.2      4   14   38.9        9   49  100.1
 18  00 45      5   29   56.9      2    4   17.3        7   33   74.2
 19  00 45      3   24   38.9      3    5   25.2        6   29   64.1
 20    -
 21  00 45      5   18   49.0      1    1    7.9        6   19   56.9
 22    -
 23    -
 24    -
 25  00 20      3   17   33.8      1    9   13.7        4   26   47.5
 26  00 50      1   23   23.8      1    5   10.8        2   28   34.6
 27  00 45      3   33   45.4      1    2    8.6        4   35   54.0
 28  01 00      1   31   29.5      0    0    0.0        1   31   29.5
 29  00 45      3   21   36.7      0    0    0.0        3   21   36.7
 30  00 45      3   34   46.1      1    3    9.4        4   37   55.4
 31  02 00      2   49   49.7      0    0    0.0        2   49   49.7

 Monthly Mean            47.3               13.1                 60.4

 --------------------------------------------------------------------

 September 1961     (k = 0.72)

 Date Time(UT)      North              South                Total
      h  m      g    f     R       g    f     R         g    f     R
  1  01 15      2   79   71.3      0    0    0.0        2   79   71.3
  2  01 20      1   43   38.2      0    0    0.0        1   43   38.2
  3  01 30      1   67   55.4      0    0    0.0        1   67   55.4
  4  03 15      1   69   56.9      0    0    0.0        1   69   56.9
  5  00 45      1   67   55.4      0    0    0.0        1   67   55.4
  6  01 30      2   64   60.5      0    0    0.0        2   64   60.5
  7  07 00      3   41   51.1      0    0    0.0        3   41   51.1
  8  06 35      2   30   36.0      0    0    0.0        2   30   36.0
  9  00 20      1   23   23.8      1    4   10.1        2   27   33.8
 10  00 30      3   14   31.7      1   26   25.9        4   40   57.6
 11  01 30      2   13   23.8      1   29   28.1        3   42   51.8
 12  01 30      1    7   12.2      1   47   41.0        2   54   53.3
 13  00 30      1   12   15.8      1   64   53.3        2   76   69.1
 14  00 45      2   37   41.0      2   47   48.2        4   84   89.3
 15    -
 16    -
 17  01 30      4   29   49.7      2   31   36.7        6   60   86.4
 18  00 45      3   28   41.8      1   25   25.2        4   53   67.0
 19  00 30      3   15   32.4      1   11   15.1        4   26   47.5
 20    -
 21  02 30      4   12   37.4      0    0    0.0        4   12   37.4
 22  00 10      4   18   41.8      0    0    0.0        4   18   41.8
 23  00 40      3   16   33.1      0    0    0.0        3   16   33.1
 24  02 00      3   35   46.8      0    0    0.0        3   35   46.8
 25    -
 26  01 15      5   43   67.0      0    0    0.0        5   43   67.0
 27    -
 28  00 15      5   40   64.8      0    0    0.0        5   40   64.8
 29  00 40      4   38   56.2      0    0    0.0        4   38   56.2
 30    -


 Monthly Mean            43.5               11.8                 55.3

 --------------------------------------------------------------------

 October   1961     (k = 0.72)

 Date Time(UT)      North              South                Total
      h  m      g    f     R       g    f     R         g    f     R
  1  00 15      3   47   55.4      0    0    0.0        3   47   55.4
  2    -
  3    -
  4    -
  5    -
  6    -
  7    -
  8  00 30      3    8   27.4      1    3    9.4        4   11   36.7
  9    -
 10  02 30      3   23   38.2      0    0    0.0        3   23   38.2
 11  01 30      3   37   48.2      0    0    0.0        3   37   48.2
 12  01 30      3   25   39.6      2    8   20.2        5   33   59.8
 13  02 00      2   21   29.5      1   17   19.4        3   38   49.0
 14  00 40      3   20   36.0      1    8   13.0        4   28   49.0
 15    -
 16  02 00      3   14   31.7      1    3    9.4        4   17   41.0
 17  01 00      3   14   31.7      1    2    8.6        4   16   40.3
 18  01 15      4   12   37.4      1    1    7.9        5   13   45.4
 19  02 30      3   14   31.7      2    4   17.3        5   18   49.0
 20    -
 21    -
 22    -
 23    -
 24    -
 25  01 00      1    5   10.8      1    4   10.1        2    9   20.9
 26    -
 27    -
 28    -
 29  00 45      1    3    9.4      0    0    0.0        1    3    9.4
 30  01 45      1    3    9.4      0    0    0.0        1    3    9.4
 31  01 15      1    1    7.9      0    0    0.0        1    1    7.9

 Monthly Mean            29.6                7.7                 37.3

 --------------------------------------------------------------------

 November  1961     (k = 0.72)

 Date Time(UT)      North              South                Total
      h  m      g    f     R       g    f     R         g    f     R
  1  01 00      0    0    0.0      0    0    0.0        0    0    0.0
  2  01 00      0    0    0.0      0    0    0.0        0    0    0.0
  3  00 40      0    0    0.0      0    0    0.0        0    0    0.0
  4    -
  5  01 15      1    8   13.0      0    0    0.0        1    8   13.0
  6    -
  7  01 20      2   19   28.1      1   10   14.4        3   29   42.5
  8  01 00      2   31   36.7      1   10   14.4        3   41   51.1
  9  01 00      5   34   60.5      1   12   15.8        6   46   76.3
 10  00 40      5   28   56.2      1    6   11.5        6   34   67.7
 11  01 00      3   32   44.6      1    2    8.6        4   34   53.3
 12  00 45      3   32   44.6      1    3    9.4        4   35   54.0
 13  01 00      4   24   46.1      1    1    7.9        5   25   54.0
 14  01 00      4   25   46.8      0    0    0.0        4   25   46.8
 15  01 00      4   18   41.8      0    0    0.0        4   18   41.8
 16  01 15      3    9   28.1      0    0    0.0        3    9   28.1
 17    -
 18    -
 19    -
 20    -
 21    -
 22  06 30      2   12   23.0      1    2    8.6        3   14   31.7
 23  01 55      2   10   21.6      0    0    0.0        2   10   21.6
 24  02 00      0    0    0.0      0    0    0.0        0    0    0.0
 25  01 30      2    7   19.4      0    0    0.0        2    7   19.4
 26  02 00      1    7   12.2      0    0    0.0        1    7   12.2
 27  01 30      1   11   15.1      1    2    8.6        2   13   23.8
 28  01 30      2    8   20.2      1    4   10.1        3   12   30.2
 29  01 15      1    4   10.1      1    6   11.5        2   10   21.6
 30  03 00      2   31   36.7      1    5   10.8        3   36   47.5


 Monthly Mean            26.3                5.7                 32.0

 --------------------------------------------------------------------

 December  1961     (k = 0.72)

 Date Time(UT)      North              South                Total
      h  m      g    f     R       g    f     R         g    f     R
  1    -
  2  02 15      3   36   47.5      1    4   10.1        4   40   57.6
  3  01 30      3   44   53.3      1    8   13.0        4   52   66.2
  4    -
  5  01 15      3   32   44.6      1    1    7.9        4   33   52.6
  6  02 30      3   21   36.7      0    0    0.0        3   21   36.7
  7  01 10      2   13   23.8      0    0    0.0        2   13   23.8
  8  02 55      2   13   23.8      0    0    0.0        2   13   23.8
  9  01 00      2    9   20.9      0    0    0.0        2    9   20.9
 10  01 45      2    6   18.7      0    0    0.0        2    6   18.7
 11  01 15      1    1    7.9      0    0    0.0        1    1    7.9
 12  01 00      0    0    0.0      0    0    0.0        0    0    0.0
 13  01 15      0    0    0.0      0    0    0.0        0    0    0.0
 14  01 15      0    0    0.0      1    1    7.9        1    1    7.9
 15  00 45      0    0    0.0      1    1    7.9        1    1    7.9
 16  00 40      0    0    0.0      0    0    0.0        0    0    0.0
 17    -
 18  01 30      1    1    7.9      0    0    0.0        1    1    7.9
 19  02 30      1    1    7.9      0    0    0.0        1    1    7.9
 20  01 00      2    2   15.8      0    0    0.0        2    2   15.8
 21  01 30      1    1    7.9      1    8   13.0        2    9   20.9
 22  01 15      2    4   17.3      2   14   24.5        4   18   41.8
 23  01 15      2   18   27.4      1   20   21.6        3   38   49.0
 24  01 10      3   35   46.8      1   20   21.6        4   55   68.4
 25  02 00      2   23   31.0      2   20   28.8        4   43   59.8
 26  01 15      3   30   43.2      2   15   25.2        5   45   68.4
 27  01 30      3   24   38.9      1   14   17.3        4   38   56.2
 28  01 45      3   29   42.5      1   20   21.6        4   49   64.1
 29  00 40      2   44   46.1      1   11   15.1        3   55   61.2
 30  01 15      2   19   28.1      1    9   13.7        3   28   41.8
 31  01 15      2   12   23.0      1    8   13.0        3   20   36.0

 Monthly Mean            23.6                9.4                 33.0

 --------------------------------------------------------------------

