 January   1999     (k = 1.00)

 Date Time(UT)      North              South                Total
      h  m      g    f     R       g    f     R         g    f     R
  1  00 19      2   19   39.0      1    4   14.0        3   23   53.0
  2  02 11      2    8   28.0      1    3   13.0        3   11   41.0
  3  01 14      3   11   41.0      1    2   12.0        4   13   53.0
  3  23 55      2    9   29.0      1    2   12.0        3   11   41.0
  5  00 27      3   11   41.0      2    2   22.0        5   13   63.0
  5  23 42      2    7   27.0      1    1   11.0        3    8   38.0
  7  04 06      1    5   15.0      2    3   23.0        3    8   38.0
  7  23 52      2    6   26.0      3    4   34.0        5   10   60.0
  9  00 50      1    3   13.0      3    8   38.0        4   11   51.0
 10  01 22      2    3   23.0      2    6   26.0        4    9   49.0
 11  03 15      2    3   23.0      2    3   23.0        4    6   46.0
 12  00 41      1    2   12.0      3    3   33.0        4    5   45.0
 13  01 45      1    2   12.0      2    4   24.0        3    6   36.0
 14  00 35      2    5   25.0      3   13   43.0        5   18   68.0
 15    -
 16  00 49      4   16   56.0      1    9   19.0        5   25   75.0
 17  00 43      3   17   47.0      1   11   21.0        4   28   68.0
 18  02 28      3   17   47.0      1    5   15.0        4   22   62.0
 19    -
 20  01 51      3   17   47.0      2   10   30.0        5   27   77.0
 21  00 55      4   18   58.0      2   11   31.0        6   29   89.0
 21  23 59      5   18   68.0      2   10   30.0        7   28   98.0
 23  01 19      3   16   46.0      2    9   29.0        5   25   75.0
 24    -
 25    -
 26  01 16      3    6   36.0      0    0    0.0        3    6   36.0
 27    -
 28  02 21      5    7   57.0      0    0    0.0        5    7   57.0
 29  00 47      2    2   22.0      0    0    0.0        2    2   22.0
 30  04 45      1    4   14.0      0    0    0.0        1    4   14.0
 31  00 49      3    6   36.0      0    0    0.0        3    6   36.0

 Monthly Mean            34.2               19.3                 53.5

 --------------------------------------------------------------------

 February  1999     (k = 1.00)

 Date Time(UT)      North              South                Total
      h  m      g    f     R       g    f     R         g    f     R
  1    -
  2  04 02      1    2   12.0      0    0    0.0        1    2   12.0
  3    -
  4  00 34      0    0    0.0      1    5   15.0        1    5   15.0
  4  23 57      1    1   11.0      1    4   14.0        2    5   25.0
  6  00 37      0    0    0.0      1    2   12.0        1    2   12.0
  7  00 34      0    0    0.0      2    3   23.0        2    3   23.0
  8  01 43      1    1   11.0      2    2   22.0        3    3   33.0
  9  00 25      2    6   26.0      3    4   34.0        5   10   60.0
 10  02 00      3    9   39.0      1    2   12.0        4   11   51.0
 11    -
 11  23 51      3   20   50.0      3    5   35.0        6   25   85.0
 13  05 55      5   30   80.0      4   13   53.0        9   43  133.0
 14  00 37      6   32   92.0      3   14   44.0        9   46  136.0
 15  04 13      6   22   82.0      4   17   57.0       10   39  139.0
 16  00 54      5   23   73.0      4   14   54.0        9   37  127.0
 17  02 09      4   20   60.0      4   12   52.0        8   32  112.0
 18  00 26      4   20   60.0      4    9   49.0        8   29  109.0
 19    -
 20  01 50      5   11   61.0      2    7   27.0        7   18   88.0
 21  04 59      6    9   69.0      3    5   35.0        9   14  104.0
 22  00 55      3    7   37.0      3    5   35.0        6   12   72.0
 23  01 40      3    4   34.0      1    1   11.0        4    5   45.0
 24    -
 25  04 37      2    5   25.0      1    4   14.0        3    9   39.0
 26    -
 27    -
 28  04 40      5   16   66.0      1    2   12.0        6   18   78.0




 Monthly Mean            42.3               29.0                 71.3

 --------------------------------------------------------------------

 March     1999     (k = 1.00)

 Date Time(UT)      North              South                Total
      h  m      g    f     R       g    f     R         g    f     R
  1  05 11      4   14   54.0      1    2   12.0        5   16   66.0
  2  02 12      3   17   47.0      2    5   25.0        5   22   72.0
  3  01 45      3   25   55.0      2    8   28.0        5   33   83.0
  4    -
  5  00 28      6   23   83.0      3   14   44.0        9   37  127.0
  6  02 18      4   12   52.0      3    8   38.0        7   20   90.0
  7    -
  8    -
  9    -
 10    -
 11    -
 12  00 42      3    8   38.0      4    7   47.0        7   15   85.0
 13    -
 14  02 42      2   19   39.0      3    9   39.0        5   28   78.0
 15    -
 16  03 03      3   26   56.0      2    5   25.0        5   31   81.0
 17    -
 18  00 41      3   30   60.0      3   13   43.0        6   43  103.0
 19    -
 20    -
 21    -
 22  02 25      3    3   33.0      2    4   24.0        5    7   57.0
 23  00 41      2    3   23.0      1    2   12.0        3    5   35.0
 24  00 29      3    4   34.0      0    0    0.0        3    4   34.0
 25    -
 26    -
 27    -
 28    -
 29  01 18      3    5   35.0      1    1   11.0        4    6   46.0
 30    -
 31    -

 Monthly Mean            46.8               26.8                 73.6

 --------------------------------------------------------------------

 April     1999     (k = 1.00)

 Date Time(UT)      North              South                Total
      h  m      g    f     R       g    f     R         g    f     R
  1  23 42      2    2   22.0      2    4   24.0        4    6   46.0
  2    -
  3    -
  4    -
  5    -
  6    -
  7    -
  8  01 48      3   19   49.0      3   10   40.0        6   29   89.0
  8  23 09      3   19   49.0      6   12   72.0        9   31  121.0
 10    -
 11    -
 12    -
 13  04 39      1    2   12.0      7   24   94.0        8   26  106.0
 14  05 46      0    0    0.0      6   14   74.0        6   14   74.0
 15  01 04      1    1   11.0      6   19   79.0        7   20   90.0
 16    -
 17    -
 18    -
 19    -
 20  00 46      3    6   36.0      2    9   29.0        5   15   65.0
 21    -
 22  01 35      1    3   13.0      2    9   29.0        3   12   42.0
 23    -
 24    -
 25  02 11      3   10   40.0      1    2   12.0        4   12   52.0
 26  04 55      4   10   50.0      1    2   12.0        5   12   62.0
 27  06 06      3   12   42.0      1    1   11.0        4   13   53.0
 28    -
 29    -
 30  05 34      3   19   49.0      0    0    0.0        3   19   49.0

 
 Monthly Mean            31.1               39.7                 70.8

 --------------------------------------------------------------------

 May    1999     (k = 1.00)

 Date Time(UT)      North              South                Total
      h  m      g    f     R       g    f     R         g    f     R
  1  01 45      3   24   54.0      0    0    0.0        3   24   54.0
  2  00 11      3   22   52.0      2    2   22.0        5   24   74.0
  3    -
  4    -
  5  01 21      6   17   77.0      3    5   35.0        9   22  112.0
  6  04 53      6   17   77.0      3    3   33.0        9   20  110.0
  7  02 21      8   23  103.0      5    8   58.0       13   31  161.0
  8  00 47      8   26  106.0      3   11   41.0       11   37  147.0
  9  00 33      8   27  107.0      3   17   47.0       11   44  154.0
 10    -
 11    -
 12  04 51      3   20   50.0      5   18   68.0        8   38  118.0
 13  00 29      3   24   54.0      5   17   67.0        8   41  121.0
 13  23 21      2   16   36.0      3    8   38.0        5   24   74.0
 15    -
 16    -
 17  01 17      3   14   44.0      3   10   40.0        6   24   84.0
 18    -
 19    -
 20  05 41      2    5   25.0      4   14   54.0        6   19   79.0
 20  23 33      3    9   39.0      5   19   69.0        8   28  108.0
 22  05 52      3    4   34.0      5   20   70.0        8   24  104.0
 23  02 11      2    4   24.0      5   24   74.0        7   28   98.0
 24    -
 25  00 39      5   11   61.0      4    8   48.0        9   19  109.0
 26    -
 27    -
 28    -
 29    -
 30  00 03      6   32   92.0      3    5   35.0        9   37  127.0
 31  05 06      5   27   77.0      3   10   40.0        8   37  117.0

 Monthly Mean            61.8               46.6                108.4

 --------------------------------------------------------------------

 June     1999     (k = 1.00)

 Date Time(UT)      North              South                Total
      h  m      g    f     R       g    f     R         g    f     R
  1  00 17      5   24   74.0      5   20   70.0       10   44  144.0
  2  01 56      5   19   69.0      5   16   66.0       10   35  135.0
  3    -
  4  04 31      5   11   61.0      3   13   43.0        8   24  104.0
  5  00 31      6   13   73.0      5   25   75.0       11   38  148.0
  6  00 31      3   15   45.0      5   15   65.0        8   30  110.0
  7    -
  8  00 12      5   21   71.0      5   12   62.0       10   33  133.0
  9  00 29      7   21   91.0      4   10   50.0       11   31  141.0
 10  01 41      5   21   71.0      4    8   48.0        9   29  119.0
 10  23 20      8   45  125.0      5   12   62.0       13   57  187.0
 12  02 12      6   28   88.0      5   13   63.0       11   41  151.0
 13  01 26      6   27   87.0      5   19   69.0       11   46  156.0
 14  01 17      6   27   87.0      5   13   63.0       11   40  150.0
 15    -
 16    -
 17    -
 18    -
 19    -
 20    -
 21  01 47      6   11   71.0      1    1   11.0        7   12   82.0
 22    -
 23    -
 24    -
 25    -
 26    -
 27    -
 28    -
 29    -
 30    -


 Monthly Mean            77.9               57.5                135.4

 --------------------------------------------------------------------

 July     1999     (k = 1.00)

 Date Time(UT)      North              South                Total
      h  m      g    f     R       g    f     R         g    f     R
  1  02 06      6   13   73.0      3   27   57.0        9   40  130.0
  1  23 46     10   15  115.0      3   26   56.0       13   41  171.0
  3    -
  4  00 30      5   14   64.0      3   14   44.0        8   28  108.0
  5    -
  6    -
  7  00 30      3    8   38.0      5   11   61.0        8   19   99.0
  8  01 29      2    6   26.0      5    7   57.0        7   13   83.0
  9    -
 10    -
 11    -
 12    -
 13    -
 14    -
 15  06 19      3    9   39.0      3    7   37.0        6   16   76.0
 16  00 08      2   12   32.0      3   12   42.0        5   24   74.0
 17    -
 18    -
 19    -
 20    -
 21    -
 22  04 19      5   24   74.0      1    2   12.0        6   26   86.0
 23  00 26      5   34   84.0      1    2   12.0        6   36   96.0
 23  23 59      4   21   61.0      2    5   25.0        6   26   86.0
 25  00 11      4   22   62.0      4    7   47.0        8   29  109.0
 26  00 41      3   19   49.0      3    9   39.0        6   28   88.0
 27  03 42      3   29   59.0      5   28   78.0        8   57  137.0
 28    -
 29  00 08      6   19   79.0      5   23   73.0       11   42  152.0
 30  00 28      6   20   80.0      5   40   90.0       11   60  170.0
 31    -

 Monthly Mean            62.3               48.7                111.0

 --------------------------------------------------------------------

 August     1999     (k = 1.00)

 Date Time(UT)      North              South                Total
      h  m      g    f     R       g    f     R         g    f     R
  1  23 45      6   22   82.0      5   30   80.0       11   52  162.0
  2    -
  3  01 20      3   27   57.0      6   31   91.0        9   58  148.0
  4    -
  5  01 27      3   25   55.0      7   17   87.0       10   42  142.0
  6    -
  7    -
  8  06 50      5   13   63.0      3   15   45.0        8   28  108.0
  9  00 46      2    2   22.0      3   18   48.0        5   20   70.0
 10    -
 11  01 14      0    0    0.0      3   27   57.0        3   27   57.0
 12  00 04      0    0    0.0      2   17   37.0        2   17   37.0
 13    -
 14    -
 15  04 54      2    4   24.0      3    7   37.0        5   11   61.0
 16  05 13      2    5   25.0      3    6   36.0        5   11   61.0
 17  05 50      1    2   12.0      2    2   22.0        3    4   34.0
 18  00 01      2    5   25.0      1    2   12.0        3    7   37.0
 19  00 06      2   13   33.0      1    1   11.0        3   14   44.0
 20    -
 21  02 54      2   10   30.0      1    7   17.0        3   17   47.0
 22  02 41      1    5   15.0      1    9   19.0        2   14   34.0
 22  23 48      1    7   17.0      1   14   24.0        2   21   41.0
 24    -
 25  02 10      4    8   48.0      1   21   31.0        5   29   79.0
 26  05 38      6    6   66.0      2   21   41.0        8   27  107.0
 27    -
 28    -
 29  02 36      3   21   51.0      1   16   26.0        4   37   77.0
 30  00 19      4   25   65.0      2   19   39.0        6   44  104.0
 31  01 35      4   19   59.0      1    6   16.0        5   25   75.0

 Monthly Mean            37.5               38.8                 76.3

 --------------------------------------------------------------------

 September     1999     (k = 1.00)

 Date Time(UT)      North              South                Total
      h  m      g    f     R       g    f     R         g    f     R
  1  01 09      6   31   91.0      2   11   31.0        8   42  122.0
  2    -
  3    -
  4    -
  5  00 19      5   16   66.0      1    1   11.0        6   17   77.0
  6    -
  7    -
  8  04 01      5    9   59.0      2    4   24.0        7   13   83.0
  8  23 47      4   11   51.0      3    9   39.0        7   20   90.0
 10    -
 11  04 29      4   19   59.0      2   12   32.0        6   31   91.0
 12  00 02      4   17   57.0      1    7   17.0        5   24   74.0
 13    -
 14  05 57      5   39   89.0      1   11   21.0        6   50  110.0
 15    -
 16    -
 17    -
 18    -
 19  03 27      5   12   62.0      2    5   25.0        7   17   87.0
 20    -
 21    -
 22    -
 23  07 05      2    5   25.0      3    9   39.0        5   14   64.0
 24  01 14      1    2   12.0      3   10   40.0        4   12   52.0
 25  00 28      1    2   12.0      2    3   23.0        3    5   35.0
 26    -
 27  05 36      2    3   23.0      2    3   23.0        4    6   46.0
 28  01 11      3    5   35.0      2    3   23.0        5    8   58.0
 29    -
 30  00 54      3    6   36.0      2    3   23.0        5    9   59.0
 

 Monthly Mean            48.4               26.5                 74.9

 --------------------------------------------------------------------

 October     1999     (k = 1.00)

 Date Time(UT)      North              South                Total
      h  m      g    f     R       g    f     R         g    f     R
  1    -
  2  05 13      4    5   45.0      1    1   11.0        5    6   56.0
  3    -
  4  04 09      5    8   58.0      4    9   49.0        9   17  107.0
  5    -
  6  01 15      6   21   81.0      5   13   63.0       11   34  144.0
  7    -
  8    -
  9  00 29      6   17   77.0      5    8   58.0       11   25  135.0
 10  00 42      6   19   79.0      4    8   48.0       10   27  127.0
 11  04 15      7   23   93.0      3    5   35.0       10   28  128.0
 12  00 14      6   22   82.0      2    3   23.0        8   25  105.0
 13  02 11      9   46  136.0      2    2   22.0       11   48  158.0
 14  00 12      9   33  123.0      1    1   11.0       10   34  134.0
 15    -
 16    -
 17  04 39      6   26   86.0      0    0    0.0        6   26   86.0
 17  23 49      6   31   91.0      1    1   11.0        7   32  102.0
 19    -
 20    -
 21  00 18      8   26  106.0      2   14   34.0       10   40  140.0
 22    -
 23  02 32      2    3   23.0      3   17   47.0        5   20   70.0
 24  01 37      2    5   25.0      3   28   58.0        5   33   83.0
 25  02 30      2    8   28.0      3   27   57.0        5   35   85.0
 26  00 12      3   12   42.0      5   36   86.0        8   48  128.0
 27    -
 28  00 24      3   12   42.0      5   28   78.0        8   40  120.0
 29  02 17      3   13   43.0      5   28   78.0        8   41  121.0
 30  00 26      5   25   75.0      6   34   94.0       11   59  169.0
 31  05 19      4   12   52.0      5   17   67.0        9   29  119.0

 Monthly Mean            69.4               46.5                115.9

 --------------------------------------------------------------------

 November     1999     (k = 1.00)

 Date Time(UT)      North              South                Total
      h  m      g    f     R       g    f     R         g    f     R
  1    -
  2    -
  3    -
  4  05 40      4   16   56.0      5   15   65.0        9   31  121.0
  4  23 46      5   13   63.0      5   12   62.0       10   25  125.0
  6  01 16      7   11   81.0      3    5   35.0       10   16  116.0
  7    -
  8    -
  9  04 49      9   59  149.0      1    2   12.0       10   61  161.0
 10  01 03      9   82  172.0      2    3   23.0       11   85  195.0
 11  03 06      9   62  152.0      2    2   22.0       11   64  174.0
 12    -
 13  00 58      5   68  118.0      2   18   38.0        7   86  156.0
 14  00 36      5   41   91.0      2   16   36.0        7   57  127.0
 15    -
 16  03 43      6   26   86.0      4   20   60.0       10   46  146.0
 17  00 30      5   32   82.0      4   15   55.0        9   47  137.0
 18  00 26      3   19   49.0      5   18   68.0        8   37  117.0
 19  00 01      4   21   61.0      7   35  105.0       11   56  166.0
 20  00 51      3   15   45.0      6   21   81.0        9   36  126.0
 21  00 22      3   14   44.0      4   18   58.0        7   32  102.0
 22  03 06      3   14   44.0      4   16   56.0        7   30  100.0
 23    -
 24    -
 25  00 51      2    3   23.0      7   30  100.0        9   33  123.0
 26    -
 27  00 12      2    2   22.0      7   38  108.0        9   40  130.0
 28  00 24      2    4   24.0      4   23   63.0        6   27   87.0
 29  01 12      1    8   18.0      2   19   39.0        3   27   57.0
 30  00 47      2   10   30.0      2   10   30.0        4   20   60.0
 

 Monthly Mean            70.5               55.8                126.3

 --------------------------------------------------------------------

 December     1999     (k = 1.00)

 Date Time(UT)      North              South                Total
      h  m      g    f     R       g    f     R         g    f     R
  1    -
  2    -
  3  00 15      6   10   70.0      1    6   16.0        7   16   86.0
  4    -
  5  04 20      3    8   38.0      1    2   12.0        4   10   50.0
  6    -
  7  00 10      4   17   57.0      0    0    0.0        4   17   57.0
  8  00 16      4   17   57.0      2    3   23.0        6   20   80.0
  9  00 06      4   14   54.0      3    3   33.0        7   17   87.0
 10  05 11      4   16   56.0      3    6   36.0        7   22   92.0
 11  00 23      5   22   72.0      3   11   41.0        8   33  113.0
 12  02 37      5   16   66.0      3    8   38.0        8   24  104.0
 13  01 11      4   10   50.0      5    8   58.0        9   18  108.0
 14    -
 15  00 50      3    4   34.0      5   17   67.0        8   21  101.0
 16  05 04      3    4   34.0      7   30  100.0       10   34  134.0
 17  00 05      1    1   11.0      7   27   97.0        8   28  108.0
 18    -
 19  00 24      2    7   27.0      3   17   47.0        5   24   74.0
 20  02 36      2    7   27.0      4   13   53.0        6   20   80.0
 21  01 30      3   15   45.0      3   13   43.0        6   28   88.0
 22  00 11      2   12   32.0      3   14   44.0        5   26   76.0
 23  00 18      2   12   32.0      3    8   38.0        5   20   70.0
 24  05 04      2   17   37.0      2    5   25.0        4   22   62.0
 25  00 35      4   18   58.0      2    4   24.0        6   22   82.0
 26  01 01      3   15   45.0      1    4   14.0        4   19   59.0
 27  06 37      3   25   55.0      1    2   12.0        4   27   67.0
 28  06 37      3   17   47.0      1    1   11.0        4   18   58.0
 29  00 33      3   13   43.0      3    5   35.0        6   18   78.0
 30  00 44      2    5   25.0      2    3   23.0        4    8   48.0
 31  04 05      2    4   24.0      0    0    0.0        2    4   24.0

Monthly Mean             43.8               35.6                 79.4

 --------------------------------------------------------------------

