 January   1975     (k = 0.72)

 Date Time(UT)      North              South                Total
      h  m      g    f     R       g    f     R         g    f     R
  1    -
  2    -
  3    -
  3  23 30      1    3    9.4      1    8   13.0        2   11   22.3
  5  01 50      1    3    9.4      1    6   11.5        2    9   20.9
  6  01 30      1    2    8.6      1    6   11.5        2    8   20.2
  7  02 15      3   16   33.1      1    2    8.6        4   18   41.8
  8    -
  9  00 00      3    9   28.1      0    0    0.0        3    9   28.1
 10  00 45      3   17   33.8      1    4   10.1        4   21   43.9
 11  02 30      2    9   20.9      1    2    8.6        3   11   29.5
 12  00 30      3   14   31.7      1    1    7.9        4   15   39.6
 13  00 00      3   12   30.2      0    0    0.0        3   12   30.2
 14  00 45      1    5   10.8      0    0    0.0        1    5   10.8
 15  01 30      1    7   12.2      0    0    0.0        1    7   12.2
 16    -
 17  00 25      2    8   20.2      0    0    0.0        2    8   20.2
 18  00 30      2    6   18.7      0    0    0.0        2    6   18.7
 19  00 20      2    8   20.2      0    0    0.0        2    8   20.2
 20  00 00      3    9   28.1      0    0    0.0        3    9   28.1
 21  04 10      1    9   13.7      0    0    0.0        1    9   13.7
 22    -
 23  00 45      2    9   20.9      0    0    0.0        2    9   20.9
 23  23 45      1    1    7.9      0    0    0.0        1    1    7.9
 25  00 00      0    0    0.0      0    0    0.0        0    0    0.0
 26  00 45      1    3    9.4      0    0    0.0        1    3    9.4
 27    -
 28  00 30      0    0    0.0      0    0    0.0        0    0    0.0
 29  00 15      0    0    0.0      0    0    0.0        0    0    0.0
 30  03 20      0    0    0.0      0    0    0.0        0    0    0.0
 31  00 00      1    3    9.4      0    0    0.0        1    3    9.4

 Monthly Mean            15.7                3.0                 18.7

 --------------------------------------------------------------------

 February  1975     (k = 0.72)

 Date Time(UT)      North              South                Total
      h  m      g    f     R       g    f     R         g    f     R
  1  00 00      0    0    0.0      0    0    0.0        0    0    0.0
  2    -
  2  23 30      0    0    0.0      3   10   28.8        3   10   28.8
  4    -
  5  00 15      1    1    7.9      1    4   10.1        2    5   18.0
  6  00 15      1   15   18.0      1    7   12.2        2   22   30.2
  7    -
  8  04 00      1   20   21.6      0    0    0.0        1   20   21.6
  9  00 00      1   26   25.9      1    4   10.1        2   30   36.0
 10  00 00      1   21   22.3      0    0    0.0        1   21   22.3
 11  01 45      1   19   20.9      0    0    0.0        1   19   20.9
 12  00 00      2   13   23.8      0    0    0.0        2   13   23.8
 13  02 30      1    2    8.6      0    0    0.0        1    2    8.6
 14  01 15      1    2    8.6      0    0    0.0        1    2    8.6
 15  00 00      1    4   10.1      0    0    0.0        1    4   10.1
 16  01 05      0    0    0.0      0    0    0.0        0    0    0.0
 17  00 00      0    0    0.0      0    0    0.0        0    0    0.0
 18  00 00      0    0    0.0      0    0    0.0        0    0    0.0
 19  00 00      0    0    0.0      0    0    0.0        0    0    0.0
 20  02 30      0    0    0.0      0    0    0.0        0    0    0.0
 21    -
 21  23 00      0    0    0.0      0    0    0.0        0    0    0.0
 23  00 30      1    1    7.9      0    0    0.0        1    1    7.9
 24  00 25      0    0    0.0      1    8   13.0        1    8   13.0
 25  00 15      0    0    0.0      1    3    9.4        1    3    9.4
 26  00 30      0    0    0.0      1    3    9.4        1    3    9.4
 27    -
 28  00 00      0    0    0.0      0    0    0.0        0    0    0.0




 Monthly Mean             7.6                4.0                 11.7

 --------------------------------------------------------------------

 March     1975     (k = 0.72)

 Date Time(UT)      North              South                Total
      h  m      g    f     R       g    f     R         g    f     R
  1  00 15      0    0    0.0      0    0    0.0        0    0    0.0
  2  00 20      1    5   10.8      0    0    0.0        1    5   10.8
  3  01 00      1   18   20.2      0    0    0.0        1   18   20.2
  4  01 45      1   14   17.3      0    0    0.0        1   14   17.3
  5    -
  6  03 15      1    1    7.9      0    0    0.0        1    1    7.9
  7  00 00      1    1    7.9      0    0    0.0        1    1    7.9
  8  00 15      1    1    7.9      0    0    0.0        1    1    7.9
  9  00 45      1    1    7.9      1    3    9.4        2    4   17.3
 10    -
 11  00 00      1    8   13.0      0    0    0.0        1    8   13.0
 12  00 15      0    0    0.0      1   14   17.3        1   14   17.3
 13  00 15      0    0    0.0      1    9   13.7        1    9   13.7
 14  03 00      0    0    0.0      1   12   15.8        1   12   15.8
 15  03 00      0    0    0.0      2    8   20.2        2    8   20.2
 16  06 20      0    0    0.0      2   15   25.2        2   15   25.2
 17  00 40      0    0    0.0      2   27   33.8        2   27   33.8
 18  00 00      0    0    0.0      2   13   23.8        2   13   23.8
 19  00 15      1    1    7.9      2   22   30.2        3   23   38.2
 20    -
 21  02 00      0    0    0.0      0    0    0.0        0    0    0.0
 22  00 15      0    0    0.0      0    0    0.0        0    0    0.0
 23  01 30      0    0    0.0      0    0    0.0        0    0    0.0
 24  00 30      0    0    0.0      0    0    0.0        0    0    0.0
 25  00 00      0    0    0.0      0    0    0.0        0    0    0.0
 26    -
 27  02 15      0    0    0.0      0    0    0.0        0    0    0.0
 28  00 00      0    0    0.0      0    0    0.0        0    0    0.0
 29  00 00      0    0    0.0      0    0    0.0        0    0    0.0
 30  03 40      0    0    0.0      0    0    0.0        0    0    0.0
 31  00 15      1    3    9.4      0    0    0.0        1    3    9.4

 Monthly Mean             4.1                7.0                 11.1

 --------------------------------------------------------------------

 April     1975     (k = 0.72)

 Date Time(UT)      North              South                Total
      h  m      g    f     R       g    f     R         g    f     R
  1  00 00      0    0    0.0      1    1    7.9        1    1    7.9
  2  00 00      0    0    0.0      0    0    0.0        0    0    0.0
  3  00 15      0    0    0.0      0    0    0.0        0    0    0.0
  4  00 15      0    0    0.0      1    2    8.6        1    2    8.6
  4  23 45      0    0    0.0      0    0    0.0        0    0    0.0
  6    -
  7  00 30      0    0    0.0      0    0    0.0        0    0    0.0
  8    -
  9  01 00      2    8   20.2      0    0    0.0        2    8   20.2
  9  23 30      2   14   24.5      0    0    0.0        2   14   24.5
 11  00 15      0    0    0.0      0    0    0.0        0    0    0.0
 12  00 00      0    0    0.0      0    0    0.0        0    0    0.0
 13    -
 14  04 15      0    0    0.0      0    0    0.0        0    0    0.0
 15  01 45      1    1    7.9      0    0    0.0        1    1    7.9
 16  00 00      0    0    0.0      0    0    0.0        0    0    0.0
 17    -
 18  01 00      0    0    0.0      0    0    0.0        0    0    0.0
 19  01 30      0    0    0.0      0    0    0.0        0    0    0.0
 20    -
 21    -
 22    -
 23    -
 24    -
 25    -
 26  00 15      0    0    0.0      0    0    0.0        0    0    0.0
 27  00 00      1    5   10.8      0    0    0.0        1    5   10.8
 28  00 15      2   12   23.0      0    0    0.0        2   12   23.0
 29  00 00      2    8   20.2      0    0    0.0        2    8   20.2
 30    -


 Monthly Mean             5.6                0.9                  6.5

 --------------------------------------------------------------------

 May       1975     (k = 0.72)

 Date Time(UT)      North              South                Total
      h  m      g    f     R       g    f     R         g    f     R
  1  01 45      0    0    0.0      1    2    8.6        1    2    8.6
  2  00 00      0    0    0.0      3   19   35.3        3   19   35.3
  3    -
  4    -
  5  00 30      1    4   10.1      2   20   28.8        3   24   38.9
  6  05 20      0    0    0.0      2   15   25.2        2   15   25.2
  7  00 00      0    0    0.0      2   11   22.3        2   11   22.3
  8  00 00      0    0    0.0      0    0    0.0        0    0    0.0
  9  02 10      0    0    0.0      0    0    0.0        0    0    0.0
 10  00 30      0    0    0.0      0    0    0.0        0    0    0.0
 10  23 20      0    0    0.0      1    2    8.6        1    2    8.6
 12  00 00      0    0    0.0      0    0    0.0        0    0    0.0
 13  00 15      0    0    0.0      0    0    0.0        0    0    0.0
 14  00 00      0    0    0.0      0    0    0.0        0    0    0.0
 15  02 10      0    0    0.0      0    0    0.0        0    0    0.0
 16    -
 17  03 30      0    0    0.0      0    0    0.0        0    0    0.0
 17  23 45      1    3    9.4      0    0    0.0        1    3    9.4
 19    -
 19  23 30      0    0    0.0      0    0    0.0        0    0    0.0
 21  00 10      0    0    0.0      0    0    0.0        0    0    0.0
 22  00 00      0    0    0.0      0    0    0.0        0    0    0.0
 23  00 00      0    0    0.0      1    3    9.4        1    3    9.4
 24  02 15      0    0    0.0      1    1    7.9        1    1    7.9
 25  05 00      0    0    0.0      0    0    0.0        0    0    0.0
 26  00 00      0    0    0.0      0    0    0.0        0    0    0.0
 27  00 15      0    0    0.0      1    1    7.9        1    1    7.9
 28  00 15      0    0    0.0      1    2    8.6        1    2    8.6
 29  02 20      0    0    0.0      0    0    0.0        0    0    0.0
 30  00 00      0    0    0.0      0    0    0.0        0    0    0.0
 31  01 00      0    0    0.0      1    2    8.6        1    2    8.6

 Monthly Mean             0.7                6.3                  7.1

 --------------------------------------------------------------------

 June      1975     (k = 0.72)

 Date Time(UT)      North              South                Total
      h  m      g    f     R       g    f     R         g    f     R
  1  00 00      0    0    0.0      1    2    8.6        1    2    8.6
  2    -
  3  02 15      0    0    0.0      1    3    9.4        1    3    9.4
  4  00 00      0    0    0.0      1    4   10.1        1    4   10.1
  5    -
  6  00 00      0    0    0.0      1    4   10.1        1    4   10.1
  7    -
  8  00 00      0    0    0.0      0    0    0.0        0    0    0.0
  9  00 30      0    0    0.0      0    0    0.0        0    0    0.0
 10  03 15      0    0    0.0      0    0    0.0        0    0    0.0
 11    -
 12    -
 13  04 40      0    0    0.0      0    0    0.0        0    0    0.0
 14  03 15      0    0    0.0      0    0    0.0        0    0    0.0
 15    -
 16  00 30      1    7   12.2      0    0    0.0        1    7   12.2
 17  00 00      1   18   20.2      0    0    0.0        1   18   20.2
 18    -
 19  00 30      1    6   11.5      0    0    0.0        1    6   11.5
 20  00 45      0    0    0.0      0    0    0.0        0    0    0.0
 21  01 30      0    0    0.0      0    0    0.0        0    0    0.0
 22    -
 23  00 30      0    0    0.0      0    0    0.0        0    0    0.0
 24  03 10      0    0    0.0      1   12   15.8        1   12   15.8
 25    -
 26  02 10      1    2    8.6      2    9   20.9        3   11   29.5
 27  00 30      1    6   11.5      2   12   23.0        3   18   34.6
 28    -
 29    -
 30  05 00      1   15   18.0      0    0    0.0        1   15   18.0


 Monthly Mean             4.3                5.2                  9.5

 --------------------------------------------------------------------

 July      1975     (k = 0.72)

 Date Time(UT)      North              South                Total
      h  m      g    f     R       g    f     R         g    f     R
  1  02 15      1   22   23.0      0    0    0.0        1   22   23.0
  2  01 30      1   17   19.4      0    0    0.0        1   17   19.4
  3  00 00      2   14   24.5      0    0    0.0        2   14   24.5
  4    -
  5    -
  6  04 15      2    6   18.7      0    0    0.0        2    6   18.7
  7  03 20      1   11   15.1      1    4   10.1        2   15   25.2
  8  00 15      1   11   15.1      1    1    7.9        2   12   23.0
  9  00 15      1   16   18.7      0    0    0.0        1   16   18.7
 10    -
 11  02 00      1   12   15.8      1    3    9.4        2   15   25.2
 12    -
 13    -
 14    -
 15  00 10      1   21   22.3      3   18   34.6        4   39   56.9
 16  02 30      1    3    9.4      3   13   31.0        4   16   40.3
 17  01 00      0    0    0.0      3   11   29.5        3   11   29.5
 18  00 20      0    0    0.0      3   18   34.6        3   18   34.6
 19  00 15      0    0    0.0      4   29   49.7        4   29   49.7
 20  01 20      0    0    0.0      4    9   35.3        4    9   35.3
 21  00 15      0    0    0.0      3   13   31.0        3   13   31.0
 22  01 00      1    3    9.4      2   11   22.3        3   14   31.7
 23  00 00      1    3    9.4      2   12   23.0        3   15   32.4
 24  00 30      2   13   23.8      1    2    8.6        3   15   32.4
 25  00 15      2   13   23.8      1    3    9.4        3   16   33.1
 26  00 15      2   29   35.3      1    3    9.4        3   32   44.6
 26  23 20      2   37   41.0      0    0    0.0        2   37   41.0
 28  00 15      2   21   29.5      0    0    0.0        2   21   29.5
 28  23 30      3   20   36.0      0    0    0.0        3   20   36.0
 30  00 20      3   14   31.7      0    0    0.0        3   14   31.7
 31  03 20      3   14   31.7      0    0    0.0        3   14   31.7

 Monthly Mean            18.1               13.8                 32.0

 --------------------------------------------------------------------

 August    1975     (k = 0.72)

 Date Time(UT)      North              South                Total
      h  m      g    f     R       g    f     R         g    f     R
  1  00 30      3   28   41.8      0    0    0.0        3   28   41.8
  2  00 30      2   35   39.6      0    0    0.0        2   35   39.6
  3  00 20      3   28   41.8      0    0    0.0        3   28   41.8
  4  00 15      2   81   72.7      0    0    0.0        2   81   72.7
  5  00 15      3  103   95.8      0    0    0.0        3  103   95.8
  6  00 00      3  101   94.3      0    0    0.0        3  101   94.3
  7    -
  8  01 00      3  149  128.9      0    0    0.0        3  149  128.9
  9  00 30      3  145  126.0      0    0    0.0        3  145  126.0
 10  00 00      3  114  103.7      1    1    7.9        4  115  111.6
 11  00 10      3   96   90.7      1    1    7.9        4   97   98.6
 12  00 30      1   98   77.8      1    1    7.9        2   99   85.7
 13  00 30      1   89   71.3      2    4   17.3        3   93   88.6
 14  02 50      1   46   40.3      0    0    0.0        1   46   40.3
 15  00 15      1   31   29.5      1    6   11.5        2   37   41.0
 16  00 45      1    2    8.6      2    6   18.7        3    8   27.4
 17    -
 18  00 45      0    0    0.0      1    6   11.5        1    6   11.5
 19  03 30      1    2    8.6      1    3    9.4        2    5   18.0
 20  00 00      1    6   11.5      1    2    8.6        2    8   20.2
 21  00 00      3   14   31.7      0    0    0.0        3   14   31.7
 22    -
 23    -
 23  23 45      2    5   18.0      0    0    0.0        2    5   18.0
 25  00 45      0    0    0.0      0    0    0.0        0    0    0.0
 26  00 15      0    0    0.0      1   24   24.5        1   24   24.5
 27  00 30      1    1    7.9      1   25   25.2        2   26   33.1
 28  02 10      0    0    0.0      1   15   18.0        1   15   18.0
 29  00 30      3   13   31.0      1    5   10.8        4   18   41.8
 30  00 30      2    7   19.4      1    2    8.6        3    9   28.1
 31  02 15      1    1    7.9      1    3    9.4        2    4   17.3

 Monthly Mean            44.4                7.3                 51.7

 --------------------------------------------------------------------

 September 1975     (k = 0.72)

 Date Time(UT)      North              South                Total
      h  m      g    f     R       g    f     R         g    f     R
  1  00 00      1    8   13.0      1    7   12.2        2   15   25.2
  2  00 30      2   16   25.9      0    0    0.0        2   16   25.9
  3  00 15      2   30   36.0      0    0    0.0        2   30   36.0
  4  00 00      3   39   49.7      0    0    0.0        3   39   49.7
  5  00 30      2   42   44.6      0    0    0.0        2   42   44.6
  6  00 00      2   27   33.8      0    0    0.0        2   27   33.8
  6  23 45      2   23   31.0      1    2    8.6        3   25   39.6
  8  00 00      1    8   13.0      1    2    8.6        2   10   21.6
  8  23 00      1    1    7.9      2    5   18.0        3    6   25.9
  9  23 15      0    0    0.0      3   10   28.8        3   10   28.8
 11  00 30      0    0    0.0      2    4   17.3        2    4   17.3
 11  23 45      0    0    0.0      3   12   30.2        3   12   30.2
 13  00 15      0    0    0.0      2   12   23.0        2   12   23.0
 14    -
 15  02 30      1    1    7.9      1    2    8.6        2    3   16.6
 15  23 45      0    0    0.0      1    3    9.4        1    3    9.4
 17  00 00      1    2    8.6      1    4   10.1        2    6   18.7
 18  06 25      1    6   11.5      0    0    0.0        1    6   11.5
 19  00 15      1    8   13.0      0    0    0.0        1    8   13.0
 20  00 00      1   17   19.4      0    0    0.0        1   17   19.4
 21  00 00      3   17   33.8      0    0    0.0        3   17   33.8
 22  00 00      3    7   26.6      0    0    0.0        3    7   26.6
 23    -
 24    -
 25  00 15      0    0    0.0      0    0    0.0        0    0    0.0
 26  00 30      0    0    0.0      0    0    0.0        0    0    0.0
 27    -
 28    -
 29    -
 30  00 00      0    0    0.0      0    0    0.0        0    0    0.0


 Monthly Mean            15.7                7.3                 23.0

 --------------------------------------------------------------------

 October   1975     (k = 0.72)

 Date Time(UT)      North              South                Total
      h  m      g    f     R       g    f     R         g    f     R
  1  01 20      3    7   26.6      0    0    0.0        3    7   26.6
  2    -
  3    -
  4  00 15      1    3    9.4      0    0    0.0        1    3    9.4
  5    -
  6  00 30      1    6   11.5      0    0    0.0        1    6   11.5
  7  00 30      1    6   11.5      0    0    0.0        1    6   11.5
  8    -
  9  00 00      1    3    9.4      1    3    9.4        2    6   18.7
 10  00 00      1    3    9.4      0    0    0.0        1    3    9.4
 11  00 50      1    2    8.6      0    0    0.0        1    2    8.6
 12    -
 13    -
 14  00 40      2   28   34.6      1    1    7.9        3   29   42.5
 15  00 00      1   26   25.9      1    1    7.9        2   27   33.8
 16    -
 17    -
 18    -
 19    -
 20  00 30      1    6   11.5      1    4   10.1        2   10   21.6
 21  00 15      1    4   10.1      0    0    0.0        1    4   10.1
 22  00 15      0    0    0.0      0    0    0.0        0    0    0.0
 23  02 25      0    0    0.0      0    0    0.0        0    0    0.0
 24    -
 25  03 30      0    0    0.0      0    0    0.0        0    0    0.0
 25  23 30      0    0    0.0      0    0    0.0        0    0    0.0
 27  00 30      0    0    0.0      1    2    8.6        1    2    8.6
 28    -
 29  00 45      0    0    0.0      1    2    8.6        1    2    8.6
 30    -
 31    -

 Monthly Mean             9.9                3.1                 13.0

 --------------------------------------------------------------------

 November  1975     (k = 0.72)

 Date Time(UT)      North              South                Total
      h  m      g    f     R       g    f     R         g    f     R
  1  00 30      0    0    0.0      0    0    0.0        0    0    0.0
  2  03 30      0    0    0.0      0    0    0.0        0    0    0.0
  3  00 30      0    0    0.0      1    1    7.9        1    1    7.9
  4  00 55      0    0    0.0      1    7   12.2        1    7   12.2
  5    -
  6    -
  7  04 00      1   10   14.4      2   13   23.8        3   23   38.2
  7  23 45      1   26   25.9      2    8   20.2        3   34   46.1
  9    -
 10  00 30      1   27   26.6      0    0    0.0        1   27   26.6
 11  02 00      1   16   18.7      0    0    0.0        1   16   18.7
 12  01 45      1    9   13.7      0    0    0.0        1    9   13.7
 12  23 30      2   12   23.0      0    0    0.0        2   12   23.0
 14    -
 15    -
 16  00 50      1    8   13.0      1   11   15.1        2   19   28.1
 17  00 30      1    9   13.7      1   19   20.9        2   28   34.6
 18  02 00      1   18   20.2      1   21   22.3        2   39   42.5
 19    -
 20  00 15      1   14   17.3      1   36   33.1        2   50   50.4
 21    -
 22    -
 23    -
 24  02 00      0    0    0.0      1    8   13.0        1    8   13.0
 25  00 15      0    0    0.0      1    7   12.2        1    7   12.2
 26  00 00      0    0    0.0      1    4   10.1        1    4   10.1
 27  00 50      0    0    0.0      0    0    0.0        0    0    0.0
 27  23 55      0    0    0.0      0    0    0.0        0    0    0.0
 28  23 00      0    0    0.0      0    0    0.0        0    0    0.0
 30  01 10      0    0    0.0      0    0    0.0        0    0    0.0


 Monthly Mean             8.9                9.1                 18.0

 --------------------------------------------------------------------

 December  1975     (k = 0.72)

 Date Time(UT)      North              South                Total
      h  m      g    f     R       g    f     R         g    f     R
  1  01 00      0    0    0.0      0    0    0.0        0    0    0.0
  2  00 15      1    9   13.7      0    0    0.0        1    9   13.7
  3  00 30      3   19   35.3      0    0    0.0        3   19   35.3
  4  00 20      1   21   22.3      1    7   12.2        2   28   34.6
  5    -
  6  01 30      1   23   23.8      0    0    0.0        1   23   23.8
  7  05 20      1   16   18.7      0    0    0.0        1   16   18.7
  8    -
  9    -
 10  01 00      2    4   17.3      0    0    0.0        2    4   17.3
 11  01 30      0    0    0.0      0    0    0.0        0    0    0.0
 12  00 30      0    0    0.0      0    0    0.0        0    0    0.0
 13  00 30      0    0    0.0      0    0    0.0        0    0    0.0
 13  23 45      0    0    0.0      0    0    0.0        0    0    0.0
 15  00 15      0    0    0.0      1    9   13.7        1    9   13.7
 16  00 30      0    0    0.0      1    7   12.2        1    7   12.2
 17  00 30      0    0    0.0      1    5   10.8        1    5   10.8
 18  01 15      0    0    0.0      1    2    8.6        1    2    8.6
 19  00 30      0    0    0.0      1    3    9.4        1    3    9.4
 20  00 30      0    0    0.0      0    0    0.0        0    0    0.0
 21  00 35      0    0    0.0      0    0    0.0        0    0    0.0
 22  00 45      0    0    0.0      0    0    0.0        0    0    0.0
 23  00 45      0    0    0.0      0    0    0.0        0    0    0.0
 24  01 34      0    0    0.0      1    1    7.9        1    1    7.9
 25  00 45      0    0    0.0      2    2   15.8        2    2   15.8
 26  00 45      0    0    0.0      1    2    8.6        1    2    8.6
 27  00 45      0    0    0.0      0    0    0.0        0    0    0.0
 28  00 30      0    0    0.0      0    0    0.0        0    0    0.0
 29  01 45      0    0    0.0      0    0    0.0        0    0    0.0
 30  01 30      1    1    7.9      0    0    0.0        1    1    7.9
 31  00 45      0    0    0.0      0    0    0.0        0    0    0.0

 Monthly Mean             5.0                3.5                  8.5

 --------------------------------------------------------------------

