 January   1957     (k = 0.65)

 Date Time(UT)      North              South                Total
      h  m      g    f     R       g    f     R         g    f     R
  1  01 30      6   86   94.9      5   25   48.8       11  111  143.6
  2    -
  3  02 00      6   96  101.4      7   32   66.3       13  128  167.7
  4    -
  5  01 45      4   67   69.5     11   75  120.2       15  142  189.8
  6  03 30      3   50   52.0      9   56   94.9       12  106  146.9
  7  03 30      4   36   49.4      9   68  102.7       13  104  152.1
  8  00 30      4   23   40.9      7   79   96.8       11  102  137.8
  9  01 20      4    8   31.2      6  102  105.3       10  110  136.5
 10  01 20      2    3   14.9      6   89   96.8        8   92  111.8
 11    -
 12    -
 13  01 20      1    2    7.8     10   58  102.7       11   60  110.5
 14  00 45      1    3    8.4     10   39   90.3       11   42   98.8
 15  01 15      1    2    7.8      6   17   50.0        7   19   57.8
 16  01 00      2    6   16.9      5   15   42.2        7   21   59.1
 17  05 10      3   10   26.0      5   34   54.6        8   44   80.6
 18    -
 19  01 30      7   33   66.9      5   53   66.9       12   86  133.9
 20  01 15      6   37   63.0      5   50   65.0       11   87  128.0
 21  02 30      7   57   82.5      4   30   45.5       11   87  128.0
 22  01 50      8   42   79.3      3   37   43.5       11   79  122.8
 23  02 00     11   58  109.2      4   29   44.8       15   87  154.0
 24  01 15      9   69  103.3      5   47   63.0       14  116  166.4
 25  01 15      9   66  101.4      6   41   65.6       15  107  167.0
 26  02 30      8   47   82.5      4   29   44.8       12   76  127.4
 27  02 00      8   50   84.5      5   24   48.1       13   74  132.6
 28  01 00      8   30   71.5      4   21   39.6       12   51  111.1
 29  02 30      6   20   52.0      3    8   24.7        9   28   76.7
 30    -
 31    -

 Monthly Mean            59.1               67.7                126.7

 --------------------------------------------------------------------

 February  1957     (k = 0.65)

 Date Time(UT)      North              South                Total
      h  m      g    f     R       g    f     R         g    f     R
  1  02 30      4   23   40.9      3    7   24.0        7   30   65.0
  2  01 30      3   18   31.2      2    7   17.5        5   25   48.8
  3    -
  4  01 15      2    6   16.9      6   45   68.2        8   51   85.1
  5  01 30      2   16   23.4      5   41   59.1        7   57   82.5
  6    -
  7    -
  8  02 00      3   20   32.5      6   85   94.2        9  105  126.7
  9    -
 10    -
 11  01 15      3    6   23.4      9   40   84.5       12   46  107.9
 12  00 30      4   11   33.1      7   47   76.0       11   58  109.2
 13  00 30      4   12   33.8      7   43   73.4       11   55  107.2
 14  00 45      5   13   40.9      8   43   79.9       13   56  120.9
 15  02 50      6   30   58.5      7   57   82.5       13   87  141.0
 16    -
 17  03 00      6   17   50.0      8   46   81.9       14   63  131.9
 18  04 00      3    7   24.0      7   58   83.2       10   65  107.2
 19    -
 20  02 00      4   12   33.8      4   56   62.4        8   68   96.2
 21  02 00      5   15   42.2      4   51   59.1        9   66  101.4
 22    -
 23  02 30      5   40   58.5      3   34   41.6        8   74  100.1
 24  02 30      5   43   60.4      3   24   35.1        8   67   95.5
 25    -
 26  02 20      4   48   57.2      3   16   29.9        7   64   87.1
 27  04 30      5   53   66.9      5   19   44.8       10   72  111.8
 28  02 00      4   44   54.6      3    6   23.4        7   50   78.0




 Monthly Mean            41.2               59.0                100.2

 --------------------------------------------------------------------

 March     1957     (k = 0.65)

 Date Time(UT)      North              South                Total
      h  m      g    f     R       g    f     R         g    f     R
  1  00 45      4   58   63.7      5   16   42.9        9   74  106.6
  2  01 30      4   63   66.9      6   33   60.4       10   96  127.4
  3  04 00      3   54   54.6      5   45   61.7        8   99  116.3
  4  01 30      3   44   48.1      7   35   68.2       10   79  116.3
  5    -
  6  01 00      3   13   27.9      7   23   60.4       10   36   88.4
  7  02 15      4   17   37.0      8   46   81.9       12   63  118.9
  8    -
  9  01 00      3   13   27.9     11   71  117.6       14   84  145.6
 10  01 00      3    8   24.7      9   64  100.1       12   72  124.8
 11    -
 12  00 45      3   13   27.9     11  103  138.4       14  116  166.4
 13  02 30      5   32   53.3     11   70  117.0       16  102  170.3
 14  04 45      4   27   43.5      8   79  103.3       12  106  146.9
 15  04 20      4   28   44.2      5   98   96.2        9  126  140.4
 16  01 15      5   17   43.5      6   74   87.1       11   91  130.6
 17  01 15      4   21   39.6      6   74   87.1       10   95  126.7
 18  04 15      6   16   49.4      5   91   91.6       11  107  141.0
 19  02 30      4   17   37.0      4   63   66.9        8   80  104.0
 20  02 15      4   11   33.1      4   55   61.7        8   66   94.9
 21  02 00      3   12   27.3      4   60   65.0        7   72   92.3
 22  00 30      4   14   35.1      4   63   66.9        8   77  102.0
 23  02 00      7   33   66.9      4   77   76.0       11  110  143.0
 24  01 45      5   27   50.0      5   68   76.7       10   95  126.7
 25  02 15      3   28   37.7      4   81   78.6        7  109  116.3
 26  01 45      5   32   53.3      4   89   83.8        9  121  137.1
 27  02 00      6   31   59.1      2   56   49.4        8   87  108.5
 28  02 30      7   61   85.1      4   94   87.1       11  155  172.2
 29  00 30      7   62   85.8      4   84   80.6       11  146  166.4
 30    -
 31  05 30      6   53   73.4      2   20   26.0        8   73   99.4

 Monthly Mean            48.0               79.0                127.0

 --------------------------------------------------------------------

 April     1957     (k = 0.65)

 Date Time(UT)      North              South                Total
      h  m      g    f     R       g    f     R         g    f     R
  1  03 30      4   46   55.9      4   39   51.3        8   85  107.2
  2  01 00      2   35   35.8      5   42   59.8        7   77   95.5
  3  00 30      5   27   50.0      6   54   74.1       11   81  124.1
  4  01 00      7   28   63.7      6   68   83.2       13   96  146.9
  5    -
  6  00 45      7   30   65.0      5   41   59.1       12   71  124.1
  7  01 15      5   34   54.6      5   44   61.1       10   78  115.7
  8  02 15      6   52   72.8      6  100  104.0       12  152  176.8
  9  01 00      5   52   66.3      6   92   98.8       11  144  165.1
 10    -
 11  02 30      4   26   42.9      5   55   68.2        9   81  111.1
 12    -
 13    -
 14  00 15      7   24   61.1      4   50   58.5       11   74  119.6
 15  00 30      4   15   35.8      5   62   72.8        9   77  108.5
 16  05 00      6   27   56.5      5   46   62.4       11   73  118.9
 17  01 15      6   47   69.5      9   47   89.0       15   94  158.6
 18  01 15      5   59   70.8      8   63   92.9       13  122  163.8
 19    -
 20    -
 20  23 00      5   71   78.6      8   85  107.2       13  156  185.9
 22    -
 23    -
 24    -
 25    -
 26  04 15      5   20   45.5      9  137  147.5       14  157  193.0
 27    -
 28    -
 29  01 20      6   17   50.0      6  104  106.6       12  121  156.6
 30  01 00      7   12   53.3      7   87  102.0       14   99  155.3


 Monthly Mean            57.1               83.3                140.4

 --------------------------------------------------------------------

 May       1957     (k = 0.65)

 Date Time(UT)      North              South                Total
      h  m      g    f     R       g    f     R         g    f     R
  1  01 30      5   20   45.5      6   50   71.5       11   70  117.0
  2    -
  3  05 10      3   35   42.2      5   46   62.4        8   81  104.6
  4  01 00      2   14   22.1      7   34   67.6        9   48   89.7
  5  05 30      3    9   25.3      4   37   50.0        7   46   75.4
  6    -
  7    -
  8  06 45      2   60   52.0      3   56   55.9        5  116  107.9
  9  01 30      2   71   59.1      4   74   74.1        6  145  133.2
 10  03 00      4  110   97.5      3   90   78.0        7  200  175.5
 11  00 30      4  118  102.7      4   91   85.1        8  209  187.8
 12    -
 13  00 00      3  112   92.3      7   95  107.2       10  207  199.5
 14  00 45      3   84   74.1      7   73   92.9       10  157  167.0
 14  23 30      5   74   80.6     10  100  130.0       15  174  210.6
 16  01 00      5   51   65.6      8   89  109.8       13  140  175.5
 17  00 45      6   49   70.8      6   80   91.0       12  129  161.8
 18  01 40      7   56   81.9      6   69   83.8       13  125  165.8
 19    -
 20    -
 21  00 30      6   64   80.6     10   64  106.6       16  128  187.2
 22  01 30      5   51   65.6      8   72   98.8       13  123  164.4
 23  01 15      3   39   44.8      8   52   85.8       11   91  130.6
 24  02 10      5   84   87.1     13  131  169.6       18  215  256.8
 25    -
 25  23 45      4   56   62.4      6   42   66.3       10   98  128.7
 27  00 30      2   24   28.6      7   41   72.1        9   65  100.8
 28    -
 29    -
 30    -
 31  02 30      5   29   51.3      8  118  128.7       13  147  180.0

 Monthly Mean            63.5               89.9                153.3

 --------------------------------------------------------------------

 June      1957     (k = 0.65)

 Date Time(UT)      North              South                Total
      h  m      g    f     R       g    f     R         g    f     R
  1  00 45      4   18   37.7      8   75  100.8       12   93  138.4
  2  00 15      2    5   16.2      7   51   78.6        9   56   94.9
  3  00 00      3    7   24.0      7  109  116.3       10  116  140.4
  3  23 30      3    9   25.3      9  126  140.4       12  135  165.8
  5  01 00      2   28   31.2      8  125  133.2       10  153  164.4
  6    -
  7    -
  8    -
  9  01 15      6   49   70.8      4   63   66.9       10  112  137.8
 10  01 30      5   41   59.1      5   39   57.8       10   80  117.0
 11    -
 12    -
 13  06 00      5   94   93.6      7   24   61.1       12  118  154.7
 14  01 00      2  103   79.9      8   35   74.8       10  138  154.7
 15  00 30      2   93   73.4      7   42   72.8        9  135  146.2
 16  06 30      5  106  101.4      7   58   83.2       12  164  184.6
 17    -
 18  05 15      6   79   90.3      9  113  131.9       15  192  222.3
 19  00 30      6   81   91.6     10  136  153.4       16  217  245.0
 20  01 00      9   88  115.7      6  107  108.5       15  195  224.2
 21    -
 22    -
 23    -
 24    -
 25  00 10      7   55   81.2      3   92   79.3       10  147  160.5
 26    -
 27    -
 28    -
 29    -
 30  05 00      3   25   35.8      8   52   85.8       11   77  121.5


 Monthly Mean            64.2               96.6                160.8

 --------------------------------------------------------------------

 July      1957     (k = 0.65)

 Date Time(UT)      North              South                Total
      h  m      g    f     R       g    f     R         g    f     R
  1    -
  2  00 00      5   70   78.0      7   54   80.6       12  124  158.6
  3  07 30      7   81   98.1      5   77   82.5       12  158  180.7
  4  02 30      7   71   91.6      6   63   79.9       13  134  171.6
  5  02 00      5   72   79.3      7   83   99.4       12  155  178.8
  6  00 15      7  104  113.1      7  121  124.1       14  225  237.2
  7    -
  8    -
  9    -
 10    -
 11    -
 12    -
 13  00 00      4   10   32.5      5   31   52.6        9   41   85.1
 14  03 30      7   20   58.5      4   39   51.3       11   59  109.8
 15  05 30      5   40   58.5      5   38   57.2       10   78  115.7
 16    -
 17    -
 18  03 15      6   64   80.6      7   55   81.2       13  119  161.8
 19  05 40      5   58   70.2      8   45   81.2       13  103  151.4
 20  02 30      7   69   90.3      8   75  100.8       15  144  191.1
 21    -
 22    -
 23  05 15      9  141  150.1      9   64  100.1       18  205  250.2
 24  02 30      9  117  134.5      7   54   80.6       16  171  215.1
 25  01 30      7  145  139.8      6   42   66.3       13  187  206.0
 26    -
 27    -
 27  23 30      5  121  111.1      6   19   51.3       11  140  162.5
 29  00 45      6   75   87.8      6   34   61.1       12  109  148.8
 30  05 30      6   43   66.9      4   26   42.9       10   69  109.8
 31  01 00      6   67   82.5      4   35   48.8       10  102  131.3

 Monthly Mean            90.2               74.6                164.8

 --------------------------------------------------------------------

 August    1957     (k = 0.65)

 Date Time(UT)      North              South                Total
      h  m      g    f     R       g    f     R         g    f     R
  1  00 30      4   52   59.8      3   39   44.8        7   91  104.6
  2  04 30      5   69   77.3      3   63   60.4        8  132  137.8
  3  01 15      5   81   85.1      4   54   61.1        9  135  146.2
  4  01 45      5   71   78.6      5   53   66.9       10  124  145.6
  5  00 45      3   41   46.1      4   31   46.1        7   72   92.3
  6  00 00      5   55   68.2      6   39   64.3       11   94  132.6
  7  00 30      8   53   86.4      5   31   52.6       13   84  139.1
  8  07 00      4   64   67.6      5   30   52.0        9   94  119.6
  9  03 00      7   62   85.8      7   38   70.2       14  100  156.0
 10  01 00      9   35   81.2      6   33   60.4       15   68  141.7
 11    -
 12  00 30      4   36   49.4      7   18   57.2       11   54  106.6
 13  07 00      3   29   38.3      5   22   46.8        8   51   85.1
 14  00 45      3   55   55.2      7   36   68.9       10   91  124.1
 15  01 15      4   42   53.3      9   72  105.3       13  114  158.6
 16  04 00      6   43   66.9      8   33   73.4       14   76  140.4
 17  04 30      6   44   67.6      7   55   81.2       13   99  148.8
 18  01 15      7   60   84.5      7   50   78.0       14  110  162.5
 19  01 15      7   89  103.3      5   47   63.0       12  136  166.4
 20  00 30      7   90  104.0      4   29   44.8       11  119  148.8
 21  02 30      5   86   88.4      3   20   32.5        8  106  120.9
 22  02 40      5   87   89.0      5   26   49.4       10  113  138.4
 23  00 15      4   69   70.8      4   17   37.0        8   86  107.9
 24  02 10      3   59   57.8      4   18   37.7        7   77   95.5
 24  23 45      5   49   64.3      4   20   39.0        9   69  103.3
 26  00 15      4   68   70.2      5   37   56.5        9  105  126.7
 27  01 15      8   82  105.3      4   59   64.3       12  141  169.6
 28  02 40      5   98   96.2      4   91   85.1        9  189  181.3
 29  05 30      5  107  102.0      4   54   61.1        9  161  163.1
 30  01 45      5  154  132.6      7   84  100.1       12  238  232.7
 31  02 30      5  246  192.4      5   95   94.2       10  341  286.6

 Monthly Mean            80.9               61.8                142.8

 --------------------------------------------------------------------

 September 1957     (k = 0.65)

 Date Time(UT)      North              South                Total
      h  m      g    f     R       g    f     R         g    f     R
  1    -
  2    -
  3  01 30      4  123  105.9      5   34   54.6        9  157  160.5
  4  01 00      5  139  122.8      5   24   48.1       10  163  170.9
  5  01 00      5  111  104.6      4   31   46.1        9  142  150.8
  6    -
  7    -
  8  00 15      3   62   59.8      5   58   70.2        8  120  130.0
  9    -
 10    -
 11    -
 12    -
 13    -
 14  01 30      7  105  113.7      8   74  100.1       15  179  213.8
 15    -
 16    -
 17    -
 18  01 00      6  201  169.6      9   43   86.4       15  244  256.1
 19  01 30      6  199  168.3      8   41   78.6       14  240  247.0
 20    -
 21  00 30      7  215  185.2      4   36   49.4       11  251  234.6
 22  03 20      9  206  192.4      3   35   42.2       12  241  234.6
 23    -
 24  00 40     10  198  193.7      4   32   46.8       14  230  240.5
 25    -
 26    -
 27  05 00      9  187  180.0      2   35   35.8       11  222  215.8
 28  00 30      8  180  169.0      4   38   50.7       12  218  219.7
 29    -
 30    -


 Monthly Mean           147.1               59.1                206.2

 --------------------------------------------------------------------

 October   1957     (k = 0.65)

 Date Time(UT)      North              South                Total
      h  m      g    f     R       g    f     R         g    f     R
  1  04 30      8  131  137.1      5   43   60.4       13  174  197.6
  2  01 30      9   97  121.5      7   46   75.4       16  143  196.9
  3  01 00     10  127  147.5      8   56   88.4       18  183  235.9
  4  01 20     10  111  137.1      9   86  114.4       19  197  251.5
  5    -
  6    -
  7    -
  8  01 45      7   87  102.0      7   73   92.9       14  160  195.0
  9  02 15      9  137  147.5      7   78   96.2       16  215  243.7
 10  01 30      7  132  131.3      8   51   85.1       15  183  216.4
 11  01 30      8  150  149.5      8   49   83.8       16  199  233.3
 12  01 00      9  108  128.7      5   70   78.0       14  178  206.7
 13  02 30     11  103  138.4      4   55   61.7       15  158  200.2
 14  00 55     11   94  132.6      3  102   85.8       14  196  218.4
 15  00 15      8   92  111.8      5  132  118.3       13  224  230.1
 16  00 45     10   95  126.7      5  162  137.8       15  257  264.5
 17    -
 18  04 00      6   48   70.2      5  152  131.3       11  200  201.5
 19  01 15     10   48   96.2      4  119  103.3       14  167  199.5
 20    -
 21  05 20      8   74  100.1      5   87   89.0       13  161  189.1
 22  01 15      7   98  109.2      5   96   94.9       12  194  204.1
 23  01 15     10  137  154.0      7   77   95.5       17  214  249.6
 24    -
 25    -
 26    -
 27  05 30     12  139  168.3      6   96  101.4       18  235  269.8
 28  05 00     13  146  179.4      6  126  120.9       19  272  300.3
 29    -
 30    -
 31  02 30     15   83  151.4      7  126  127.4       22  209  278.8

 Monthly Mean           130.5               97.3                227.8

 --------------------------------------------------------------------

 November  1957     (k = 0.65)

 Date Time(UT)      North              South                Total
      h  m      g    f     R       g    f     R         g    f     R
  1  02 20     14  100  156.0      9  169  168.3       23  269  324.3
  2    -
  3  00 30     11   83  125.4      8  129  135.8       19  212  261.3
  4  00 45     10   75  113.7      9   94  119.6       19  169  233.3
  5  01 00     10   68  109.2      6   67   82.5       16  135  191.8
  6  01 30      9   60   97.5     10   49   96.8       19  109  194.3
  7  02 00     11   60  110.5      8   38   76.7       19   98  187.2
  8  01 35      8   53   86.4      6   23   53.9       14   76  140.4
  9  02 00     11   72  118.3      5   28   50.7       16  100  169.0
 10  01 00     13   85  139.8     10   44   93.6       23  129  233.3
 11    -
 12    -
 13  01 30      9   74  106.6     10   58  102.7       19  132  209.3
 14  01 15      9   67  102.0      5   53   66.9       14  120  169.0
 15  02 40      9   82  111.8      5   56   68.9       14  138  180.7
 16    -
 17    -
 18    -
 19    -
 20  01 30      6   95  100.8      4   32   46.8       10  127  147.5
 21  01 15      7  107  115.0      5   44   61.1       12  151  176.1
 22  02 20      7  106  114.4      9  107  128.0       16  213  242.4
 23  01 30      8   98  115.7     10  103  131.9       18  201  247.6
 24  02 00      6   84   93.6      9  104  126.1       15  188  219.7
 25  01 15      7   50   78.0      9  108  128.7       16  158  206.7
 26    -
 27  04 40      5   17   43.5     10   82  118.3       15   99  161.8
 28  01 00      4   11   33.1     12  113  151.4       16  124  184.6
 29  02 40      5   18   44.2     11  170  182.0       16  188  226.2
 30    -


 Monthly Mean           100.8              104.3                205.1

 --------------------------------------------------------------------

 December  1957     (k = 0.65)

 Date Time(UT)      North              South                Total
      h  m      g    f     R       g    f     R         g    f     R
  1  05 00      5   27   50.0      9  143  151.4       14  170  201.5
  2    -
  3  01 00      5   27   50.0      9  161  163.1       14  188  213.2
  4  01 00      8   32   72.8     10  118  141.7       18  150  214.5
  5    -
  6  01 45      8   65   94.2     10  111  137.1       18  176  231.4
  7  01 20      8   64   93.6      7  125  126.7       15  189  220.3
  8  06 00      8   52   85.8      7   85  100.8       15  137  186.5
  9  01 45      5   40   58.5      6   39   64.3       11   79  122.8
 10  01 15      7   38   70.2      7   30   65.0       14   68  135.2
 11  02 15      7   50   78.0      6   25   55.2       13   75  133.2
 12  01 15      8   61   91.6      7   21   59.1       15   82  150.8
 13  04 00      4   48   57.2     10   38   89.7       14   86  146.9
 14  01 20      6   57   76.0     10   56  101.4       16  113  177.4
 15    -
 16  02 00      7   53   79.9      7   46   75.4       14   99  155.3
 17  01 00      9   92  118.3      7   63   86.4       16  155  204.8
 18  05 00      6   74   87.1      8   40   78.0       14  114  165.1
 19  02 15      8  107  121.5      6   44   67.6       14  151  189.1
 20  03 10     10  197  193.0      8   77  102.0       18  274  295.1
 21  01 40     10  124  145.6      7   71   91.6       17  195  237.2
 22  00 30     10  146  159.9     10   83  118.9       20  229  278.8
 23  02 00     10  154  165.1     11   84  126.1       21  238  291.2
 24  02 00     10  116  140.4     11   82  124.8       21  198  265.2
 25  01 20     10  180  182.0     13  133  170.9       23  313  352.9
 26    -
 27  01 30     10  124  145.6     14  145  185.2       24  269  330.8
 28    -
 29  02 20      9   88  115.7     10   87  121.5       19  175  237.2
 30  03 00      9   80  110.5     11   71  117.6       20  151  228.1
 31  03 30      7   76   94.9     11  119  148.8       18  195  243.7

 Monthly Mean           105.3              110.4                215.7

 --------------------------------------------------------------------

