 January   1982     (k = 0.72)

 Date Time(UT)      North              South                Total
      h  m      g    f     R       g    f     R         g    f     R
  1    -
  2    -
  3    -
  4  02 20      6   38   70.6      5   10   43.2       11   48  113.8
  5  00 30      6   51   79.9      6   17   55.4       12   68  135.4
  6  00 50      2   49   49.7      7   20   64.8        9   69  114.5
  7  00 40      4   46   61.9      5   20   50.4        9   66  112.3
  8  00 30      3   46   54.7      5   25   54.0        8   71  108.7
  9  00 10      3   30   43.2      6   22   59.0        9   52  102.2
 10  00 00      1    8   13.0      9   36   90.7       10   44  103.7
 11  03 45      0    0    0.0      7   23   67.0        7   23   67.0
 12  00 30      0    0    0.0      7   21   65.5        7   21   65.5
 13  00 15      0    0    0.0      7   29   71.3        7   29   71.3
 14  00 40      1    2    8.6      5   37   62.6        6   39   71.3
 15  02 40      2   21   29.5      5   45   68.4        7   66   97.9
 16    -
 17  00 40      4   22   44.6      6   40   72.0       10   62  116.6
 18  00 20      5   17   48.2      7   57   91.4       12   74  139.7
 19  00 20      6   21   58.3      8   69  107.3       14   90  165.6
 20  00 45      7   19   64.1      8   53   95.8       15   72  159.8
 21  00 15      7   17   62.6      8   38   85.0       15   55  147.6
 22  00 40      6   30   64.8     10   40  100.8       16   70  165.6
 23  00 40      4   29   49.7      6   35   68.4       10   64  118.1
 24  00 45      3   17   33.8      3   19   35.3        6   36   69.1
 25  02 15      7   26   69.1      2   14   24.5        9   40   93.6
 26  01 00      7   49   85.7      3   20   36.0       10   69  121.7
 27  00 55      6   37   69.8      7   36   76.3       13   73  146.2
 28  00 30      7   46   83.5      6   57   84.2       13  103  167.8
 29  00 40      7   59   92.9      6   67   91.4       13  126  184.3
 30  00 05      8  104  132.5      7  110  129.6       15  214  262.1
 30  23 50      8   86  119.5     10  107  149.0       18  193  268.6

 Monthly Mean            55.2               74.1                129.2

 --------------------------------------------------------------------

 February  1982     (k = 0.72)

 Date Time(UT)      North              South                Total
      h  m      g    f     R       g    f     R         g    f     R
  1  00 45      9  114  146.9      9  140  165.6       18  254  312.5
  2  00 10      7   65   97.2      9  102  138.2       16  167  235.4
  3  00 45      7   63   95.8     11  108  157.0       18  171  252.7
  4  01 25      6   44   74.9     11  108  157.0       17  152  231.8
  5  00 30      8   45   90.0     11   71  130.3       19  116  220.3
  6  00 10      8   34   82.1     12  102  159.8       20  136  241.9
  7  01 15      6   29   64.1     11  149  186.5       17  178  250.6
  8  00 15      6   21   58.3     12  102  159.8       18  123  218.2
  9  00 10      6   25   61.2      9  111  144.7       15  136  205.9
 10  00 30      7   17   62.6      9  107  141.8       16  124  204.5
 11  01 00      5   13   45.4      5  120  122.4       10  133  167.8
 12  05 55      4   10   36.0      4   91   94.3        8  101  130.3
 13  01 20      5   18   49.0      4   73   81.4        9   91  130.3
 14  00 50      5   31   58.3      3   96   90.7        8  127  149.0
 15  00 15      6   21   58.3      3   60   64.8        9   81  123.1
 16  00 35      5   38   63.4      3   33   45.4        8   71  108.7
 17    -
 18  00 10      6   64   89.3      5    8   41.8       11   72  131.0
 19  01 40      7   62   95.0      4    9   35.3       11   71  130.3
 20  05 25      5  117  120.2      3    6   25.9        8  123  146.2
 21    -
 22  01 50      4   35   54.0      3    6   25.9        7   41   79.9
 23  00 50      4   31   51.1      6   13   52.6       10   44  103.7
 24    -
 25  00 45     10   38   99.4      6   13   52.6       16   51  151.9
 26  00 35      9   34   89.3      5   22   51.8       14   56  141.1
 27  02 10      7   38   77.8      9   54  103.7       16   92  181.4
 27  23 45      5   39   64.1     10   46  105.1       15   85  169.2




 Monthly Mean            75.3              101.4                176.7

 --------------------------------------------------------------------

 March     1982     (k = 0.72)

 Date Time(UT)      North              South                Total
      h  m      g    f     R       g    f     R         g    f     R
  1    -
  2  00 10      4   59   71.3     10   83  131.8       14  142  203.0
  3  00 15      4   49   64.1      9   99  136.1       13  148  200.2
  4  00 25      4   34   53.3      9  110  144.0       13  144  197.3
  5  04 20      3   18   34.6      7   79  107.3       10   97  141.8
  6    -
  7    -
  8  00 10      4   29   49.7      8   76  112.3       12  105  162.0
  8  23 50      2   27   33.8      8   56   97.9       10   83  131.8
 10  00 10      5   43   67.0     10   59  114.5       15  102  181.4
 11  00 10      4   43   59.8      9   38   92.2       13   81  151.9
 12    -
 13  01 30      8   88  121.0      6   30   64.8       14  118  185.8
 14  00 50      6   75   97.2      6   49   78.5       12  124  175.7
 15    -
 16  02 00      6   78   99.4      3   57   62.6        9  135  162.0
 17  00 35     10   82  131.0      3   64   67.7       13  146  198.7
 18  02 45      9   60  108.0      2   66   61.9       11  126  169.9
 19  02 35      8   57   98.6      3   66   69.1       11  123  167.8
 20    -
 21    -
 22  01 10      7   30   72.0      5   60   79.2       12   90  151.2
 23  00 40      6   47   77.0      7   36   76.3       13   83  153.4
 24  00 10      7   48   85.0      8   18   70.6       15   66  155.5
 25  04 00      6   43   74.2      7   25   68.4       13   68  142.6
 26  00 45      6   44   74.9      8   39   85.7       14   83  160.6
 27  00 15      9   53  103.0     10   72  123.8       19  125  226.8
 27  23 40      9   50  100.8      8   75  111.6       17  125  212.4
 29  01 20      7   58   92.2      7   61   94.3       14  119  186.5
 29  22 40      6   64   89.3      9   84  125.3       15  148  214.6
 31  04 30      7   58   92.2      9   48   99.4       16  106  191.5

 Monthly Mean            81.2               94.8                176.0

 --------------------------------------------------------------------

 April     1982     (k = 0.72)

 Date Time(UT)      North              South                Total
      h  m      g    f     R       g    f     R         g    f     R
  1  00 00      5   53   74.2      8   44   89.3       13   97  163.4
  2    -
  3  00 30      9   45   97.2     11   40  108.0       20   85  205.2
  4  07 00      8   37   84.2      7   47   84.2       15   84  168.5
  5  00 45      5   26   54.7      7   40   79.2       12   66  133.9
  6  00 40      5   28   56.2      7   42   80.6       12   70  136.8
  7    -
  8    -
  9  00 40      7   37   77.0      8   42   87.8       15   79  164.9
  9  23 00      7   24   67.7      7   35   75.6       14   59  143.3
 10  23 20      6   34   67.7      7   48   85.0       13   82  152.6
 12  00 10      8   57   98.6      9   63  110.2       17  120  208.8
 13  01 20      7   52   87.8      8   61  101.5       15  113  189.4
 13  23 45      6   46   76.3      8   55   97.2       14  101  173.5
 15    -
 15  22 45      5   34   60.5      8   44   89.3       13   78  149.8
 16  23 50      6   20   57.6      4   29   49.7       10   49  107.3
 18  00 35      5    8   41.8      4   23   45.4        9   31   87.1
 19  00 30      3    6   25.9      6   28   63.4        9   34   89.3
 20  00 20      6   23   59.8      7   38   77.8       13   61  137.5
 21    -
 22  05 10      7   52   87.8      3   15   32.4       10   67  120.2
 23  00 35      8   92  123.8      1   14   17.3        9  106  141.1
 24  00 30      8  119  143.3      1    4   10.1        9  123  153.4
 25  00 20      7  137  149.0      2    8   20.2        9  145  169.2
 26  00 15      8  115  140.4      2   19   28.1       10  134  168.5
 27  05 30      7   70  100.8      3   10   28.8       10   80  129.6
 28    -
 29    -
 30  00 00      6   25   61.2      3   21   36.7        9   46   97.9


 Monthly Mean            82.3               65.1                147.4

 --------------------------------------------------------------------

 May       1982     (k = 0.72)

 Date Time(UT)      North              South                Total
      h  m      g    f     R       g    f     R         g    f     R
  1    -
  2  01 40      2    4   17.3      4   30   50.4        6   34   67.7
  3  00 10      0    0    0.0      3   34   46.1        3   34   46.1
  4  00 30      1    2    8.6      4   45   61.2        5   47   69.8
  5  00 45      1    2    8.6      3   46   54.7        4   48   63.4
  6  03 45      1    2    8.6      4   33   52.6        5   35   61.2
  7  02 50      2    5   18.0      4   53   67.0        6   58   85.0
  8  00 05      3    6   25.9      8   60  100.8       11   66  126.7
  8  23 10      2    3   16.6      5   66   83.5        7   69  100.1
 10  00 10      1    2    8.6      2   47   48.2        3   49   56.9
 11  00 20      2    4   17.3      3   37   48.2        5   41   65.5
 12  00 10      2    4   17.3      5   33   59.8        7   37   77.0
 12  22 40      4    6   33.1      7   29   71.3       11   35  104.4
 14    -
 15  00 20      2    8   20.2      4   13   38.2        6   21   58.3
 15  23 20      2    9   20.9      4   34   53.3        6   43   74.2
 17  00 30      3   18   34.6      5   30   57.6        8   48   92.2
 18  00 00      5   19   49.7      6   32   66.2       11   51  115.9
 19  00 25      5   30   57.6      6   28   63.4       11   58  121.0
 20    -
 21  00 05      7   58   92.2      3    8   27.4       10   66  119.5
 22  00 30      7   49   85.7      5   15   46.8       12   64  132.5
 23  00 15      3   58   63.4      6   30   64.8        9   88  128.2
 24  00 25      3   68   70.6      7   21   65.5       10   89  136.1
 24  23 30      4   84   89.3      4    8   34.6        8   92  123.8
 26  00 35      4   66   76.3      5   28   56.2        9   94  132.5
 27  00 10      3   59   64.1      6   75   97.2        9  134  161.3
 28  00 30      4   28   49.0      6   86  105.1       10  114  154.1
 28  23 05      2   12   23.0      7   89  114.5        9  101  137.5
 30  00 20      0    0    0.0      5   52   73.4        5   52   73.4
 31    -

 Monthly Mean            36.2               63.2                 99.4

 --------------------------------------------------------------------

 June      1982     (k = 0.72)

 Date Time(UT)      North              South                Total
      h  m      g    f     R       g    f     R         g    f     R
  1    -
  2    -
  3    -
  4    -
  5  00 55      4   30   50.4      5   57   77.0        9   87  127.4
  6  02 45      3   22   37.4      3   65   68.4        6   87  105.8
  7    -
  8  00 10      5   22   51.8      4  115  111.6        9  137  163.4
  9  00 10      6   14   53.3      4  126  119.5       10  140  172.8
 10  00 10      7   17   62.6      6  134  139.7       13  151  202.3
 11  00 55      5   19   49.7      5  117  120.2       10  136  169.9
 12  00 15      6   50   79.2      4  140  129.6       10  190  208.8
 13    -
 14    -
 15  00 30      4   98   99.4      6   50   79.2       10  148  178.6
 16  00 10      6  118  128.2      5   39   64.1       11  157  192.2
 17  03 30      5  106  112.3      4   24   46.1        9  130  158.4
 18  06 00      8  143  160.6      3   19   35.3       11  162  195.8
 19  00 05      5  118  121.0      3   15   32.4        8  133  153.4
 19  22 45      7  206  198.7      4   14   38.9       11  220  237.6
 21  01 30      5  176  162.7      1    8   13.0        6  184  175.7
 22  00 10      5  169  157.7      3   20   36.0        8  189  193.7
 23    -
 24    -
 25    -
 26    -
 27  00 50      3   13   31.0      3   17   33.8        6   30   64.8
 28  00 20      2    4   17.3      2   20   28.8        4   24   46.1
 29  00 25      2    3   16.6      2   18   27.4        4   21   43.9
 30  00 40      1    2    8.6      3   15   32.4        4   17   41.0


 Monthly Mean            84.1               64.9                149.0

 --------------------------------------------------------------------

 July      1982     (k = 0.72)

 Date Time(UT)      North              South                Total
      h  m      g    f     R       g    f     R         g    f     R
  1  00 00      2    7   19.4      6   23   59.8        8   30   79.2
  2  06 45      1    9   13.7      7   24   67.7        8   33   81.4
  3  00 15      3    7   26.6      5   31   58.3        8   38   85.0
  4    -
  5  00 15      1    1    7.9      6   24   60.5        7   25   68.4
  6  01 35      1    1    7.9      3   28   41.8        4   29   49.7
  7    -
  8  00 05      2   10   21.6      3   15   32.4        5   25   54.0
  9  00 10      3   28   41.8      3   10   28.8        6   38   70.6
 10  00 15      2   51   51.1      6   54   82.1        8  105  133.2
 11  00 05      3   90   86.4      5   58   77.8        8  148  164.2
 12  00 00      6   88  106.6      5   29   56.9       11  117  163.4
 13    -
 14    -
 15  03 40      7  175  176.4      6   65   90.0       13  240  266.4
 16    -
 17    -
 18  00 15      6  276  241.9      7   80  108.0       13  356  349.9
 19    -
 20  02 55      6  146  148.3      5   34   60.5       11  180  208.8
 21    -
 22  00 30      7   60   93.6      4   17   41.0       11   77  134.6
 23  00 05      5   30   57.6      5   11   43.9       10   41  101.5
 24  01 00      4   12   37.4      2    5   18.0        6   17   55.4
 25    -
 26    -
 26  23 55      0    0    0.0      2    5   18.0        2    5   18.0
 28    -
 29  00 10      2   14   24.5      1    1    7.9        3   15   32.4
 30    -
 31  01 25      2   18   27.4      2   21   29.5        4   39   56.9

 Monthly Mean            62.6               51.7                114.4

 --------------------------------------------------------------------

 August    1982     (k = 0.72)

 Date Time(UT)      North              South                Total
      h  m      g    f     R       g    f     R         g    f     R
  1    -
  2  02 20      2   11   22.3      4   64   74.9        6   75   97.2
  3    -
  4  00 15      3   22   37.4      2   59   56.9        5   81   94.3
  5  00 30      4   53   67.0      5   47   69.8        9  100  136.8
  6  00 10      6  104  118.1      5   56   76.3       11  160  194.4
  7    -
  8  00 10      5  142  138.2      7   68   99.4       12  210  237.6
  9  00 20      3  224  182.9      8   65  104.4       11  289  287.3
 10  00 20      5  159  150.5      7   45   82.8       12  204  233.3
 11  00 05      6  180  172.8      8   70  108.0       14  250  280.8
 12  01 35      6  127  134.6      8   36   83.5       14  163  218.2
 13  00 30      5  120  122.4      7   37   77.0       12  157  199.4
 14  00 05      6   89  107.3      5   41   65.5       11  130  172.8
 15    -
 16    -
 17  02 05      5   37   62.6      4   44   60.5        9   81  123.1
 18  00 10      7   43   81.4      4   49   64.1       11   92  145.4
 19  00 10      3   34   46.1      4   51   65.5        7   85  111.6
 20  00 10      3   26   40.3      3   43   52.6        6   69   92.9
 21  01 20      3   39   49.7      4   54   67.7        7   93  117.4
 22  01 20      3   42   51.8      5   69   85.7        8  111  137.5
 23  00 35      3   48   56.2      3   50   57.6        6   98  113.8
 23  22 50      3   59   64.1      3   54   60.5        6  113  124.6
 25  00 15      6   51   79.9      2   36   40.3        8   87  120.2
 26  01 25      6   72   95.0      2   18   27.4        8   90  122.4
 27  00 10      6   90  108.0      3   25   39.6        9  115  147.6
 27  22 45      7   90  115.2      2   25   32.4        9  115  147.6
 28  23 30      7   99  121.7      3   17   33.8       10  116  155.5
 30    -
 31  00 10      7   52   87.8      4   36   54.7       11   88  142.6

 Monthly Mean            92.5               65.6                158.2

 --------------------------------------------------------------------

 September 1982     (k = 0.72)

 Date Time(UT)      North              South                Total
      h  m      g    f     R       g    f     R         g    f     R
  1  00 10      7   32   73.4      3   37   48.2       10   69  121.7
  2  00 00      7   42   80.6      6   49   78.5       13   91  159.1
  2  22 55      8   62  102.2      6   54   82.1       14  116  184.3
  4  04 45      8  121  144.7      6   42   73.4       14  163  218.2
  4  23 45     11  110  158.4      6   56   83.5       17  166  241.9
  6    -
  7  00 20      7   49   85.7      5   26   54.7       12   75  140.4
  8    -
  9  00 00      5   46   69.1      6   41   72.7       11   87  141.8
 10    -
 11    -
 12    -
 13  00 10      1    2    8.6      6   54   82.1        7   56   90.7
 14  00 30      3    7   26.6      7   72  102.2       10   79  128.9
 15    -
 16    -
 17  02 40      4   64   74.9      5   55   75.6        9  119  150.5
 18  00 30      5   58   77.8      4   54   67.7        9  112  145.4
 19    -
 20    -
 21  00 05      6   61   87.1      3   41   51.1        9  102  138.2
 21  23 50      4   55   68.4      3   39   49.7        7   94  118.1
 23    -
 24    -
 25    -
 26  00 10      3   13   31.0      9   39   92.9       12   52  123.8
 27  00 10      4   47   62.6      7   50   86.4       11   97  149.0
 27  22 45      4   78   85.0      5   68   85.0        9  146  169.9
 29  00 55      3   70   72.0      5   75   90.0        8  145  162.0
 30    -


 Monthly Mean            77.0               75.1                152.0

 --------------------------------------------------------------------

 October   1982     (k = 0.72)

 Date Time(UT)      North              South                Total
      h  m      g    f     R       g    f     R         g    f     R
  1  04 15      3   72   73.4      5   95  104.4        8  167  177.8
  2    -
  3  00 15      3   58   63.4      5   76   90.7        8  134  154.1
  4  00 05      4   57   69.8      5   40   64.8        9   97  134.6
  5  00 10      6   46   76.3      6   32   66.2       12   78  142.6
  6    -
  7    -
  8    -
  9    -
 10  02 25      6   72   95.0      2    8   20.2        8   80  115.2
 11    -
 12  00 10      5   39   64.1      6   15   54.0       11   54  118.1
 13  00 00      5   67   84.2      7   16   61.9       12   83  146.2
 14  00 15      5   70   86.4      4   18   41.8        9   88  128.2
 15  00 10      4   45   61.2      5   16   47.5        9   61  108.7
 15  23 40      4   24   46.1      4   15   39.6        8   39   85.7
 16  23 45      3   16   33.1      4   17   41.0        7   33   74.2
 18  00 25      2    5   18.0      3   16   33.1        5   21   51.1
 19    -
 20  00 25      3    7   26.6      4   26   47.5        7   33   74.2
 21  00 15      2   13   23.8      4   39   56.9        6   52   80.6
 21  23 10      4   29   49.7      4   59   71.3        8   88  121.0
 22  22 00      7   34   74.9      5   50   72.0       12   84  146.9
 24  04 00      6   37   69.8      3   63   67.0        9  100  136.8
 25  00 20      6   56   83.5      4   73   81.4       10  129  164.9
 26  00 10      6   59   85.7      3   84   82.1        9  143  167.8
 27  00 10      6   60   86.4      5  100  108.0       11  160  194.4
 28  00 10      6   41   72.7      3   71   72.7        9  112  145.4
 29  00 20      6   40   72.0      2   42   44.6        8   82  116.6
 30  02 20      6   50   79.2      5   47   69.8       11   97  149.0
 30  23 38      3   28   41.8      2   19   28.1        5   47   69.8

 Monthly Mean            64.1               61.1                125.2

 --------------------------------------------------------------------

 November  1982     (k = 0.72)

 Date Time(UT)      North              South                Total
      h  m      g    f     R       g    f     R         g    f     R
  1  00 05      4   33   52.6      2   18   27.4        6   51   79.9
  2  01 40      6   38   70.6      2   14   24.5        8   52   95.0
  3  01 00      6   41   72.7      2    5   18.0        8   46   90.7
  4    -
  5    -
  6  00 35      8   25   75.6      4   14   38.9       12   39  114.5
  7    -
  8  00 40      7   50   86.4      7   18   63.4       14   68  149.8
  9    -
 10    -
 11  00 55      8   26   76.3      4   27   48.2       12   53  124.6
 12  00 05      4   13   38.2      5   48   70.6        9   61  108.7
 12  23 40      2    5   18.0      6   80  100.8        8   85  118.8
 13  23 50      2    3   16.6      7  104  125.3        9  107  141.8
 15    -
 16  00 30      3    5   25.2      6  117  127.4        9  122  152.6
 17    -
 18    -
 19  00 50      1    4   10.1      8  101  130.3        9  105  140.4
 20  00 00      1    7   12.2      7   92  116.6        8   99  128.9
 21  01 23      2   13   23.8      6   97  113.0        8  110  136.8
 22  01 55      4   25   46.8      4   67   77.0        8   92  123.8
 22  23 40      5   31   58.3      4   44   60.5        9   75  118.8
 24  00 10      3   22   37.4      5   45   68.4        8   67  105.8
 25  00 40      4   16   40.3      4   30   50.4        8   46   90.7
 26  00 05      2   15   25.2      5   22   51.8        7   37   77.0
 27  00 10      2    9   20.9      7   28   70.6        9   37   91.4
 28  00 55      1    2    8.6      7   50   86.4        8   52   95.0
 29  00 10      1    2    8.6      6   36   69.1        7   38   77.8
 30  02 10      3    6   25.9      5   54   74.9        8   60  100.8


 Monthly Mean            38.7               73.3                112.0

 --------------------------------------------------------------------

 December  1982     (k = 0.72)

 Date Time(UT)      North              South                Total
      h  m      g    f     R       g    f     R         g    f     R
  1  00 05      3    7   26.6      4   50   64.8        7   57   91.4
  2  00 05      8   16   69.1      4   49   64.1       12   65  133.2
  3  00 00      7   44   82.1      4   70   79.2       11  114  161.3
  4  01 00      6   79  100.1      3   57   62.6        9  136  162.7
  5  00 00      4   79   85.7      3   54   60.5        7  133  146.2
  6    -
  7  00 50      5   63   81.4      9   56  105.1       14  119  186.5
  8  00 10      5   75   90.0      8   54   96.5       13  129  186.5
  9  03 30      5  102  109.4      8   52   95.0       13  154  204.5
 10  00 20      3   90   86.4      9   65  111.6       12  155  198.0
 11  00 10      3   55   61.2      8   53   95.8       11  108  157.0
 12    -
 13    -
 14  03 35      1   43   38.2      7  115  133.2        8  158  171.4
 15  00 10      1   65   54.0      9  133  160.6       10  198  214.6
 16  00 30      2   43   45.4      8  101  130.3       10  144  175.7
 17    -
 18  00 30      2    9   20.9      5   67   84.2        7   76  105.1
 19  04 10      2   10   21.6      5   40   64.8        7   50   86.4
 20  00 10      3    7   26.6      4   27   48.2        7   34   74.9
 21  00 05      2    5   18.0      6   27   62.6        8   32   80.6
 22    -
 23  01 30      3   11   29.5      5   57   77.0        8   68  106.6
 24  00 35      3   13   31.0      5   58   77.8        8   71  108.7
 25  00 20      3   38   49.0      4   65   75.6        7  103  124.6
 26    -
 27  02 40      2   26   33.1      5   93  103.0        7  119  136.1
 28  00 10      3   22   37.4      5  100  108.0        8  122  145.4
 29  03 25      2   16   25.9      5   93  103.0        7  109  128.9
 30    -
 31    -

 Monthly Mean            53.2               89.7                142.9

 --------------------------------------------------------------------

