 January   1929     (k = 0.85)

 Date Time(UT)      North              South                Total
      h  m      g    f     R       g    f     R         g    f     R
  1                                                     4   41   68.8
  2                                                     4   38   66.3
  3                                                     5   24   62.9
  4                                                     6   35   80.8
  5                                                     6   25   72.2
  6                                                     5   22   61.2
  7                                                     5   27   65.5
  8                                                     6   40   85.0
  9                                                     8   33   96.1
 10                                                     6   36   81.6
 11                                                     4   13   45.1
 12                                                     5   16   56.1
 13                                                     8   46  107.1
 14                                                     5   38   74.8
 15                                                     6   59  101.2
 16                                                     5   29   67.2
 17                                                     5   48   83.3
 18                                                       -
 19                                                       -
 20                                                     3   35   55.2
 21                                                       -
 22                                                       -
 23                                                     4   54   79.9
 24                                                     3   56   73.1
 25                                                     3   38   57.8
 26                                                     3   33   53.6
 27                                                     3   40   59.5
 28                                                       -
 29                                                     3   13   36.5
 30                                                     2    9   24.7
 31                                                     2   10   25.5

 Monthly Mean                                                    67.0

 --------------------------------------------------------------------

 February  1929     (k = 0.85)

 Date Time(UT)      North              South                Total
      h  m      g    f     R       g    f     R         g    f     R
  1                                                     3   13   36.5
  2                                                     2   11   26.4
  3                                                     3   17   40.0
  4                                                     3    9   33.2
  5                                                     4   12   44.2
  6                                                       -
  7                                                       -
  8                                                     6   31   77.3
  9                                                     8   31   94.4
 10                                                     8   32   95.2
 11                                                       -
 12                                                     7   39   92.7
 13                                                     5   29   67.2
 14                                                     5   38   74.8
 15                                                     6   33   79.1
 16                                                     4   15   46.8
 17                                                     4   14   45.9
 18                                                       -
 19                                                     3   11   34.9
 20                                                     4   25   55.2
 21                                                     5   13   53.6
 22                                                     5   24   62.9
 23                                                     6   22   69.7
 24                                                     6   20   68.0
 25                                                     5   12   52.7
 26                                                     4   17   48.5
 27                                                     5   24   62.9
 28                                                       -




 Monthly Mean                                                    59.2

 --------------------------------------------------------------------

 March     1929     (k = 0.85)

 Date Time(UT)      North              South                Total
      h  m      g    f     R       g    f     R         g    f     R
  1                                                     5   24   62.9
  2                                                       -
  3                                                     4   16   47.6
  4                                                     4   19   50.2
  5                                                       -
  6                                                     5   23   62.1
  7                                                     3   23   45.1
  8                                                     5   30   68.0
  9                                                     4   32   61.2
 10                                                     4   44   71.4
 11                                                     5   33   70.6
 12                                                     7   51  102.9
 13                                                     8   44  105.4
 14                                                     5   34   71.4
 15                                                     5   15   55.2
 16                                                     4   18   49.3
 17                                                     5   22   61.2
 18                                                     2   13   28.1
 19                                                     1   10   17.0
 20                                                     1    3   11.1
 21                                                     1    6   13.6
 22                                                     1    6   13.6
 23                                                     2    7   23.0
 24                                                     2   13   28.1
 25                                                       -
 26                                                       -
 27                                                       -
 28                                                     1    7   14.5
 29                                                       -
 30                                                     2   14   28.9
 31                                                       -

 Monthly Mean                                                    48.4

 --------------------------------------------------------------------

 April     1929     (k = 0.85)

 Date Time(UT)      North              South                Total
      h  m      g    f     R       g    f     R         g    f     R
  1                                                       -
  2                                                       -
  3                                                     3   16   39.1
  4                                                     3   15   38.2
  5                                                     4   22   52.7
  6                                                     2   21   34.9
  7                                                       -
  8                                                       -
  9                                                       -
 10                                                     4   42   69.7
 11                                                       -
 12                                                       -
 13                                                     4   27   57.0
 14                                                     5   26   64.6
 15                                                     5   26   64.6
 16                                                     5   29   67.2
 17                                                     4   35   63.8
 18                                                       -
 19                                                       -
 20                                                       -
 21                                                     5   27   65.5
 22                                                     4   21   51.9
 23                                                     4   24   54.4
 24                                                     3   24   45.9
 25                                                     3   33   53.6
 26                                                     3   29   50.2
 27                                                     3   40   59.5
 28                                                     5   33   70.6
 29                                                     4   43   70.6
 30                                                       -


 Monthly Mean                                                    56.5

 --------------------------------------------------------------------

 May       1929     (k = 0.85)

 Date Time(UT)      North              South                Total
      h  m      g    f     R       g    f     R         g    f     R
  1                                                       -
  2                                                     5   41   77.3
  3                                                       -
  4                                                       -
  5                                                     6   53   96.1
  6                                                     5   31   68.8
  7                                                       -
  8                                                       -
  9                                                       -
 10                                                       -
 11                                                     4   43   70.6
 12                                                       -
 13                                                       -
 14                                                     6   18   66.3
 15                                                       -
 16                                                       -
 17                                                     6   13   62.1
 18                                                       -
 19                                                       -
 20                                                     5   25   63.8
 21                                                       -
 22                                                     3   16   39.1
 23                                                       -
 24                                                     4   25   55.2
 25                                                     4   45   72.2
 26                                                     4   58   83.3
 27                                                       -
 28                                                       -
 29                                                     3   26   47.6
 30                                                       -
 31                                                       -

 Monthly Mean                                                    66.9

 --------------------------------------------------------------------

 June      1929     (k = 0.85)

 Date Time(UT)      North              South                Total
      h  m      g    f     R       g    f     R         g    f     R
  1                                                       -
  2                                                     4   21   51.9
  3                                                     3   18   40.8
  4                                                     5   15   55.2
  5                                                     5   23   62.1
  6                                                     4   27   57.0
  7                                                       -
  8                                                       -
  9                                                     3   35   55.2
 10                                                     5   55   89.2
 11                                                     5   47   82.5
 12                                                       -
 13                                                       -
 14                                                       -
 15                                                       -
 16                                                       -
 17                                                     6   35   80.8
 18                                                       -
 19                                                     7   43   96.1
 20                                                     6   37   82.5
 21                                                       -
 22                                                     8   69  126.7
 23                                                       -
 24                                                       -
 25                                                     5   57   91.0
 26                                                     6   46   90.1
 27                                                     6   36   81.6
 28                                                     5   35   72.2
 29                                                     8   46  107.1
 30                                                     8   41  102.9


 Monthly Mean                                                    79.1

 --------------------------------------------------------------------

 July      1929     (k = 0.85)

 Date Time(UT)      North              South                Total
      h  m      g    f     R       g    f     R         g    f     R
  1                                                       -
  2                                                     8   64  122.4
  3                                                       -
  4                                                       -
  5                                                       -
  6                                                       -
  7                                                       -
  8                                                     7   60  110.5
  9                                                       -
 10                                                       -
 11                                                     6   52   95.2
 12                                                     4   50   76.5
 13                                                     4   53   79.1
 14                                                     5   58   91.8
 15                                                     5   50   85.0
 16                                                     8   63  121.6
 17                                                     7   40   93.5
 18                                                     6   38   83.3
 19                                                     6   29   75.7
 20                                                       -
 21                                                       -
 22                                                     9   70  136.0
 23                                                     9   50  119.0
 24                                                     9   40  110.5
 25                                                       -
 26                                                     6   34   79.9
 27                                                     4   43   70.6
 28                                                     3   50   68.0
 29                                                     3   40   59.5
 30                                                     3   32   52.7
 31                                                     7   53  104.6

 Monthly Mean                                                    91.8

 --------------------------------------------------------------------

 August    1929     (k = 0.85)

 Date Time(UT)      North              South                Total
      h  m      g    f     R       g    f     R         g    f     R
  1                                                     6   40   85.0
  2                                                     8   60  119.0
  3                                                     5   28   66.3
  4                                                     4   19   50.2
  5                                                     3   42   61.2
  6                                                     5   45   80.8
  7                                                     5   42   78.2
  8                                                     5   46   81.6
  9                                                     6   32   78.2
 10                                                     6   26   73.1
 11                                                       -
 12                                                     7   37   91.0
 13                                                     6   50   93.5
 14                                                     7   65  114.8
 15                                                     8   94  147.9
 16                                                    12  105  191.2
 17                                                    10   72  146.2
 18                                                       -
 19                                                     9   62  129.2
 20                                                     9   63  130.1
 21                                                     6   57   99.5
 22                                                     7   54  105.4
 23                                                     5   36   73.1
 24                                                       -
 25                                                       -
 26                                                     5   36   73.1
 27                                                     4   25   55.2
 28                                                     3   19   41.7
 29                                                     2   16   30.6
 30                                                     2   19   33.2
 31                                                     3   12   35.7

 Monthly Mean                                                    87.6

 --------------------------------------------------------------------

 September 1929     (k = 0.85)

 Date Time(UT)      North              South                Total
      h  m      g    f     R       g    f     R         g    f     R
  1                                                     4   18   49.3
  2                                                       -
  3                                                     5   15   55.2
  4                                                     4   10   42.5
  5                                                       -
  6                                                       -
  7                                                       -
  8                                                       -
  9                                                       -
 10                                                       -
 11                                                       -
 12                                                       -
 13                                                     5   24   62.9
 14                                                     6   27   74.0
 15                                                     6   24   71.4
 16                                                     4   20   51.0
 17                                                     5   18   57.8
 18                                                     5   18   57.8
 19                                                     4   13   45.1
 20                                                       -
 21                                                       -
 22                                                       -
 23                                                     5   28   66.3
 24                                                     4   27   57.0
 25                                                     4   10   42.5
 26                                                       -
 27                                                     3   11   34.9
 28                                                     1    8   15.3
 29                                                       -
 30                                                       -


 Monthly Mean                                                    52.2

 --------------------------------------------------------------------

 October   1929     (k = 0.85)

 Date Time(UT)      North              South                Total
      h  m      g    f     R       g    f     R         g    f     R
  1                                                     2   56   64.6
  2                                                       -
  3                                                       -
  4                                                       -
  5                                                     4   52   78.2
  6                                                     4   61   85.9
  7                                                     6   49   92.7
  8                                                       -
  9                                                       -
 10                                                       -
 11                                                       -
 12                                                       -
 13                                                       -
 14                                                     3   55   72.2
 15                                                     3   58   74.8
 16                                                     3   38   57.8
 17                                                       -
 18                                                     3   17   40.0
 19                                                     3   14   37.4
 20                                                       -
 21                                                     3   23   45.1
 22                                                       -
 23                                                       -
 24                                                     2    7   23.0
 25                                                       -
 26                                                       -
 27                                                     4   49   75.7
 28                                                       -
 29                                                       -
 30                                                     5   59   92.7
 31                                                     4   65   89.2

 Monthly Mean                                                    66.4

 --------------------------------------------------------------------

 November  1929     (k = 0.85)

 Date Time(UT)      North              South                Total
      h  m      g    f     R       g    f     R         g    f     R
  1                                                     4   66   90.1
  2                                                       -
  3                                                     3   61   77.3
  4                                                     4   63   87.6
  5                                                     4   61   85.9
  6                                                     4   58   83.3
  7                                                       -
  8                                                       -
  9                                                     5   60   93.5
 10                                                       -
 11                                                       -
 12                                                       -
 13                                                       -
 14                                                       -
 15                                                     6   57   99.5
 16                                                       -
 17                                                       -
 18                                                       -
 19                                                     4   35   63.8
 20                                                       -
 21                                                     4   36   64.6
 22                                                     4   35   63.8
 23                                                     4   41   68.8
 24                                                     6   46   90.1
 25                                                       -
 26                                                     7   58  108.8
 27                                                     8   62  120.7
 28                                                     9  113  172.6
 29                                                    10  158  219.3
 30                                                       -


 Monthly Mean                                                    99.3

 --------------------------------------------------------------------

 December  1929     (k = 0.85)

 Date Time(UT)      North              South                Total
      h  m      g    f     R       g    f     R         g    f     R
  1                                                       -
  2                                                    10  164  224.4
  3                                                     9  168  219.3
  4                                                    11  117  193.0
  5                                                     8  112  163.2
  6                                                     7   86  132.6
  7                                                     5   39   75.7
  8                                                     5   45   80.8
  9                                                     5   64   96.9
 10                                                     4   61   85.9
 11                                                       -
 12                                                    10  118  185.3
 13                                                       -
 14                                                     9  123  181.1
 15                                                       -
 16                                                       -
 17                                                       -
 18                                                    13   94  190.4
 19                                                       -
 20                                                       -
 21                                                    12   65  157.2
 22                                                    13   89  186.2
 23                                                    13   96  192.1
 24                                                    10   92  163.2
 25                                                    11  111  187.9
 26                                                     8   79  135.2
 27                                                     9  118  176.8
 28                                                       -
 29                                                       -
 30                                                       -
 31                                                       -

 Monthly Mean                                                   159.3

 --------------------------------------------------------------------

