 January   1998     (k = 0.60)

 Date Time(UT)      North              South                Total
      h  m      g    f     R       g    f     R         g    f     R
  1  03 34      1    4    8.4      2   15   21.0        3   19   29.4
  2  00 41      1    6    9.6      2   11   18.6        3   17   28.2
  3  01 20      1   11   12.6      1    8   10.8        2   19   23.4
  4  04 40      1    9   11.4      0    0    0.0        1    9   11.4
  5  04 15      1    4    8.4      0    0    0.0        1    4    8.4
  6  00 45      1    3    7.8      0    0    0.0        1    3    7.8
  7  00 35      0    0    0.0      0    0    0.0        0    0    0.0
  8    -
  9  02 20      0    0    0.0      0    0    0.0        0    0    0.0
 10  00 30      0    0    0.0      0    0    0.0        0    0    0.0
 11    -
 12    -
 13  01 05      0    0    0.0      2   32   31.2        2   32   31.2
 14  03 10      0    0    0.0      2   24   26.4        2   24   26.4
 15    -
 16  04 00      1    8   10.8      3   40   42.0        4   48   52.8
 17  02 20      1    7   10.2      4   24   38.4        5   31   48.6
 18    -
 19  02 40      2    2   13.2      5   12   37.2        7   14   50.4
 20  00 40      2    2   13.2      1    7   10.2        3    9   23.4
 21  00 30      1    3    7.8      1    1    6.6        2    4   14.4
 22  00 30      1    1    6.6      4    5   27.0        5    6   33.6
 23    -
 24  00 50      5    9   35.4      2   19   23.4        7   28   58.8
 25  00 50      6   12   43.2      3   29   35.4        9   41   78.6
 26  00 40      3   24   32.4      3   44   44.4        6   68   76.8
 27  00 25      3   10   24.0      2   28   28.8        5   38   52.8
 28    -
 29  00 45      2   10   18.0      2   20   24.0        4   30   42.0
 30  01 05      2    6   15.6      1    7   10.2        3   13   25.8
 31  00 42      2    6   15.6      1    4    8.4        3   10   24.0

 Monthly Mean            12.7               18.5                 31.2

 --------------------------------------------------------------------

 February  1998     (k = 0.60)

 Date Time(UT)      North              South                Total
      h  m      g    f     R       g    f     R         g    f     R
  1  00 23      0    0    0.0      1    3    7.8        1    3    7.8
  2  00 55      1    1    6.6      2    5   15.0        3    6   21.6
  3  00 15      1    1    6.6      1    2    7.2        2    3   13.8
  4  06 35      1    6    9.6      1    2    7.2        2    8   16.8
  5  01 25      1    6    9.6      1    4    8.4        2   10   18.0
  6  00 30      1    2    7.2      2    9   17.4        3   11   24.6
  7  00 58      0    0    0.0      2    8   16.8        2    8   16.8
  8    -
  9  00 50      0    0    0.0      3    9   23.4        3    9   23.4
 10  01 45      0    0    0.0      4    7   28.2        4    7   28.2
 11  00 15      0    0    0.0      4   13   31.8        4   13   31.8
 12  02 50      0    0    0.0      5   19   41.4        5   19   41.4
 13  00 45      0    0    0.0      3   23   31.8        3   23   31.8
 14  01 05      0    0    0.0      3   13   25.8        3   13   25.8
 15    -
 16  00 45      2   10   18.0      2   48   40.8        4   58   58.8
 17  00 30      2    7   16.2      2   54   44.4        4   61   60.6
 18  00 30      2    7   16.2      2   37   34.2        4   44   50.4
 19  00 25      1    5    9.0      2   41   36.6        3   46   45.6
 20    -
 21  02 15      0    0    0.0      2    8   16.8        2    8   16.8
 22  00 07      0    0    0.0      3    6   21.6        3    6   21.6
 23  00 45      1    1    6.6      2   11   18.6        3   12   25.2
 24    -
 25    -
 26  00 30      1   28   22.8      2   12   19.2        3   40   42.0
 27  00 40      1   18   16.8      2   11   18.6        3   29   35.4
 28  01 27      1    6    9.6      3   14   26.4        4   20   36.0




 Monthly Mean             6.7               23.5                 30.2

 --------------------------------------------------------------------

 March     1998     (k = 0.60)

 Date Time(UT)      North              South                Total
      h  m      g    f     R       g    f     R         g    f     R
  1    -
  2  00 50      2   10   18.0      4   37   46.2        6   47   64.2
  3  01 00      0    0    0.0      3   32   37.2        3   32   37.2
  4  01 45      1    4    8.4      2   28   28.8        3   32   37.2
  5    -
  6  00 55      1    6    9.6      1   11   12.6        2   17   22.2
  7  01 15      2   10   18.0      3    8   22.8        5   18   40.8
  7  23 48      2    4   14.4      2    9   17.4        4   13   31.8
  9  01 30      1    2    7.2      2   16   21.6        3   18   28.8
 10  01 05      1    2    7.2      3   27   34.2        4   29   41.4
 11  01 00      1    2    7.2      4   29   41.4        5   31   48.6
 12    -
 13    -
 14  02 42      1    1    6.6      6   56   69.6        7   57   76.2
 15  03 37      1    1    6.6      3   29   35.4        4   30   42.0
 16  00 55      0    0    0.0      3   55   51.0        3   55   51.0
 17  01 00      0    0    0.0      3   54   50.4        3   54   50.4
 18  00 55      1    1    6.6      4   58   58.8        5   59   65.4
 19  00 50      1    7   10.2      3   47   46.2        4   54   56.4
 20    -
 21    -
 22    -
 23  03 35      1   10   12.0      4   36   45.6        5   46   57.6
 24  02 35      1   18   16.8      3   34   38.4        4   52   55.2
 25  04 35      1   12   13.2      3   23   31.8        4   35   45.0
 26  00 50      2   11   18.6      3   35   39.0        5   46   57.6
 27    -
 28  05 20      2    9   17.4      3   52   49.2        5   61   66.6
 29  02 10      2   12   19.2      4   43   49.8        6   55   69.0
 30  00 15      1    1    6.6      5   47   58.2        6   48   64.8
 31  01 45      0    0    0.0      6   49   65.4        6   49   65.4

 Monthly Mean             9.7               41.3                 51.1

 --------------------------------------------------------------------

 April     1998     (k = 0.60)

 Date Time(UT)      North              South                Total
      h  m      g    f     R       g    f     R         g    f     R
  1    -
  2    -
  3  01 10      0    0    0.0      5   72   73.2        5   72   73.2
  3  23 40      0    0    0.0      4   48   52.8        4   48   52.8
  4  23 45      0    0    0.0      4   59   59.4        4   59   59.4
  6    -
  7    -
  8    -
  9    -
 10  00 35      2    2   13.2     11   65  105.0       13   67  118.2
 10  23 10      0    0    0.0     10  110  126.0       10  110  126.0
 12  02 50      0    0    0.0     10  111  126.6       10  111  126.6
 13  04 55      0    0    0.0      9   96  111.6        9   96  111.6
 14    -
 15    -
 16  03 45      1   20   18.0      8   40   72.0        9   60   90.0
 17    -
 18    -
 18  23 50      2   24   26.4      0    0    0.0        2   24   26.4
 20  00 00      2   22   25.2      0    0    0.0        2   22   25.2
 20  23 45      2   15   21.0      0    0    0.0        2   15   21.0
 21  23 45      2   12   19.2      0    0    0.0        2   12   19.2
 22  23 55      2   10   18.0      0    0    0.0        2   10   18.0
 24    -
 25    -
 26    -
 27    -
 28  03 35      0    0    0.0      2    6   15.6        2    6   15.6
 29  00 45      0    0    0.0      3   26   33.6        3   26   33.6
 30  02 30      1    5    9.0      2   22   25.2        3   27   34.2


 Monthly Mean             9.4               50.1                 59.4

 --------------------------------------------------------------------

 May       1998     (k = 0.60)

 Date Time(UT)      North              South                Total
      h  m      g    f     R       g    f     R         g    f     R
  1  00 05      2   15   21.0      3   22   31.2        5   37   52.2
  2  00 30      1   22   19.2      2   23   25.8        3   45   45.0
  3    -
  4    -
  5  02 25      1   45   33.0      3   13   25.8        4   58   58.8
  6  02 40      2   55   45.0      3   17   28.2        5   72   73.2
  7  00 40      1   43   31.8      4   11   30.6        5   54   62.4
  8    -
  9    -
 10    -
 10  23 50      0    0    0.0      3   17   28.2        3   17   28.2
 12    -
 13  01 45      1   10   12.0      3   38   40.8        4   48   52.8
 14  06 20      1   17   16.2      3   43   43.8        4   60   60.0
 15  00 30      1   23   19.8      2   44   38.4        3   67   58.2
 16  00 20      1   18   16.8      2   53   43.8        3   71   60.6
 17  06 00      1   23   19.8      2   35   33.0        3   58   52.8
 18    -
 19  04 30      1   14   14.4      4   13   31.8        5   27   46.2
 20  00 35      1   17   16.2      2    3   13.8        3   20   30.0
 21  00 30      1   16   15.6      3    7   22.2        4   23   37.8
 22  00 50      1    9   11.4      0    0    0.0        1    9   11.4
 23  01 00      2    6   15.6      1    1    6.6        3    7   22.2
 24    -
 25  06 05      1   25   21.0      1    2    7.2        2   27   28.2
 26    -
 27    -
 27  23 30      2   22   25.2      1    5    9.0        3   27   34.2
 29    -
 30    -
 31  00 15      1   13   13.8      3   24   32.4        4   37   46.2

 Monthly Mean            19.4               25.9                 45.3

 --------------------------------------------------------------------

 June      1998     (k = 1.00)

 Date Time(UT)      North              South                Total
      h  m      g    f     R       g    f     R         g    f     R
  1  01 57      1    4   14.0      2    6   26.0        3   10   40.0
  2  01 22      3    7   37.0      3   10   40.0        6   17   77.0
  3    -
  4    -
  5    -
  6    -
  7    -
  8  00 37      2    4   24.0      3   11   41.0        5   15   65.0
  9    -
 10    -
 11    -
 12    -
 13    -
 14    -
 15    -
 16    -
 17    -
 17  23 53      2    6   26.0      2    3   23.0        4    9   49.0
 19    -
 20  01 10      3   12   42.0      1    2   12.0        4   14   54.0
 21    -
 22    -
 23    -
 24    -
 25    -
 26    -
 27    -
 28    -
 29    -
 30  05 43      3    6   36.0      5   12   62.0        8   18   98.0

 Monthly Mean            29.8               34.0                 63.8

 --------------------------------------------------------------------

 July      1998     (k = 1.00)

 Date Time(UT)      North              South                Total
      h  m      g    f     R       g    f     R         g    f     R
  1  04 08      4    5   45.0      4   11   51.0        8   16   96.0
  2  03 06      4    7   47.0      6   14   74.0       10   21  121.0
  3  00 43      4    8   48.0      7   14   84.0       11   22  132.0
  4  02 04      4    8   48.0      5   18   68.0        9   26  116.0
  5    -
  6    -
  7    -
  8    -
  9  00 12      1    3   13.0      1    3   13.0        2    6   26.0
 10    -
 11    -
 12    -
 13    -
 14  06 34      1    1   11.0      2    5   25.0        3    6   36.0
 15    -
 16    -
 17    -
 17  23 23      0    0    0.0      4   10   50.0        4   10   50.0
 19  06 51      0    0    0.0      3    7   37.0        3    7   37.0
 20    -
 21    -
 22    -
 23  02 18      3    7   37.0      4   15   55.0        7   22   92.0
 24    -
 25    -
 26    -
 27  05 46      4    9   49.0      1    9   19.0        5   18   68.0
 28  05 03      7   22   92.0      3   13   43.0       10   35  135.0
 29  06 06      5   16   66.0      1    4   14.0        6   20   80.0
 30    -
 31    -

 Monthly Mean            38.0               44.4                 82.4

 --------------------------------------------------------------------

 August    1998     (k = 1.00)

 Date Time(UT)      North              South                Total
      h  m      g    f     R       g    f     R         g    f     R
  1    -
  2    -
  3  04 45      4    6   46.0      2    2   22.0        6    8   68.0
  4    -
  4  23 47      2   15   35.0      1   11   21.0        3   26   56.0
  6    -
  7    -
  8    -
  9    -
 10  06 43      4   11   51.0      6   25   85.0       10   36  136.0
 11  04 03      3   15   45.0      5   32   82.0        8   47  127.0
 12  00 07      3   16   46.0      4   14   54.0        7   30  100.0
 13  01 00      5   18   68.0      5   13   63.0       10   31  131.0
 14  04 46      3    9   39.0      3    5   35.0        6   14   74.0
 15    -
 16    -
 17  01 09      3    8   38.0      4    9   49.0        7   17   87.0
 18    -
 19    -
 20    -
 20  23 37      4   11   51.0      4    6   46.0        8   17   97.0
 22    -
 23  02 02      4   22   62.0      2    5   25.0        6   27   87.0
 24  00 56      4   21   61.0      2    3   23.0        6   24   84.0
 25  00 30      3   21   51.0      2    3   23.0        5   24   74.0
 26  04 57      6   23   83.0      1    2   12.0        7   25   95.0
 27    -
 28    -
 29    -
 30    -
 31    -

 Monthly Mean            52.0               41.5                 93.5

 --------------------------------------------------------------------

 September 1998     (k = 1.00)

 Date Time(UT)      North              South                Total
      h  m      g    f     R       g    f     R         g    f     R
  1    -
  2    -
  3    -
  4    -
  5  05 35      3   11   41.0      2   11   31.0        5   22   72.0
  6    -
  7    -
  8  07 18      4   20   60.0      4   12   52.0        8   32  112.0
  9  02 03      5   32   82.0      4   15   55.0        9   47  137.0
 10  00 04      5   25   75.0      3    6   36.0        8   31  111.0
 11    -
 12  02 17      3   20   50.0      2    5   25.0        5   25   75.0
 13  03 43      3   22   52.0      4    9   49.0        7   31  101.0
 14  00 48      2   18   38.0      3    7   37.0        5   25   75.0
 15    -
 16  02 32      1    4   14.0      2    6   26.0        3   10   40.0
 17  00 28      2    3   23.0      3    4   34.0        5    7   57.0
 18    -
 19  02 09      4    8   48.0      4   17   57.0        8   25  105.0
 20  04 33      5   14   64.0      4   24   64.0        9   38  128.0
 21    -
 22    -
 23    -
 24    -
 24  23 44      4   14   54.0      3    8   38.0        7   22   92.0
 26    -
 27    -
 28    -
 29    -
 30    -


 Monthly Mean            50.1               42.0                 92.1

 --------------------------------------------------------------------

 October   1998     (k = 1.00)

 Date Time(UT)      North              South                Total
      h  m      g    f     R       g    f     R         g    f     R
  1    -
  2  00 37      1    1   11.0      0    0    0.0        1    1   11.0
  3  00 36      2    4   24.0      1   11   21.0        3   15   45.0
  4  00 43      1    6   16.0      0    0    0.0        1    6   16.0
  5    -
  6    -
  7    -
  8  03 02      4   25   65.0      2    9   29.0        6   34   94.0
  8  23 55      3   20   50.0      2    8   28.0        5   28   78.0
 10  00 48      2   10   30.0      2    7   27.0        4   17   57.0
 11  00 39      2    8   28.0      2    8   28.0        4   16   56.0
 11  22 58      1    1   11.0      1    4   14.0        2    5   25.0
 13    -
 14    -
 15  01 09      3    8   38.0      2    9   29.0        5   17   67.0
 16    -
 17    -
 18  02 52      5   31   81.0      2    8   28.0        7   39  109.0
 19  02 30      5   21   71.0      2    5   25.0        7   26   96.0
 20    -
 21    -
 22    -
 23    -
 24    -
 25  05 45      1    1   11.0      1    2   12.0        2    3   23.0
 26    -
 27    -
 28  01 53      2    4   24.0      0    0    0.0        2    4   24.0
 29    -
 30    -
 31  00 49      3    5   35.0      2    3   23.0        5    8   58.0

 Monthly Mean            35.4               18.9                 54.2

 --------------------------------------------------------------------

 November  1998     (k = 1.00)

 Date Time(UT)      North              South                Total
      h  m      g    f     R       g    f     R         g    f     R
  1    -
  2    -
  3  01 33      3    8   38.0      0    0    0.0        3    8   38.0
  4  01 38      3    5   35.0      1    2   12.0        4    7   47.0
  5    -
  6    -
  7    -
  8  00 50      5   19   69.0      2    2   22.0        7   21   91.0
  9  01 08      3   11   41.0      1    1   11.0        4   12   52.0
 10    -
 11  02 45      4    8   48.0      2    5   25.0        6   13   73.0
 12  00 58      3    6   36.0      3    5   35.0        6   11   71.0
 12  23 58      3   16   46.0      3   11   41.0        6   27   87.0
 14  00 45      5   11   61.0      4   13   53.0        9   24  114.0
 15  00 39      4    6   46.0      4   13   53.0        8   19   99.0
 16  01 47      4    4   44.0      4   15   55.0        8   19   99.0
 17  01 30      1    3   13.0      2   10   30.0        3   13   43.0
 18  01 41      1    3   13.0      3   11   41.0        4   14   54.0
 19  05 24      1    1   11.0      2    6   26.0        3    7   37.0
 20  00 04      0    0    0.0      3    8   38.0        3    8   38.0
 21  00 41      0    0    0.0      2    9   29.0        2    9   29.0
 22    -
 23  01 27      0    0    0.0      2    4   24.0        2    4   24.0
 24  02 00      1    1   11.0      5   11   61.0        6   12   72.0
 25  00 01      1    2   12.0      5   16   66.0        6   18   78.0
 26  02 14      3    9   39.0      5   16   66.0        8   25  105.0
 27  00 38      4   17   57.0      4   15   55.0        8   32  112.0
 28  00 39      5   25   75.0      4   15   55.0        9   40  130.0
 29  00 44      6   22   82.0      2   14   34.0        8   36  116.0
 30  02 00      4   16   56.0      1    4   14.0        5   20   70.0


 Monthly Mean            36.2               36.8                 73.0

 --------------------------------------------------------------------

 December  1998     (k = 1.00)

 Date Time(UT)      North              South                Total
      h  m      g    f     R       g    f     R         g    f     R
  1  00 08      5   29   79.0      3    7   37.0        8   36  116.0
  2    -
  3    -
  4    -
  5    -
  6  00 22      5   17   67.0      4    5   45.0        9   22  112.0
  7    -
  8    -
  9  02 46      4   16   56.0      4   30   70.0        8   46  126.0
 10    -
 11  00 29      3    6   36.0      3   13   43.0        6   19   79.0
 12  04 30      3    3   33.0      5   27   77.0        8   30  110.0
 13  00 36      2    3   23.0      5   26   76.0        7   29   99.0
 14  00 19      1    2   12.0      5   31   81.0        6   33   93.0
 15  02 11      2    3   23.0      5   23   73.0        7   26   96.0
 16    -
 17  00 38      1    2   12.0      2   16   36.0        3   18   48.0
 18  01 19      2    3   23.0      2    7   27.0        4   10   50.0
 19  00 42      2    8   28.0      1    5   15.0        3   13   43.0
 20  01 04      4   10   50.0      1    1   11.0        5   11   61.0
 21  00 09      2    8   28.0      0    0    0.0        2    8   28.0
 22  01 12      3   13   43.0      0    0    0.0        3   13   43.0
 23  01 40      4   16   56.0      0    0    0.0        4   16   56.0
 24  00 46      5   13   63.0      0    0    0.0        5   13   63.0
 25    -
 26  00 36      4   19   59.0      2    6   26.0        6   25   85.0
 27    -
 28  01 32      4   22   62.0      1    6   16.0        5   28   78.0
 29  01 09      3   29   59.0      1    8   18.0        4   37   77.0
 30  00 18      3   26   56.0      1    5   15.0        4   31   71.0
 31    -

 Monthly Mean            43.4               33.3                 76.7

 --------------------------------------------------------------------

