 January   1986     (k = 0.60)

 Date Time(UT)      North              South                Total
      h  m      g    f     R       g    f     R         g    f     R
  1    -
  2  01 00      0    0    0.0      0    0    0.0        0    0    0.0
  3    -
  4  00 00      0    0    0.0      0    0    0.0        0    0    0.0
  5  00 50      0    0    0.0      0    0    0.0        0    0    0.0
  6  00 20      0    0    0.0      0    0    0.0        0    0    0.0
  7  00 05      0    0    0.0      0    0    0.0        0    0    0.0
  8  00 15      0    0    0.0      0    0    0.0        0    0    0.0
  9  00 35      0    0    0.0      0    0    0.0        0    0    0.0
 10  00 10      0    0    0.0      0    0    0.0        0    0    0.0
 11  01 10      0    0    0.0      0    0    0.0        0    0    0.0
 12  01 05      0    0    0.0      0    0    0.0        0    0    0.0
 13  00 10      0    0    0.0      0    0    0.0        0    0    0.0
 14  00 30      0    0    0.0      1   13   13.8        1   13   13.8
 15  01 20      0    0    0.0      1    8   10.8        1    8   10.8
 16    -
 17  00 35      0    0    0.0      0    0    0.0        0    0    0.0
 18  00 05      0    0    0.0      0    0    0.0        0    0    0.0
 19  01 50      0    0    0.0      0    0    0.0        0    0    0.0
 20    -
 21  00 15      0    0    0.0      0    0    0.0        0    0    0.0
 22  00 35      0    0    0.0      0    0    0.0        0    0    0.0
 23  00 10      0    0    0.0      0    0    0.0        0    0    0.0
 24  00 45      1    1    6.6      0    0    0.0        1    1    6.6
 25  00 20      0    0    0.0      0    0    0.0        0    0    0.0
 26  00 05      0    0    0.0      1    1    6.6        1    1    6.6
 27  00 30      0    0    0.0      0    0    0.0        0    0    0.0
 28  00 05      0    0    0.0      0    0    0.0        0    0    0.0
 29  00 05      0    0    0.0      0    0    0.0        0    0    0.0
 30  00 05      0    0    0.0      0    0    0.0        0    0    0.0
 31  01 15      0    0    0.0      1    3    7.8        1    3    7.8

 Monthly Mean             0.2                1.4                  1.7

 --------------------------------------------------------------------

 February  1986     (k = 0.60)

 Date Time(UT)      North              South                Total
      h  m      g    f     R       g    f     R         g    f     R
  1  05 50      0    0    0.0      1   13   13.8        1   13   13.8
  2  01 50      0    0    0.0      1   22   19.2        1   22   19.2
  3  00 10      0    0    0.0      3   29   35.4        3   29   35.4
  4  00 30      0    0    0.0      3   54   50.4        3   54   50.4
  5  00 20      0    0    0.0      3   42   43.2        3   42   43.2
  6  00 20      0    0    0.0      2   56   45.6        2   56   45.6
  7  00 15      0    0    0.0      3   61   54.6        3   61   54.6
  8    -
  9  00 10      0    0    0.0      2   47   40.2        2   47   40.2
 10  00 15      0    0    0.0      2   47   40.2        2   47   40.2
 11    -
 12  00 15      0    0    0.0      1   26   21.6        1   26   21.6
 13  00 10      0    0    0.0      1   23   19.8        1   23   19.8
 14  01 25      0    0    0.0      1   13   13.8        1   13   13.8
 15    -
 16  00 10      0    0    0.0      0    0    0.0        0    0    0.0
 17  00 25      0    0    0.0      0    0    0.0        0    0    0.0
 18    -
 19  03 30      0    0    0.0      0    0    0.0        0    0    0.0
 20  00 20      0    0    0.0      1    1    6.6        1    1    6.6
 21  00 05      0    0    0.0      1    1    6.6        1    1    6.6
 22  00 05      0    0    0.0      1    1    6.6        1    1    6.6
 23  00 05      0    0    0.0      2    2   13.2        2    2   13.2
 24  00 15      0    0    0.0      0    0    0.0        0    0    0.0
 25  00 15      0    0    0.0      0    0    0.0        0    0    0.0
 25  23 15      0    0    0.0      1    1    6.6        1    1    6.6
 27  00 30      1    6    9.6      1    1    6.6        2    7   16.2
 28  00 05      1    4    8.4      0    0    0.0        1    4    8.4




 Monthly Mean             0.8               18.5                 19.2

 --------------------------------------------------------------------

 March     1986     (k = 0.60)

 Date Time(UT)      North              South                Total
      h  m      g    f     R       g    f     R         g    f     R
  1  00 50      0    0    0.0      1    4    8.4        1    4    8.4
  2  00 40      1    2    7.2      1    7   10.2        2    9   17.4
  3  00 15      1    5    9.0      1   13   13.8        2   18   22.8
  4  00 15      1    1    6.6      1   22   19.2        2   23   25.8
  5  00 10      1    1    6.6      1   32   25.2        2   33   31.8
  6  00 10      0    0    0.0      1   39   29.4        1   39   29.4
  7  00 20      1    2    7.2      1   46   33.6        2   48   40.8
  8  00 20      1    2    7.2      1   52   37.2        2   54   44.4
  9  00 59      0    0    0.0      1   11   12.6        1   11   12.6
 10    -
 11    -
 12  06 25      0    0    0.0      1    7   10.2        1    7   10.2
 13  00 10      0    0    0.0      0    0    0.0        0    0    0.0
 14    -
 15    -
 16  00 40      0    0    0.0      0    0    0.0        0    0    0.0
 17  00 25      0    0    0.0      0    0    0.0        0    0    0.0
 18  00 05      0    0    0.0      0    0    0.0        0    0    0.0
 19    -
 20  00 55      0    0    0.0      0    0    0.0        0    0    0.0
 21  02 05      0    0    0.0      0    0    0.0        0    0    0.0
 22    -
 23    -
 24  00 55      1    2    7.2      2    3   13.8        3    5   21.0
 25  00 30      1    1    6.6      0    0    0.0        1    1    6.6
 26  00 00      1    1    6.6      0    0    0.0        1    1    6.6
 27  00 10      0    0    0.0      0    0    0.0        0    0    0.0
 28    -
 29    -
 30    -
 31  02 00      0    0    0.0      0    0    0.0        0    0    0.0

 Monthly Mean             3.1               10.2                 13.2

 --------------------------------------------------------------------

 April     1986     (k = 0.60)

 Date Time(UT)      North              South                Total
      h  m      g    f     R       g    f     R         g    f     R
  1  01 20      0    0    0.0      0    0    0.0        0    0    0.0
  2  00 20      0    0    0.0      1    3    7.8        1    3    7.8
  3  01 00      0    0    0.0      1    2    7.2        1    2    7.2
  4    -
  5  00 10      0    0    0.0      0    0    0.0        0    0    0.0
  6  01 24      0    0    0.0      0    0    0.0        0    0    0.0
  7  00 10      0    0    0.0      0    0    0.0        0    0    0.0
  8  00 10      0    0    0.0      1    2    7.2        1    2    7.2
  9  00 10      0    0    0.0      0    0    0.0        0    0    0.0
 10  03 10      0    0    0.0      1    1    6.6        1    1    6.6
 11    -
 12  00 10      0    0    0.0      1    7   10.2        1    7   10.2
 13  00 33      0    0    0.0      1    7   10.2        1    7   10.2
 14  00 10      0    0    0.0      2    5   15.0        2    5   15.0
 15    -
 16  00 10      1    3    7.8      1    1    6.6        2    4   14.4
 17  04 40      1    6    9.6      0    0    0.0        1    6    9.6
 18  00 20      1    6    9.6      1    1    6.6        2    7   16.2
 19    -
 20    -
 21  03 00      1   11   12.6      2    2   13.2        3   13   25.8
 22    -
 23  00 40      2   28   28.8      1    9   11.4        3   37   40.2
 24  00 55      2   51   42.6      1    2    7.2        3   53   49.8
 25  00 25      2   50   42.0      0    0    0.0        2   50   42.0
 25  23 55      2   50   42.0      0    0    0.0        2   50   42.0
 27  00 30      1   38   28.8      0    0    0.0        1   38   28.8
 28    -
 29  00 30      2   18   22.8      0    0    0.0        2   18   22.8
 30  00 10      2   16   21.6      0    0    0.0        2   16   21.6


 Monthly Mean            11.7                4.8                 16.4

 --------------------------------------------------------------------

 May       1986     (k = 0.60)

 Date Time(UT)      North              South                Total
      h  m      g    f     R       g    f     R         g    f     R
  1  00 10      2   13   19.8      0    0    0.0        2   13   19.8
  2    -
  3    -
  4  06 10      0    0    0.0      0    0    0.0        0    0    0.0
  5    -
  6    -
  7  00 05      0    0    0.0      0    0    0.0        0    0    0.0
  8  00 10      0    0    0.0      1    1    6.6        1    1    6.6
  9  00 10      0    0    0.0      0    0    0.0        0    0    0.0
 10  00 10      0    0    0.0      0    0    0.0        0    0    0.0
 11    -
 12  03 15      0    0    0.0      0    0    0.0        0    0    0.0
 13  00 05      0    0    0.0      0    0    0.0        0    0    0.0
 14  01 45      0    0    0.0      0    0    0.0        0    0    0.0
 15  00 35      1    2    7.2      0    0    0.0        1    2    7.2
 16  00 05      1    5    9.0      0    0    0.0        1    5    9.0
 17  00 05      1    5    9.0      0    0    0.0        1    5    9.0
 18  00 20      2    7   16.2      0    0    0.0        2    7   16.2
 19    -
 20    -
 21    -
 22  00 10      2   13   19.8      0    0    0.0        2   13   19.8
 23  00 20      3   30   36.0      0    0    0.0        3   30   36.0
 24  01 40      2   25   27.0      0    0    0.0        2   25   27.0
 25    -
 26  00 10      1   29   23.4      1    1    6.6        2   30   30.0
 27  00 10      1   24   20.4      1    1    6.6        2   25   27.0
 28  00 10      1   11   12.6      1    5    9.0        2   16   21.6
 29  00 05      1    1    6.6      1    2    7.2        2    3   13.8
 30    -
 31  00 15      0    0    0.0      1    2    7.2        1    2    7.2

 Monthly Mean             9.9                2.1                 11.9

 --------------------------------------------------------------------

 June      1986     (k = 0.60)

 Date Time(UT)      North              South                Total
      h  m      g    f     R       g    f     R         g    f     R
  1    -
  2  00 10      0    0    0.0      0    0    0.0        0    0    0.0
  3    -
  4  00 05      0    0    0.0      0    0    0.0        0    0    0.0
  5  01 00      0    0    0.0      0    0    0.0        0    0    0.0
  6    -
  7    -
  8  01 40      1    5    9.0      0    0    0.0        1    5    9.0
  9  00 00      0    0    0.0      0    0    0.0        0    0    0.0
 10  00 30      0    0    0.0      0    0    0.0        0    0    0.0
 11  00 05      0    0    0.0      0    0    0.0        0    0    0.0
 12  00 00      0    0    0.0      0    0    0.0        0    0    0.0
 13  00 10      0    0    0.0      0    0    0.0        0    0    0.0
 14  00 10      0    0    0.0      0    0    0.0        0    0    0.0
 15  00 25      0    0    0.0      0    0    0.0        0    0    0.0
 16  00 10      0    0    0.0      0    0    0.0        0    0    0.0
 17    -
 18  02 55      0    0    0.0      0    0    0.0        0    0    0.0
 19  00 15      0    0    0.0      0    0    0.0        0    0    0.0
 20  00 35      0    0    0.0      1    2    7.2        1    2    7.2
 21    -
 22    -
 23    -
 24    -
 25    -
 26  00 05      0    0    0.0      0    0    0.0        0    0    0.0
 27  00 15      0    0    0.0      0    0    0.0        0    0    0.0
 28    -
 29    -
 30    -


 Monthly Mean             0.5                0.4                  0.9

 --------------------------------------------------------------------

 July      1986     (k = 0.60)

 Date Time(UT)      North              South                Total
      h  m      g    f     R       g    f     R         g    f     R
  1  00 05      0    0    0.0      0    0    0.0        0    0    0.0
  2    -
  3  04 30      1    1    6.6      0    0    0.0        1    1    6.6
  4    -
  5  00 25      1    7   10.2      0    0    0.0        1    7   10.2
  6  02 11      2   10   18.0      0    0    0.0        2   10   18.0
  7    -
  8  00 50      1    2    7.2      1   17   16.2        2   19   23.4
  9  04 05      0    0    0.0      1   13   13.8        1   13   13.8
 10    -
 11    -
 12    -
 13    -
 14  00 15      0    0    0.0      1   13   13.8        1   13   13.8
 15    -
 16    -
 17    -
 18  00 25      1    2    7.2      1    3    7.8        2    5   15.0
 19  00 00      1   13   13.8      0    0    0.0        1   13   13.8
 20    -
 21    -
 22    -
 23  00 20      2    4   14.4      0    0    0.0        2    4   14.4
 24  00 10      0    0    0.0      0    0    0.0        0    0    0.0
 25    -
 26  03 35      0    0    0.0      0    0    0.0        0    0    0.0
 27  00 40      0    0    0.0      0    0    0.0        0    0    0.0
 28  00 20      1    2    7.2      0    0    0.0        1    2    7.2
 29  00 20      1   10   12.0      0    0    0.0        1   10   12.0
 30  00 20      1   17   16.2      0    0    0.0        1   17   16.2
 31  00 15      1   14   14.4      0    0    0.0        1   14   14.4

 Monthly Mean             7.5                3.0                 10.5

 --------------------------------------------------------------------

 August    1986     (k = 0.60)

 Date Time(UT)      North              South                Total
      h  m      g    f     R       g    f     R         g    f     R
  1  00 15      1    9   11.4      0    0    0.0        1    9   11.4
  2  00 15      1   10   12.0      0    0    0.0        1   10   12.0
  3  01 44      1    7   10.2      0    0    0.0        1    7   10.2
  4    -
  5  00 30      1    9   11.4      0    0    0.0        1    9   11.4
  6  00 35      1    5    9.0      0    0    0.0        1    5    9.0
  7  00 35      1    4    8.4      0    0    0.0        1    4    8.4
  8    -
  9  00 45      1    2    7.2      0    0    0.0        1    2    7.2
 10  01 12      0    0    0.0      0    0    0.0        0    0    0.0
 11  01 05      0    0    0.0      0    0    0.0        0    0    0.0
 12  00 00      0    0    0.0      0    0    0.0        0    0    0.0
 13  00 00      0    0    0.0      0    0    0.0        0    0    0.0
 13  23 55      0    0    0.0      0    0    0.0        0    0    0.0
 15  01 05      0    0    0.0      0    0    0.0        0    0    0.0
 16  00 10      1    3    7.8      0    0    0.0        1    3    7.8
 17  00 55      1    1    6.6      0    0    0.0        1    1    6.6
 18  02 40      0    0    0.0      0    0    0.0        0    0    0.0
 19    -
 20  00 30      0    0    0.0      0    0    0.0        0    0    0.0
 21  00 40      0    0    0.0      1    4    8.4        1    4    8.4
 22  00 25      0    0    0.0      1   15   15.0        1   15   15.0
 23    -
 24  01 10      1    2    7.2      0    0    0.0        1    2    7.2
 25  00 20      1    3    7.8      0    0    0.0        1    3    7.8
 26  00 20      1    3    7.8      0    0    0.0        1    3    7.8
 27  00 00      1    2    7.2      0    0    0.0        1    2    7.2
 28  00 10      1    4    8.4      0    0    0.0        1    4    8.4
 29  00 10      1    4    8.4      0    0    0.0        1    4    8.4
 30  00 30      1    2    7.2      0    0    0.0        1    2    7.2
 31  00 20      1    2    7.2      0    0    0.0        1    2    7.2

 Monthly Mean             5.4                0.9                  6.2

 --------------------------------------------------------------------

 September 1986     (k = 0.60)

 Date Time(UT)      North              South                Total
      h  m      g    f     R       g    f     R         g    f     R
  1  00 15      1    2    7.2      0    0    0.0        1    2    7.2
  2    -
  3  05 00      1    2    7.2      0    0    0.0        1    2    7.2
  4  00 15      1    2    7.2      0    0    0.0        1    2    7.2
  5  00 15      0    0    0.0      0    0    0.0        0    0    0.0
  6  01 10      0    0    0.0      0    0    0.0        0    0    0.0
  7  01 25      1    9   11.4      0    0    0.0        1    9   11.4
  8  02 15      1    8   10.8      0    0    0.0        1    8   10.8
  9  03 55      1    8   10.8      0    0    0.0        1    8   10.8
 10  02 45      1    1    6.6      0    0    0.0        1    1    6.6
 11  00 00      1    2    7.2      0    0    0.0        1    2    7.2
 12    -
 12  23 40      0    0    0.0      0    0    0.0        0    0    0.0
 14    -
 15    -
 16    -
 17    -
 18  00 15      0    0    0.0      0    0    0.0        0    0    0.0
 19  03 25      0    0    0.0      0    0    0.0        0    0    0.0
 20    -
 21    -
 22  00 10      0    0    0.0      0    0    0.0        0    0    0.0
 23  00 20      0    0    0.0      0    0    0.0        0    0    0.0
 24  00 35      0    0    0.0      0    0    0.0        0    0    0.0
 25  00 15      0    0    0.0      0    0    0.0        0    0    0.0
 26  00 05      0    0    0.0      0    0    0.0        0    0    0.0
 27  00 15      0    0    0.0      0    0    0.0        0    0    0.0
 28  00 04      0    0    0.0      0    0    0.0        0    0    0.0
 29  03 45      0    0    0.0      0    0    0.0        0    0    0.0
 30  01 20      1    3    7.8      0    0    0.0        1    3    7.8


 Monthly Mean             3.5                0.0                  3.5

 --------------------------------------------------------------------

 October   1986     (k = 0.60)

 Date Time(UT)      North              South                Total
      h  m      g    f     R       g    f     R         g    f     R
  1    -
  2  02 40      1    3    7.8      0    0    0.0        1    3    7.8
  3  00 40      2    6   15.6      0    0    0.0        2    6   15.6
  4  00 05      2    9   17.4      0    0    0.0        2    9   17.4
  5  00 15      2    6   15.6      0    0    0.0        2    6   15.6
  6  00 05      2    5   15.0      0    0    0.0        2    5   15.0
  7    -
  8    -
  9  00 00      2   14   20.4      1    2    7.2        3   16   27.6
 10    -
 11    -
 12  00 45      1    2    7.2      0    0    0.0        1    2    7.2
 13  00 25      1    2    7.2      2   11   18.6        3   13   25.8
 14  00 10      0    0    0.0      0    0    0.0        0    0    0.0
 15  00 05      0    0    0.0      0    0    0.0        0    0    0.0
 16  00 20      0    0    0.0      0    0    0.0        0    0    0.0
 17  00 10      1    7   10.2      0    0    0.0        1    7   10.2
 18  00 10      1   14   14.4      0    0    0.0        1   14   14.4
 19  00 15      1   22   19.2      0    0    0.0        1   22   19.2
 20  00 15      1   42   31.2      0    0    0.0        1   42   31.2
 21  00 40      1   41   30.6      1    3    7.8        2   44   38.4
 22  03 00      1   46   33.6      2    5   15.0        3   51   48.6
 23  00 05      1   42   31.2      2    8   16.8        3   50   48.0
 24  01 40      1   47   34.2      2   27   28.2        3   74   62.4
 25  01 30      1   57   40.2      3   28   34.8        4   85   75.0
 26  01 36      1   36   27.6      3   32   37.2        4   68   64.8
 27  05 50      2   20   24.0      3   17   28.2        5   37   52.2
 28    -
 29    -
 30  00 30      3   12   25.2      3   10   24.0        6   22   49.2
 31  00 05      2   25   27.0      3    7   22.2        5   32   49.2

 Monthly Mean            19.0               10.0                 29.0

 --------------------------------------------------------------------

 November  1986     (k = 0.60)

 Date Time(UT)      North              South                Total
      h  m      g    f     R       g    f     R         g    f     R
  1    -
  2  01 12      2   23   25.8      0    0    0.0        2   23   25.8
  3  00 35      1   18   16.8      1   14   14.4        2   32   31.2
  4  01 15      1   15   15.0      2    6   15.6        3   21   30.6
  5  00 05      1   16   15.6      1    4    8.4        2   20   24.0
  6    -
  7  00 50      1    2    7.2      1   10   12.0        2   12   19.2
  8  00 10      1    6    9.6      1    2    7.2        2    8   16.8
  9    -
 10  00 20      0    0    0.0      1    1    6.6        1    1    6.6
 11  00 10      0    0    0.0      1    2    7.2        1    2    7.2
 12  00 05      0    0    0.0      0    0    0.0        0    0    0.0
 13  06 45      0    0    0.0      0    0    0.0        0    0    0.0
 14  00 15      0    0    0.0      0    0    0.0        0    0    0.0
 15    -
 16  02 35      1    4    8.4      0    0    0.0        1    4    8.4
 17    -
 18  00 20      1    3    7.8      0    0    0.0        1    3    7.8
 19  02 45      1    5    9.0      0    0    0.0        1    5    9.0
 20  00 05      2    4   14.4      0    0    0.0        2    4   14.4
 21  00 20      1    2    7.2      0    0    0.0        1    2    7.2
 22  00 05      1    2    7.2      0    0    0.0        1    2    7.2
 23  01 00      1    2    7.2      1    1    6.6        2    3   13.8
 24    -
 25  03 00      0    0    0.0      0    0    0.0        0    0    0.0
 26  01 10      0    0    0.0      0    0    0.0        0    0    0.0
 27  03 45      2    3   13.8      1    2    7.2        3    5   21.0
 28    -
 29  00 05      1    1    6.6      0    0    0.0        1    1    6.6
 30  01 30      0    0    0.0      0    0    0.0        0    0    0.0


 Monthly Mean             7.5                3.7                 11.2

 --------------------------------------------------------------------

 December  1986     (k = 0.60)

 Date Time(UT)      North              South                Total
      h  m      g    f     R       g    f     R         g    f     R
  1  00 15      0    0    0.0      0    0    0.0        0    0    0.0
  2  00 35      0    0    0.0      0    0    0.0        0    0    0.0
  3  03 55      0    0    0.0      0    0    0.0        0    0    0.0
  4    -
  5  00 35      0    0    0.0      0    0    0.0        0    0    0.0
  6  00 25      0    0    0.0      0    0    0.0        0    0    0.0
  7  00 10      0    0    0.0      0    0    0.0        0    0    0.0
  8  00 50      0    0    0.0      0    0    0.0        0    0    0.0
  9  00 00      0    0    0.0      0    0    0.0        0    0    0.0
 10  00 05      1   11   12.6      1    2    7.2        2   13   19.8
 11  00 25      1    5    9.0      1    2    7.2        2    7   16.2
 12  04 35      1    2    7.2      1    1    6.6        2    3   13.8
 13  00 08      1    4    8.4      1    2    7.2        2    6   15.6
 14    -
 15    -
 16  00 50      0    0    0.0      0    0    0.0        0    0    0.0
 17  00 40      0    0    0.0      1    1    6.6        1    1    6.6
 18    -
 19  02 15      0    0    0.0      0    0    0.0        0    0    0.0
 20  00 10      0    0    0.0      0    0    0.0        0    0    0.0
 21  03 30      0    0    0.0      0    0    0.0        0    0    0.0
 22  00 10      0    0    0.0      1   10   12.0        1   10   12.0
 23  00 25      0    0    0.0      1    9   11.4        1    9   11.4
 24  00 35      0    0    0.0      1    6    9.6        1    6    9.6
 25    -
 26  00 25      0    0    0.0      0    0    0.0        0    0    0.0
 27  02 05      0    0    0.0      0    0    0.0        0    0    0.0
 28    -
 29  01 05      0    0    0.0      0    0    0.0        0    0    0.0
 30  00 57      0    0    0.0      0    0    0.0        0    0    0.0
 31  00 00      0    0    0.0      0    0    0.0        0    0    0.0

 Monthly Mean             1.5                2.7                  4.2

 --------------------------------------------------------------------

