 January   1966     (k = 0.72)

 Date Time(UT)      North              South                Total
      h  m      g    f     R       g    f     R         g    f     R
  1  01 30      1    4   10.1      1    3    9.4        2    7   19.4
  2  01 10      1    3    9.4      1    4   10.1        2    7   19.4
  3  01 20      1    1    7.9      1    3    9.4        2    4   17.3
  4  01 00      1    1    7.9      0    0    0.0        1    1    7.9
  5  01 00      1    1    7.9      0    0    0.0        1    1    7.9
  6  01 30      0    0    0.0      0    0    0.0        0    0    0.0
  7  01 00      0    0    0.0      0    0    0.0        0    0    0.0
  8  01 15      0    0    0.0      0    0    0.0        0    0    0.0
  9  01 30      1    3    9.4      0    0    0.0        1    3    9.4
 10  05 05      0    0    0.0      0    0    0.0        0    0    0.0
 11  01 30      0    0    0.0      0    0    0.0        0    0    0.0
 12    -
 13    -
 14  01 00      2    9   20.9      0    0    0.0        2    9   20.9
 15  01 30      2   14   24.5      0    0    0.0        2   14   24.5
 16  01 10      2   42   44.6      0    0    0.0        2   42   44.6
 17  01 00      3   33   45.4      0    0    0.0        3   33   45.4
 18    -
 19  01 00      3   38   49.0      0    0    0.0        3   38   49.0
 20  01 00      3   31   43.9      0    0    0.0        3   31   43.9
 21  01 00      4   32   51.8      0    0    0.0        4   32   51.8
 22  01 30      3   24   38.9      0    0    0.0        3   24   38.9
 23    -
 24  01 00      2   10   21.6      1   12   15.8        3   22   37.4
 25  02 30      1    2    8.6      1   14   17.3        2   16   25.9
 26  01 30      0    0    0.0      1   12   15.8        1   12   15.8
 27  01 30      0    0    0.0      1   10   14.4        1   10   14.4
 28  00 50      0    0    0.0      1    6   11.5        1    6   11.5
 29  01 45      0    0    0.0      2    7   19.4        2    7   19.4
 30  01 00      0    0    0.0      2   10   21.6        2   10   21.6
 31  01 00      0    0    0.0      2    3   16.6        2    3   16.6

 Monthly Mean            14.9                6.0                 20.9

 --------------------------------------------------------------------

 February  1966     (k = 0.72)

 Date Time(UT)      North              South                Total
      h  m      g    f     R       g    f     R         g    f     R
  1  01 30      0    0    0.0      0    0    0.0        0    0    0.0
  2  02 00      0    0    0.0      0    0    0.0        0    0    0.0
  3  01 15      1    5   10.8      0    0    0.0        1    5   10.8
  4  01 15      1    8   13.0      0    0    0.0        1    8   13.0
  5  01 15      1   12   15.8      0    0    0.0        1   12   15.8
  6  01 30      1   12   15.8      0    0    0.0        1   12   15.8
  7  01 00      1   13   16.6      0    0    0.0        1   13   16.6
  8  01 15      1    8   13.0      0    0    0.0        1    8   13.0
  9  01 30      1    8   13.0      0    0    0.0        1    8   13.0
 10  02 20      1    6   11.5      0    0    0.0        1    6   11.5
 11  01 10      1    5   10.8      0    0    0.0        1    5   10.8
 12  01 15      1    2    8.6      0    0    0.0        1    2    8.6
 13  01 50      2    3   16.6      0    0    0.0        2    3   16.6
 14  00 50      1    6   11.5      0    0    0.0        1    6   11.5
 15  01 15      1    6   11.5      0    0    0.0        1    6   11.5
 16  01 00      1    5   10.8      0    0    0.0        1    5   10.8
 17    -
 18  03 00      2    9   20.9      0    0    0.0        2    9   20.9
 19  00 45      2   10   21.6      0    0    0.0        2   10   21.6
 20  01 20      2   10   21.6      0    0    0.0        2   10   21.6
 21  04 00      3   22   37.4      0    0    0.0        3   22   37.4
 22    -
 23  02 00      4   17   41.0      0    0    0.0        4   17   41.0
 24  01 40      3   31   43.9      0    0    0.0        3   31   43.9
 25    -
 26    -
 27    -
 28  01 00      3   12   30.2      0    0    0.0        3   12   30.2




 Monthly Mean            17.2                0.0                 17.2

 --------------------------------------------------------------------

 March     1966     (k = 0.72)

 Date Time(UT)      North              South                Total
      h  m      g    f     R       g    f     R         g    f     R
  1  01 15      2   10   21.6      0    0    0.0        2   10   21.6
  2  05 40      1    5   10.8      0    0    0.0        1    5   10.8
  3    -
  4    -
  5  01 00      1    6   11.5      0    0    0.0        1    6   11.5
  6    -
  7    -
  8    -
  9    -
 10  01 10      1    7   12.2      0    0    0.0        1    7   12.2
 11  01 15      1    2    8.6      0    0    0.0        1    2    8.6
 12  01 00      0    0    0.0      0    0    0.0        0    0    0.0
 13  00 20      0    0    0.0      0    0    0.0        0    0    0.0
 14  01 00      0    0    0.0      0    0    0.0        0    0    0.0
 15    -
 16  01 00      1    6   11.5      0    0    0.0        1    6   11.5
 17  01 00      2   19   28.1      0    0    0.0        2   19   28.1
 18  02 45      2   35   39.6      0    0    0.0        2   35   39.6
 19  02 05      2   56   54.7      0    0    0.0        2   56   54.7
 20  01 00      3   36   47.5      0    0    0.0        3   36   47.5
 21  00 15      2   36   40.3      0    0    0.0        2   36   40.3
 22  01 30      2   43   45.4      0    0    0.0        2   43   45.4
 23    -
 24  01 00      2   11   22.3      0    0    0.0        2   11   22.3
 25    -
 26  01 00      2    7   19.4      0    0    0.0        2    7   19.4
 27  01 50      1    5   10.8      0    0    0.0        1    5   10.8
 28    -
 29  03 15      2   10   21.6      0    0    0.0        2   10   21.6
 30  01 00      2   31   36.7      0    0    0.0        2   31   36.7
 31    -

 Monthly Mean            22.1                0.0                 22.1

 --------------------------------------------------------------------

 April     1966     (k = 0.72)

 Date Time(UT)      North              South                Total
      h  m      g    f     R       g    f     R         g    f     R
  1  06 45      1   43   38.2      0    0    0.0        1   43   38.2
  2  01 00      1   40   36.0      1    2    8.6        2   42   44.6
  3  01 00      3   44   53.3      1    1    7.9        4   45   61.2
  4    -
  5  01 30      2   35   39.6      0    0    0.0        2   35   39.6
  6  02 30      3   34   46.1      0    0    0.0        3   34   46.1
  7  07 45      4   42   59.0      0    0    0.0        4   42   59.0
  8  07 30      3   34   46.1      0    0    0.0        3   34   46.1
  9  01 00      3   37   48.2      0    0    0.0        3   37   48.2
 10  03 00      2   45   46.8      0    0    0.0        2   45   46.8
 11    -
 12  03 00      3   12   30.2      0    0    0.0        3   12   30.2
 13  01 30      2   12   23.0      0    0    0.0        2   12   23.0
 14  01 15      1    9   13.7      0    0    0.0        1    9   13.7
 15    -
 16  01 00      2   23   31.0      0    0    0.0        2   23   31.0
 17  01 20      2   39   42.5      0    0    0.0        2   39   42.5
 18  01 00      3   28   41.8      0    0    0.0        3   28   41.8
 19    -
 20  01 00      2   13   23.8      0    0    0.0        2   13   23.8
 21  01 15      3   18   34.6      0    0    0.0        3   18   34.6
 22    -
 23  04 15      4   26   47.5      0    0    0.0        4   26   47.5
 24    -
 25  01 15      3   38   49.0      0    0    0.0        3   38   49.0
 26  02 15      4   43   59.8      0    0    0.0        4   43   59.8
 27  01 15      2   19   28.1      0    0    0.0        2   19   28.1
 28    -
 29  01 40      5   20   50.4      0    0    0.0        5   20   50.4
 30    -


 Monthly Mean            40.4                0.8                 41.1

 --------------------------------------------------------------------

 May       1966     (k = 0.72)

 Date Time(UT)      North              South                Total
      h  m      g    f     R       g    f     R         g    f     R
  1  00 45      3   12   30.2      1    2    8.6        4   14   38.9
  2    -
  3    -
  4  00 40      4   11   36.7      1    2    8.6        5   13   45.4
  5  01 00      4   22   44.6      0    0    0.0        4   22   44.6
  6  00 00      2   12   23.0      0    0    0.0        2   12   23.0
  7  00 15      2    9   20.9      0    0    0.0        2    9   20.9
  8  04 15      1    3    9.4      0    0    0.0        1    3    9.4
  9  00 10      1    3    9.4      0    0    0.0        1    3    9.4
 10  02 40      0    0    0.0      0    0    0.0        0    0    0.0
 11  00 00      0    0    0.0      0    0    0.0        0    0    0.0
 12  00 10      0    0    0.0      0    0    0.0        0    0    0.0
 13  00 15      1    3    9.4      0    0    0.0        1    3    9.4
 14  00 00      3    6   25.9      0    0    0.0        3    6   25.9
 15  01 30      4   24   46.1      0    0    0.0        4   24   46.1
 16  00 20      3   16   33.1      0    0    0.0        3   16   33.1
 17  00 00      3   17   33.8      0    0    0.0        3   17   33.8
 18  00 15      3    9   28.1      0    0    0.0        3    9   28.1
 19  00 00      2    8   20.2      1    3    9.4        3   11   29.5
 20  00 00      2   16   25.9      1   14   17.3        3   30   43.2
 21    -
 22    -
 23    -
 24  00 00      1   31   29.5      1   28   27.4        2   59   56.9
 25    -
 26  00 00      4   41   58.3      1   14   17.3        5   55   75.6
 27  00 00      4   54   67.7      0    0    0.0        4   54   67.7
 28  00 00      4   43   59.8      0    0    0.0        4   43   59.8
 29  05 30      2   28   34.6      0    0    0.0        2   28   34.6
 30  03 00      2   20   28.8      1    2    8.6        3   22   37.4
 31  01 00      3   28   41.8      1    2    8.6        4   30   50.4

 Monthly Mean            28.7                4.2                 32.9

 --------------------------------------------------------------------

 June      1966     (k = 0.72)

 Date Time(UT)      North              South                Total
      h  m      g    f     R       g    f     R         g    f     R
  1  00 15      4   22   44.6      0    0    0.0        4   22   44.6
  2    -
  3    -
  4    -
  4  23 45      4   15   39.6      0    0    0.0        4   15   39.6
  6  04 00      5   15   46.8      0    0    0.0        5   15   46.8
  7  00 25      4   12   37.4      0    0    0.0        4   12   37.4
  8  00 00      3    8   27.4      0    0    0.0        3    8   27.4
  9    -
 10    -
 11  00 00      3   18   34.6      0    0    0.0        3   18   34.6
 12  03 05      2   36   40.3      0    0    0.0        2   36   40.3
 13  01 35      2   38   41.8      0    0    0.0        2   38   41.8
 14  00 30      1   51   43.9      0    0    0.0        1   51   43.9
 14  23 40      3   20   36.0      0    0    0.0        3   20   36.0
 16    -
 17  00 00      3   21   36.7      1    1    7.9        4   22   44.6
 18    -
 19  02 15      2   16   25.9      0    0    0.0        2   16   25.9
 20  04 40      4   11   36.7      0    0    0.0        4   11   36.7
 21  01 10      5   20   50.4      0    0    0.0        5   20   50.4
 22  00 45      3   14   31.7      0    0    0.0        3   14   31.7
 23  00 15      3   19   35.3      1    7   12.2        4   26   47.5
 24  03 00      3   17   33.8      1    7   12.2        4   24   46.1
 25  03 15      4   21   43.9      1   13   16.6        5   34   60.5
 26  00 45      5   22   51.8      2    8   20.2        7   30   72.0
 26  23 30      5   18   49.0      2   11   22.3        7   29   71.3
 28    -
 29  01 05      4   26   47.5      2   11   22.3        6   37   69.8
 30  00 00      3   14   31.7      2   10   21.6        5   24   53.3


 Monthly Mean            39.4                6.2                 45.6

 --------------------------------------------------------------------

 July      1966     (k = 0.72)

 Date Time(UT)      North              South                Total
      h  m      g    f     R       g    f     R         g    f     R
  1    -
  2  01 10      4   21   43.9      0    0    0.0        4   21   43.9
  3    -
  4  01 20      3   26   40.3      0    0    0.0        3   26   40.3
  5  01 20      3   47   55.4      0    0    0.0        3   47   55.4
  6    -
  7  00 30      2   30   36.0      0    0    0.0        2   30   36.0
  8    -
  9    -
 10    -
 11  02 15      2   10   21.6      1    4   10.1        3   14   31.7
 12    -
 13  01 15      4   12   37.4      2    6   18.7        6   18   56.2
 14  05 00      2    6   18.7      2    5   18.0        4   11   36.7
 15  00 00      3   10   28.8      1    3    9.4        4   13   38.2
 16    -
 17    -
 18  03 30      4   11   36.7      1    7   12.2        5   18   49.0
 19  02 00      3    7   26.6      1    7   12.2        4   14   38.9
 20  01 30      4   11   36.7      1    6   11.5        5   17   48.2
 20  23 55      4   14   38.9      2    7   19.4        6   21   58.3
 22  00 45      6   18   56.2      2    7   19.4        8   25   75.6
 23  04 15      3   23   38.2      2    4   17.3        5   27   55.4
 24  03 00      5   26   54.7      1    1    7.9        6   27   62.6
 25  00 30      5   33   59.8      1    1    7.9        6   34   67.7
 26  00 40      5   31   58.3      0    0    0.0        5   31   58.3
 27  00 15      4   31   51.1      0    0    0.0        4   31   51.1
 28  01 00      5   30   57.6      0    0    0.0        5   30   57.6
 29  00 15      5   26   54.7      0    0    0.0        5   26   54.7
 30  02 15      5   25   54.0      0    0    0.0        5   25   54.0
 31  03 30      5   38   63.4      0    0    0.0        5   38   63.4

 Monthly Mean            44.0                7.5                 51.5

 --------------------------------------------------------------------

 August    1966     (k = 0.72)

 Date Time(UT)      North              South                Total
      h  m      g    f     R       g    f     R         g    f     R
  1  00 40      9   69  114.5      0    0    0.0        9   69  114.5
  2  00 55      6   44   74.9      1    6   11.5        7   50   86.4
  3    -
  4  00 00      5   37   62.6      0    0    0.0        5   37   62.6
  5  02 30      5   30   57.6      0    0    0.0        5   30   57.6
  6  00 00      5   23   52.6      0    0    0.0        5   23   52.6
  7  00 00      4   10   36.0      1    1    7.9        5   11   43.9
  8  00 15      2    5   18.0      1    1    7.9        3    6   25.9
  9    -
 10    -
 11  01 15      1    1    7.9      0    0    0.0        1    1    7.9
 12  00 00      2    9   20.9      0    0    0.0        2    9   20.9
 13  00 00      2   10   21.6      0    0    0.0        2   10   21.6
 14    -
 15    -
 16    -
 17  00 00      5   12   44.6      1    3    9.4        6   15   54.0
 18  00 00      6   16   54.7      0    0    0.0        6   16   54.7
 19  03 00      3    7   26.6      0    0    0.0        3    7   26.6
 20  00 10      3   18   34.6      0    0    0.0        3   18   34.6
 21  02 20      4    8   34.6      0    0    0.0        4    8   34.6
 22    -
 22  23 30      5   10   43.2      0    0    0.0        5   10   43.2
 24  00 00      5   32   59.0      1    1    7.9        6   33   67.0
 25  01 25      5   51   72.7      0    0    0.0        5   51   72.7
 26  00 45      7   60   93.6      0    0    0.0        7   60   93.6
 26  23 30      5   60   79.2      0    0    0.0        5   60   79.2
 27  23 00      5   78   92.2      0    0    0.0        5   78   92.2
 29  00 00      5   61   79.9      0    0    0.0        5   61   79.9
 30  00 20      5   76   90.7      1    1    7.9        6   77   98.6
 31  00 00      4   50   64.8      1    3    9.4        5   53   74.2

 Monthly Mean            55.7                2.6                 58.3

 --------------------------------------------------------------------

 September 1966     (k = 0.72)

 Date Time(UT)      North              South                Total
      h  m      g    f     R       g    f     R         g    f     R
  1  00 10      2   37   41.0      0    0    0.0        2   37   41.0
  2  00 00      1   32   30.2      0    0    0.0        1   32   30.2
  3  03 55      1   18   20.2      0    0    0.0        1   18   20.2
  4  00 35      1    9   13.7      0    0    0.0        1    9   13.7
  5  01 00      1    2    8.6      1    5   10.8        2    7   19.4
  6  03 00      2    4   17.3      1    1    7.9        3    5   25.2
  7  00 15      1    4   10.1      2    2   15.8        3    6   25.9
  8  02 45      1    7   12.2      2    3   16.6        3   10   28.8
  9  06 40      1    6   11.5      1   13   16.6        2   19   28.1
 10  00 30      1    8   13.0      1   13   16.6        2   21   29.5
 11  00 15      1   11   15.1      2   19   28.1        3   30   43.2
 12  02 00      1   11   15.1      2    5   18.0        3   16   33.1
 13    -
 14    -
 15  01 45      2   36   40.3      0    0    0.0        2   36   40.3
 16  00 30      2   22   30.2      0    0    0.0        2   22   30.2
 17    -
 18    -
 19    -
 20  00 00      3   69   71.3      0    0    0.0        3   69   71.3
 21  00 00      4   70   79.2      0    0    0.0        4   70   79.2
 22  00 00      4   58   70.6      0    0    0.0        4   58   70.6
 23  03 55      3   48   56.2      0    0    0.0        3   48   56.2
 24  00 15      4   49   64.1      0    0    0.0        4   49   64.1
 25    -
 25  23 30      4   47   62.6      0    0    0.0        4   47   62.6
 27  00 30      3   30   43.2      0    0    0.0        3   30   43.2
 28  00 00      1   22   23.0      1    4   10.1        2   26   33.1
 28  23 30      2   25   32.4      1    6   11.5        3   31   43.9
 30  00 00      2   22   30.2      1    8   13.0        3   30   43.2


 Monthly Mean            33.8                6.9                 40.7

 --------------------------------------------------------------------

 October   1966     (k = 0.72)

 Date Time(UT)      North              South                Total
      h  m      g    f     R       g    f     R         g    f     R
  1  00 30      1   23   23.8      2   28   34.6        3   51   58.3
  2    -
  3  04 00      2    8   20.2      3   15   32.4        5   23   52.6
  4  00 00      1   11   15.1      2    4   17.3        3   15   32.4
  5  00 00      2   14   24.5      1    1    7.9        3   15   32.4
  6  00 00      2   19   28.1      1    4   10.1        3   23   38.2
  7  00 30      2   22   30.2      1   14   17.3        3   36   47.5
  8  00 00      2   28   34.6      1   13   16.6        3   41   51.1
  9  02 10      2   40   43.2      1   15   18.0        3   55   61.2
 10  00 00      3   31   43.9      1    9   13.7        4   40   57.6
 11  00 15      4   35   54.0      1    3    9.4        5   38   63.4
 12  03 55      6   24   60.5      0    0    0.0        6   24   60.5
 13  00 00      7   23   67.0      0    0    0.0        7   23   67.0
 14  00 00      7   26   69.1      0    0    0.0        7   26   69.1
 15    -
 16  01 00      4   33   52.6      0    0    0.0        4   33   52.6
 17  02 00      5   40   64.8      0    0    0.0        5   40   64.8
 18  00 30      5   47   69.8      0    0    0.0        5   47   69.8
 19  00 00      5   55   75.6      1    2    8.6        6   57   84.2
 20  00 15      5   84   96.5      1    3    9.4        6   87  105.8
 21  00 30      4   49   64.1      1    4   10.1        5   53   74.2
 22  00 00      4   55   68.4      1    4   10.1        5   59   78.5
 23  00 30      5   77   91.4      1    7   12.2        6   84  103.7
 24  00 15      5   41   65.5      1    5   10.8        6   46   76.3
 25  00 00      2   22   30.2      2    9   20.9        4   31   51.1
 26    -
 27    -
 28    -
 29  00 00      2   19   28.1      0    0    0.0        2   19   28.1
 30  00 00      2   19   28.1      0    0    0.0        2   19   28.1
 31  00 00      2   20   28.8      0    0    0.0        2   20   28.8

 Monthly Mean            49.2               10.0                 59.1

 --------------------------------------------------------------------

 November  1966     (k = 0.72)

 Date Time(UT)      North              South                Total
      h  m      g    f     R       g    f     R         g    f     R
  1  01 05      4   24   46.1      0    0    0.0        4   24   46.1
  2  00 00      4   14   38.9      0    0    0.0        4   14   38.9
  3  01 25      4   28   49.0      0    0    0.0        4   28   49.0
  4  00 10      3    4   24.5      0    0    0.0        3    4   24.5
  5  01 15      2    7   19.4      1    3    9.4        3   10   28.8
  6  00 45      2   19   28.1      1    2    8.6        3   21   36.7
  7  00 15      4   19   42.5      0    0    0.0        4   19   42.5
  8  01 10      5   24   53.3      0    0    0.0        5   24   53.3
  9  02 30      5   27   55.4      0    0    0.0        5   27   55.4
 10  00 30      5   29   56.9      0    0    0.0        5   29   56.9
 11  00 15      5   48   70.6      0    0    0.0        5   48   70.6
 12  04 50      5   74   89.3      0    0    0.0        5   74   89.3
 13    -
 14  02 30      4   36   54.7      0    0    0.0        4   36   54.7
 15  01 15      6   29   64.1      0    0    0.0        6   29   64.1
 16    -
 17    -
 18  04 30      5   27   55.4      0    0    0.0        5   27   55.4
 19  04 00      7   27   69.8      0    0    0.0        7   27   69.8
 20  02 40      5   46   69.1      1    5   10.8        6   51   79.9
 21  00 30      4   36   54.7      2    9   20.9        6   45   75.6
 22  01 00      4   41   58.3      1    3    9.4        5   44   67.7
 23  03 10      4   79   85.7      1    3    9.4        5   82   95.0
 24  01 00      4   50   64.8      0    0    0.0        4   50   64.8
 25  00 45      5   37   62.6      0    0    0.0        5   37   62.6
 26  01 45      4   27   48.2      0    0    0.0        4   27   48.2
 27  01 15      4   27   48.2      0    0    0.0        4   27   48.2
 28  01 30      4   27   48.2      0    0    0.0        4   27   48.2
 29  06 25      4   23   45.4      0    0    0.0        4   23   45.4
 30    -


 Monthly Mean            54.0                2.6                 56.6

 --------------------------------------------------------------------

 December  1966     (k = 0.72)

 Date Time(UT)      North              South                Total
      h  m      g    f     R       g    f     R         g    f     R
  1  03 00      5   12   44.6      0    0    0.0        5   12   44.6
  2  00 40      4   13   38.2      0    0    0.0        4   13   38.2
  3  00 45      3    4   24.5      0    0    0.0        3    4   24.5
  4  03 30      4    8   34.6      0    0    0.0        4    8   34.6
  5    -
  6  01 30      5   17   48.2      1    1    7.9        6   18   56.2
  7  00 40      3   16   33.1      1    8   13.0        4   24   46.1
  8  00 45      5   31   58.3      1   17   19.4        6   48   77.8
  9  00 30      5   28   56.2      1   24   24.5        6   52   80.6
 10  01 30      4   45   61.2      1   43   38.2        5   88   99.4
 11  01 35      4   64   74.9      1   66   54.7        5  130  129.6
 12  01 20      5   51   72.7      1   50   43.2        6  101  115.9
 13  00 15      5   61   79.9      1   69   56.9        6  130  136.8
 14  00 30      5   42   66.2      1   48   41.8        6   90  108.0
 15  01 00      6   52   80.6      1   40   36.0        7   92  116.6
 16    -
 17  01 45      5   43   67.0      1    3    9.4        6   46   76.3
 18  00 50      5   43   67.0      0    0    0.0        5   43   67.0
 19  02 45      5   12   44.6      0    0    0.0        5   12   44.6
 19  23 45      6   13   52.6      0    0    0.0        6   13   52.6
 21    -
 22  00 25      2    4   17.3      1    1    7.9        3    5   25.2
 23  02 20      2    4   17.3      1    4   10.1        3    8   27.4
 24  00 45      2    7   19.4      2    5   18.0        4   12   37.4
 25  01 00      3   16   33.1      2   10   21.6        5   26   54.7
 26  02 46      3   18   34.6      2    9   20.9        5   27   55.4
 27  00 45      2   14   24.5      2   14   24.5        4   28   49.0
 28  00 40      2   13   23.8      2   16   25.9        4   29   49.7
 29  00 15      2    9   20.9      2   11   22.3        4   20   43.2
 30  01 30      3   13   31.0      5   24   53.3        8   37   84.2
 31  00 50      4   17   41.0      4   47   62.6        8   64  103.7

 Monthly Mean            45.3               21.9                 67.1

 --------------------------------------------------------------------

