 January   1936     (k = 0.55)

 Date Time(UT)      North              South                Total
      h  m      g    f     R       g    f     R         g    f     R
  1                                                     8   99   98.5
  2                                                       -
  3                                                     4   63   56.7
  4                                                     4   64   57.2
  5                                                     4   75   63.2
  6                                                     4   79   65.5
  7                                                     3   70   55.0
  8                                                     3   72   56.1
  9                                                     4   69   60.0
 10                                                     3   46   41.8
 11                                                     4   50   49.5
 12                                                       -
 13                                                     5   43   51.2
 14                                                     7   62   72.6
 15                                                       -
 16                                                     5   59   60.0
 17                                                     5   87   75.3
 18                                                     6  105   90.8
 19                                                     5  113   89.7
 20                                                     6  124  101.2
 21                                                     9  167  141.4
 22                                                     7  162  127.6
 23                                                     7  139  115.0
 24                                                       -
 25                                                       -
 26                                                     8  112  105.6
 27                                                       -
 28                                                     5   68   64.9
 29                                                     5   62   61.6
 30                                                     6   58   64.9
 31                                                     7   48   64.9

 Monthly Mean                                                    75.6

 --------------------------------------------------------------------

 February  1936     (k = 0.55)

 Date Time(UT)      North              South                Total
      h  m      g    f     R       g    f     R         g    f     R
  1                                                     5   39   49.0
  2                                                     8   45   68.8
  3                                                     4   29   38.0
  4                                                       -
  5                                                     7   59   71.0
  6                                                       -
  7                                                       -
  8                                                       -
  9                                                       -
 10                                                     9   95  101.8
 11                                                     8   89   93.0
 12                                                     7   89   87.5
 13                                                     5   73   67.7
 14                                                     5   67   64.3
 15                                                     5   70   66.0
 16                                                     7   68   75.9
 17                                                     7   74   79.2
 18                                                     7   56   69.3
 19                                                       -
 20                                                       -
 21                                                     8   56   74.8
 22                                                    11   95  112.8
 23                                                       -
 24                                                       -
 25                                                     9   60   82.5
 26                                                       -
 27                                                       -
 28                                                       -
 29                                                       -



 Monthly Mean                                                    75.1

 --------------------------------------------------------------------

 March     1936     (k = 0.55)

 Date Time(UT)      North              South                Total
      h  m      g    f     R       g    f     R         g    f     R
  1                                                     7   66   74.8
  2                                                     7   52   67.1
  3                                                     5   48   53.9
  4                                                       -
  5                                                     8   57   75.3
  6                                                       -
  7                                                       -
  8                                                       -
  9                                                     8   79   87.5
 10                                                     9   79   93.0
 11                                                     7   72   78.1
 12                                                       -
 13                                                       -
 14                                                       -
 15                                                     5   65   63.2
 16                                                     7   60   71.5
 17                                                       -
 18                                                     6   55   63.2
 19                                                     4   66   58.3
 20                                                       -
 21                                                       -
 22                                                     7  134  112.2
 23                                                       -
 24                                                       -
 25                                                       -
 26                                                     3   39   38.0
 27                                                     6   76   74.8
 28                                                     5  107   86.3
 29                                                     7  126  107.8
 30                                                     7  102   94.6
 31                                                     7  115  101.8

 Monthly Mean                                                    77.9

 --------------------------------------------------------------------

 April     1936     (k = 0.55)

 Date Time(UT)      North              South                Total
      h  m      g    f     R       g    f     R         g    f     R
  1                                                     7  122  105.6
  2                                                       -
  3                                                       -
  4                                                     7   72   78.1
  5                                                     6   74   73.7
  6                                                       -
  7                                                     6  107   91.8
  8                                                       -
  9                                                     8   69   82.0
 10                                                       -
 11                                                       -
 12                                                       -
 13                                                       -
 14                                                    11   90  110.0
 15                                                     9   70   88.0
 16                                                     9   59   82.0
 17                                                       -
 18                                                       -
 19                                                       -
 20                                                     6   36   52.8
 21                                                     5   63   62.2
 22                                                     3   49   43.5
 23                                                       -
 24                                                     6   74   73.7
 25                                                       -
 26                                                     6   78   75.9
 27                                                       -
 28                                                       -
 29                                                       -
 30                                                       -


 Monthly Mean                                                    78.4

 --------------------------------------------------------------------

 May       1936     (k = 0.55)

 Date Time(UT)      North              South                Total
      h  m      g    f     R       g    f     R         g    f     R
  1                                                       -
  2                                                       -
  3                                                     5   38   48.4
  4                                                     5   34   46.2
  5                                                     5   40   49.5
  6                                                     3   41   39.0
  7                                                     6   42   56.1
  8                                                       -
  9                                                     6   39   54.5
 10                                                     5   39   49.0
 11                                                     7   52   67.1
 12                                                     8   54   73.7
 13                                                       -
 14                                                       -
 15                                                     4   57   53.4
 16                                                       -
 17                                                       -
 18                                                     5   42   50.6
 19                                                       -
 20                                                       -
 21                                                     8   50   71.5
 22                                                     7   41   61.1
 23                                                     5   30   44.0
 24                                                       -
 25                                                     9   55   79.8
 26                                                       -
 27                                                       -
 28                                                       -
 29                                                    12   71  105.1
 30                                                       -
 31                                                       -

 Monthly Mean                                                    59.3

 --------------------------------------------------------------------

 June      1936     (k = 0.55)

 Date Time(UT)      North              South                Total
      h  m      g    f     R       g    f     R         g    f     R
  1                                                     4   71   61.1
  2                                                     6   84   79.2
  3                                                       -
  4                                                       -
  5                                                       -
  6                                                     6   54   62.7
  7                                                     6   51   61.1
  8                                                       -
  9                                                       -
 10                                                     7   31   55.6
 11                                                     5   17   36.9
 12                                                       -
 13                                                     5   24   40.7
 14                                                     5   30   44.0
 15                                                     3   21   28.1
 16                                                     7   45   63.2
 17                                                     8   56   74.8
 18                                                     6   52   61.6
 19                                                       -
 20                                                       -
 21                                                    10   74   95.7
 22                                                    11   86  107.8
 23                                                     9   82   94.6
 24                                                       -
 25                                                       -
 26                                                    12  100  121.0
 27                                                       -
 28                                                       -
 29                                                       -
 30                                                       -


 Monthly Mean                                                    68.0

 --------------------------------------------------------------------

 July      1936     (k = 0.55)

 Date Time(UT)      North              South                Total
      h  m      g    f     R       g    f     R         g    f     R
  1                                                       -
  2                                                       -
  3                                                       -
  4                                                       -
  5                                                       -
  6                                                       -
  7                                                       -
  8                                                       -
  9                                                       -
 10                                                       -
 11                                                     3   32   34.1
 12                                                       -
 13                                                       -
 14                                                     5   59   60.0
 15                                                     6   69   71.0
 16                                                     5   66   63.8
 17                                                     5   67   64.3
 18                                                     5   43   51.2
 19                                                     5   37   47.9
 20                                                     5   26   41.8
 21                                                     4   22   34.1
 22                                                     2    9   16.0
 23                                                     4   20   33.0
 24                                                     4   21   33.5
 25                                                     5   30   44.0
 26                                                     5   36   47.3
 27                                                     4   26   36.3
 28                                                     6   23   45.7
 29                                                     5   24   40.7
 30                                                     4   51   50.0
 31                                                     5   73   67.7

 Monthly Mean                                                    46.4

 --------------------------------------------------------------------

 August    1936     (k = 0.55)

 Date Time(UT)      North              South                Total
      h  m      g    f     R       g    f     R         g    f     R
  1                                                     5   85   74.2
  2                                                       -
  3                                                       -
  4                                                     4   52   50.6
  5                                                     5   67   64.3
  6                                                     7   68   75.9
  7                                                    10   62   89.1
  8                                                    10   45   79.8
  9                                                    11   56   91.3
 10                                                     9   57   80.8
 11                                                       -
 12                                                     9   52   78.1
 13                                                       -
 14                                                       -
 15                                                     9   68   86.9
 16                                                       -
 17                                                       -
 18                                                     8   54   73.7
 19                                                     9   66   85.8
 20                                                     7   48   64.9
 21                                                       -
 22                                                       -
 23                                                       -
 24                                                     6   41   55.6
 25                                                     9   46   74.8
 26                                                       -
 27                                                       -
 28                                                       -
 29                                                     8   67   80.8
 30                                                     8   68   81.4
 31                                                     8   73   84.2

 Monthly Mean                                                    76.2

 --------------------------------------------------------------------

 September 1936     (k = 0.55)

 Date Time(UT)      North              South                Total
      h  m      g    f     R       g    f     R         g    f     R
  1                                                     8   70   82.5
  2                                                    11   66   96.8
  3                                                       -
  4                                                       -
  5                                                       -
  6                                                     8   59   76.5
  7                                                     5   55   57.8
  8                                                     4   42   45.1
  9                                                     3   41   39.0
 10                                                     3   47   42.4
 11                                                     3   43   40.2
 12                                                     6   46   58.3
 13                                                     8   47   69.8
 14                                                     6   42   56.1
 15                                                     5   45   52.2
 16                                                     7   58   70.4
 17                                                       -
 18                                                     8   63   78.7
 19                                                       -
 20                                                       -
 21                                                       -
 22                                                       -
 23                                                     9   74   90.2
 24                                                     9   93  100.7
 25                                                     7   84   84.7
 26                                                       -
 27                                                       -
 28                                                    11   63   95.2
 29                                                    10   64   90.2
 30                                                    10   83  100.7


 Monthly Mean                                                    71.4

 --------------------------------------------------------------------

 October   1936     (k = 0.55)

 Date Time(UT)      North              South                Total
      h  m      g    f     R       g    f     R         g    f     R
  1                                                       -
  2                                                       -
  3                                                       -
  4                                                     8   83   89.7
  5                                                       -
  6                                                       -
  7                                                       -
  8                                                    11  105  118.2
  9                                                       -
 10                                                       -
 11                                                       -
 12                                                       -
 13                                                       -
 14                                                     9   55   79.8
 15                                                     9   66   85.8
 16                                                       -
 17                                                       -
 18                                                       -
 19                                                       -
 20                                                       -
 21                                                     7   37   58.9
 22                                                     6   33   51.2
 23                                                     6   40   55.0
 24                                                     7   33   56.7
 25                                                       -
 26                                                       -
 27                                                     4   25   35.8
 28                                                     7   36   58.3
 29                                                       -
 30                                                     9   55   79.8
 31                                                    11   68   97.9

 Monthly Mean                                                    72.2

 --------------------------------------------------------------------

 November  1936     (k = 0.55)

 Date Time(UT)      North              South                Total
      h  m      g    f     R       g    f     R         g    f     R
  1                                                       -
  2                                                    14   93  128.2
  3                                                    12  104  123.2
  4                                                       -
  5                                                       -
  6                                                    14   91  127.1
  7                                                       -
  8                                                       -
  9                                                    13   75  112.8
 10                                                       -
 11                                                       -
 12                                                    11   85  107.2
 13                                                       -
 14                                                    11   91  110.6
 15                                                     9   68   86.9
 16                                                       -
 17                                                     8   58   75.9
 18                                                     9   44   73.7
 19                                                       -
 20                                                     3   31   33.5
 21                                                     2   30   27.5
 22                                                       -
 23                                                     2   31   28.1
 24                                                     2   33   29.2
 25                                                     4   43   45.7
 26                                                       -
 27                                                       -
 28                                                       -
 29                                                       -
 30                                                       -


 Monthly Mean                                                    79.2

 --------------------------------------------------------------------

 December  1936     (k = 0.55)

 Date Time(UT)      North              South                Total
      h  m      g    f     R       g    f     R         g    f     R
  1                                                    13  133  144.7
  2                                                    13  127  141.4
  3                                                    13  143  150.2
  4                                                    12  105  123.8
  5                                                    15  114  145.2
  6                                                    11   73  100.7
  7                                                    12   61   99.6
  8                                                       -
  9                                                    13   81  116.1
 10                                                    10   64   90.2
 11                                                     9   48   75.9
 12                                                       -
 13                                                       -
 14                                                     7   46   63.8
 15                                                       -
 16                                                     4   41   44.5
 17                                                       -
 18                                                       -
 19                                                       -
 20                                                       -
 21                                                       -
 22                                                    10   65   90.8
 23                                                    12   82  111.1
 24                                                    14   91  127.1
 25                                                    14   84  123.2
 26                                                       -
 27                                                    13   96  124.3
 28                                                    13   88  119.9
 29                                                    15   90  132.0
 30                                                    14   81  121.6
 31                                                       -

 Monthly Mean                                                   112.3

 --------------------------------------------------------------------

