 January   1964     (k = 0.72)

 Date Time(UT)      North              South                Total
      h  m      g    f     R       g    f     R         g    f     R
  1  01 30      0    0    0.0      0    0    0.0        0    0    0.0
  2    -
  3    -
  4  00 30      0    0    0.0      0    0    0.0        0    0    0.0
  5  02 10      1    1    7.9      0    0    0.0        1    1    7.9
  6  01 00      0    0    0.0      1    3    9.4        1    3    9.4
  7  00 00      1    1    7.9      1    9   13.7        2   10   21.6
  8  02 00      1    1    7.9      1    7   12.2        2    8   20.2
  9  04 00      1    1    7.9      1    4   10.1        2    5   18.0
 10  01 40      0    0    0.0      1    5   10.8        1    5   10.8
 11  00 25      1    4   10.1      0    0    0.0        1    4   10.1
 12  01 00      1    4   10.1      0    0    0.0        1    4   10.1
 13  01 15      3    8   27.4      0    0    0.0        3    8   27.4
 14    -
 15  01 15      2   10   21.6      0    0    0.0        2   10   21.6
 16  00 30      2    9   20.9      0    0    0.0        2    9   20.9
 17    -
 18    -
 19  04 20      1    3    9.4      0    0    0.0        1    3    9.4
 20  00 30      1    3    9.4      0    0    0.0        1    3    9.4
 21  01 00      2    4   17.3      0    0    0.0        2    4   17.3
 22  00 40      2    5   18.0      0    0    0.0        2    5   18.0
 23    -
 24    -
 25  03 30      2    4   17.3      0    0    0.0        2    4   17.3
 26  01 10      1    3    9.4      0    0    0.0        1    3    9.4
 27  00 45      1    3    9.4      0    0    0.0        1    3    9.4
 28    -
 29  05 40      1    3    9.4      1    9   13.7        2   12   23.0
 30  02 15      1    2    8.6      1   11   15.1        2   13   23.8
 31    -

 Monthly Mean            10.4                3.9                 14.3

 --------------------------------------------------------------------

 February  1964     (k = 0.72)

 Date Time(UT)      North              South                Total
      h  m      g    f     R       g    f     R         g    f     R
  1  01 00      0    0    0.0      0    0    0.0        0    0    0.0
  2  01 30      0    0    0.0      0    0    0.0        0    0    0.0
  3  00 45      0    0    0.0      0    0    0.0        0    0    0.0
  4  00 45      0    0    0.0      0    0    0.0        0    0    0.0
  5  00 30      0    0    0.0      0    0    0.0        0    0    0.0
  6  00 15      0    0    0.0      0    0    0.0        0    0    0.0
  7  01 10      0    0    0.0      0    0    0.0        0    0    0.0
  8    -
  9    -
 10    -
 11    -
 12  00 20      0    0    0.0      0    0    0.0        0    0    0.0
 12  23 45      0    0    0.0      0    0    0.0        0    0    0.0
 14  00 00      0    0    0.0      0    0    0.0        0    0    0.0
 15  01 10      0    0    0.0      1    2    8.6        1    2    8.6
 16  02 30      1    1    7.9      1    2    8.6        2    3   16.6
 17  00 40      1    1    7.9      1    2    8.6        2    3   16.6
 18    -
 19  00 15      1    2    8.6      0    0    0.0        1    2    8.6
 20  00 15      1    4   10.1      1    3    9.4        2    7   19.4
 21    -
 22  00 50      2   21   29.5      1    1    7.9        3   22   37.4
 23  00 20      2   30   36.0      1    1    7.9        3   31   43.9
 24    -
 25  04 15      1   15   18.0      1    1    7.9        2   16   25.9
 26  00 45      1   20   21.6      1    1    7.9        2   21   29.5
 27  02 00      2   22   30.2      0    0    0.0        2   22   30.2
 28  00 40      2   19   28.1      0    0    0.0        2   19   28.1
 29  00 45      3   12   30.2      1    1    7.9        4   13   38.2



 Monthly Mean            10.4                3.4                 13.8

 --------------------------------------------------------------------

 March     1964     (k = 0.72)

 Date Time(UT)      North              South                Total
      h  m      g    f     R       g    f     R         g    f     R
  1  01 15      2    6   18.7      1    1    7.9        3    7   26.6
  2  01 00      1    1    7.9      0    0    0.0        1    1    7.9
  3  00 15      0    0    0.0      0    0    0.0        0    0    0.0
  4    -
  5    -
  6  01 10      1    1    7.9      0    0    0.0        1    1    7.9
  7    -
  8    -
  9  01 00      0    0    0.0      0    0    0.0        0    0    0.0
 10  01 00      0    0    0.0      0    0    0.0        0    0    0.0
 11  01 00      1    1    7.9      0    0    0.0        1    1    7.9
 12  01 15      1    8   13.0      1    4   10.1        2   12   23.0
 13  00 45      1    7   12.2      2    7   19.4        3   14   31.7
 14  01 30      2   12   23.0      1    1    7.9        3   13   31.0
 15  00 15      2   16   25.9      0    0    0.0        2   16   25.9
 16  02 00      1   10   14.4      0    0    0.0        1   10   14.4
 17  00 00      2    6   18.7      0    0    0.0        2    6   18.7
 18  01 10      1    3    9.4      0    0    0.0        1    3    9.4
 19  01 00      1    2    8.6      0    0    0.0        1    2    8.6
 20    -
 21  00 55      1    2    8.6      0    0    0.0        1    2    8.6
 22  06 15      2   20   28.8      1    1    7.9        3   21   36.7
 23  01 00      2   14   24.5      0    0    0.0        2   14   24.5
 24  01 00      2   11   22.3      0    0    0.0        2   11   22.3
 25    -
 26  00 50      2    5   18.0      0    0    0.0        2    5   18.0
 27    -
 28    -
 29  01 00      0    0    0.0      1    7   12.2        1    7   12.2
 30  01 00      0    0    0.0      0    0    0.0        0    0    0.0
 31  00 45      0    0    0.0      1    1    7.9        1    1    7.9

 Monthly Mean            11.7                3.2                 14.9

 --------------------------------------------------------------------

 April     1964     (k = 0.72)

 Date Time(UT)      North              South                Total
      h  m      g    f     R       g    f     R         g    f     R
  1  06 40      0    0    0.0      1    1    7.9        1    1    7.9
  2  01 00      0    0    0.0      0    0    0.0        0    0    0.0
  3  00 45      0    0    0.0      0    0    0.0        0    0    0.0
  4  04 00      0    0    0.0      0    0    0.0        0    0    0.0
  5  01 36      1    1    7.9      0    0    0.0        1    1    7.9
  6  01 00      1    1    7.9      0    0    0.0        1    1    7.9
  7    -
  8    -
  9    -
 10    -
 11  02 30      1    1    7.9      0    0    0.0        1    1    7.9
 12    -
 13    -
 14  01 45      1    1    7.9      0    0    0.0        1    1    7.9
 15  01 15      0    0    0.0      0    0    0.0        0    0    0.0
 16  02 15      0    0    0.0      1    1    7.9        1    1    7.9
 17    -
 18  02 00      0    0    0.0      0    0    0.0        0    0    0.0
 19    -
 20  00 30      0    0    0.0      1    3    9.4        1    3    9.4
 21    -
 22  01 15      0    0    0.0      1   11   15.1        1   11   15.1
 23  01 00      0    0    0.0      1    7   12.2        1    7   12.2
 24  02 00      0    0    0.0      2   11   22.3        2   11   22.3
 25    -
 26    -
 27    -
 28    -
 29  01 15      0    0    0.0      0    0    0.0        0    0    0.0
 30  01 00      0    0    0.0      0    0    0.0        0    0    0.0


 Monthly Mean             1.9                4.4                  6.3

 --------------------------------------------------------------------

 May       1964     (k = 0.72)

 Date Time(UT)      North              South                Total
      h  m      g    f     R       g    f     R         g    f     R
  1    -
  2  01 00      0    0    0.0      0    0    0.0        0    0    0.0
  3  01 50      1    1    7.9      0    0    0.0        1    1    7.9
  4  04 30      0    0    0.0      1    2    8.6        1    2    8.6
  5    -
  6  04 30      0    0    0.0      1    3    9.4        1    3    9.4
  7  01 00      1   11   15.1      0    0    0.0        1   11   15.1
  8  00 45      0    0    0.0      1    2    8.6        1    2    8.6
  9  00 45      0    0    0.0      1    1    7.9        1    1    7.9
 10  00 15      0    0    0.0      1    1    7.9        1    1    7.9
 11    -
 12  01 00      0    0    0.0      0    0    0.0        0    0    0.0
 13  00 50      0    0    0.0      0    0    0.0        0    0    0.0
 14  01 00      0    0    0.0      0    0    0.0        0    0    0.0
 15  00 50      2    6   18.7      0    0    0.0        2    6   18.7
 16  01 00      1    2    8.6      0    0    0.0        1    2    8.6
 17  01 00      1    6   11.5      0    0    0.0        1    6   11.5
 18  02 00      1    8   13.0      0    0    0.0        1    8   13.0
 19  01 10      1    7   12.2      1    2    8.6        2    9   20.9
 20  02 30      1    1    7.9      0    0    0.0        1    1    7.9
 21  04 00      0    0    0.0      0    0    0.0        0    0    0.0
 22  03 00      1    3    9.4      0    0    0.0        1    3    9.4
 23  01 00      1    6   11.5      0    0    0.0        1    6   11.5
 24  01 00      1    8   13.0      0    0    0.0        1    8   13.0
 25    -
 26  01 00      0    0    0.0      0    0    0.0        0    0    0.0
 27  01 00      1    1    7.9      0    0    0.0        1    1    7.9
 28  01 00      1    2    8.6      0    0    0.0        1    2    8.6
 29  04 10      1    2    8.6      0    0    0.0        1    2    8.6
 30  01 00      1    2    8.6      0    0    0.0        1    2    8.6
 31  01 15      1    5   10.8      0    0    0.0        1    5   10.8

 Monthly Mean             6.4                1.9                  8.3

 --------------------------------------------------------------------

 June      1964     (k = 0.72)

 Date Time(UT)      North              South                Total
      h  m      g    f     R       g    f     R         g    f     R
  1  01 00      1    2    8.6      0    0    0.0        1    2    8.6
  2  01 00      1    2    8.6      0    0    0.0        1    2    8.6
  3    -
  4  01 00      1    3    9.4      0    0    0.0        1    3    9.4
  5    -
  6    -
  7  02 00      1    1    7.9      0    0    0.0        1    1    7.9
  8  02 00      0    0    0.0      0    0    0.0        0    0    0.0
  9    -
 10  01 00      0    0    0.0      0    0    0.0        0    0    0.0
 11  04 30      1    3    9.4      0    0    0.0        1    3    9.4
 12    -
 13    -
 14    -
 15  01 00      2   10   21.6      0    0    0.0        2   10   21.6
 16  01 00      2   11   22.3      0    0    0.0        2   11   22.3
 17  03 15      1    6   11.5      0    0    0.0        1    6   11.5
 18  01 45      2    6   18.7      0    0    0.0        2    6   18.7
 19  01 05      2   20   28.8      0    0    0.0        2   20   28.8
 20    -
 21  04 00      1    1    7.9      0    0    0.0        1    1    7.9
 22    -
 23  01 15      0    0    0.0      0    0    0.0        0    0    0.0
 24    -
 25    -
 26  01 45      0    0    0.0      0    0    0.0        0    0    0.0
 27    -
 28  01 15      0    0    0.0      0    0    0.0        0    0    0.0
 29    -
 30  04 30      0    0    0.0      1    1    7.9        1    1    7.9


 Monthly Mean             9.1                0.5                  9.6

 --------------------------------------------------------------------

 July      1964     (k = 0.72)

 Date Time(UT)      North              South                Total
      h  m      g    f     R       g    f     R         g    f     R
  1    -
  2  00 40      0    0    0.0      0    0    0.0        0    0    0.0
  3  01 15      0    0    0.0      0    0    0.0        0    0    0.0
  4    -
  5    -
  6  01 00      1    2    8.6      0    0    0.0        1    2    8.6
  7    -
  8    -
  9    -
 10  07 05      0    0    0.0      0    0    0.0        0    0    0.0
 11    -
 12    -
 13  01 00      0    0    0.0      0    0    0.0        0    0    0.0
 14  01 00      1    3    9.4      0    0    0.0        1    3    9.4
 15  01 45      1    7   12.2      0    0    0.0        1    7   12.2
 16    -
 17    -
 18    -
 19    -
 20  01 45      0    0    0.0      0    0    0.0        0    0    0.0
 21    -
 22  01 00      0    0    0.0      0    0    0.0        0    0    0.0
 23  00 45      0    0    0.0      0    0    0.0        0    0    0.0
 24  00 30      0    0    0.0      0    0    0.0        0    0    0.0
 25  01 00      0    0    0.0      0    0    0.0        0    0    0.0
 26  02 00      0    0    0.0      0    0    0.0        0    0    0.0
 27  01 00      0    0    0.0      0    0    0.0        0    0    0.0
 28  01 00      0    0    0.0      0    0    0.0        0    0    0.0
 29  06 30      0    0    0.0      0    0    0.0        0    0    0.0
 30  01 00      0    0    0.0      0    0    0.0        0    0    0.0
 31  01 00      0    0    0.0      0    0    0.0        0    0    0.0

 Monthly Mean             1.7                0.0                  1.7

 --------------------------------------------------------------------

 August    1964     (k = 0.72)

 Date Time(UT)      North              South                Total
      h  m      g    f     R       g    f     R         g    f     R
  1  00 15      1    3    9.4      0    0    0.0        1    3    9.4
  2  00 50      2    7   19.4      0    0    0.0        2    7   19.4
  3  01 30      2    5   18.0      0    0    0.0        2    5   18.0
  4  01 00      2    2   15.8      0    0    0.0        2    2   15.8
  5  03 45      0    0    0.0      0    0    0.0        0    0    0.0
  6  01 45      1    4   10.1      0    0    0.0        1    4   10.1
  7  01 30      0    0    0.0      0    0    0.0        0    0    0.0
  8  00 15      1    2    8.6      0    0    0.0        1    2    8.6
  9  05 45      0    0    0.0      0    0    0.0        0    0    0.0
 10  01 15      0    0    0.0      0    0    0.0        0    0    0.0
 11  01 15      1    1    7.9      0    0    0.0        1    1    7.9
 12  01 00      2    6   18.7      0    0    0.0        2    6   18.7
 13  01 15      2   14   24.5      0    0    0.0        2   14   24.5
 14  01 00      2   20   28.8      0    0    0.0        2   20   28.8
 15  02 00      2   24   31.7      0    0    0.0        2   24   31.7
 16  01 15      2   32   37.4      0    0    0.0        2   32   37.4
 17  01 00      2    9   20.9      0    0    0.0        2    9   20.9
 18  00 45      1    2    8.6      0    0    0.0        1    2    8.6
 19  01 00      1    2    8.6      0    0    0.0        1    2    8.6
 20    -
 21  00 50      1    1    7.9      0    0    0.0        1    1    7.9
 21  23 45      0    0    0.0      0    0    0.0        0    0    0.0
 23    -
 24  03 00      0    0    0.0      0    0    0.0        0    0    0.0
 25  01 00      0    0    0.0      0    0    0.0        0    0    0.0
 26  00 45      0    0    0.0      0    0    0.0        0    0    0.0
 27    -
 28  05 00      0    0    0.0      0    0    0.0        0    0    0.0
 29    -
 30  02 25      0    0    0.0      0    0    0.0        0    0    0.0
 31  02 00      0    0    0.0      0    0    0.0        0    0    0.0

 Monthly Mean            10.2                0.0                 10.2

 --------------------------------------------------------------------

 September 1964     (k = 0.72)

 Date Time(UT)      North              South                Total
      h  m      g    f     R       g    f     R         g    f     R
  1  04 15      1    1    7.9      0    0    0.0        1    1    7.9
  2    -
  3  02 15      1    1    7.9      0    0    0.0        1    1    7.9
  4    -
  5  01 15      0    0    0.0      0    0    0.0        0    0    0.0
  6  01 15      0    0    0.0      0    0    0.0        0    0    0.0
  7  01 30      1    1    7.9      0    0    0.0        1    1    7.9
  8  01 00      2    7   19.4      0    0    0.0        2    7   19.4
  9  00 15      1    1    7.9      0    0    0.0        1    1    7.9
 10  00 50      1    5   10.8      0    0    0.0        1    5   10.8
 11  01 45      1    4   10.1      0    0    0.0        1    4   10.1
 12  01 00      1    3    9.4      0    0    0.0        1    3    9.4
 13  00 30      1    5   10.8      0    0    0.0        1    5   10.8
 14  01 45      1    5   10.8      0    0    0.0        1    5   10.8
 15    -
 16    -
 17  06 30      0    0    0.0      0    0    0.0        0    0    0.0
 18    -
 19  01 00      0    0    0.0      0    0    0.0        0    0    0.0
 20    -
 21    -
 22    -
 23    -
 24    -
 25    -
 26  00 40      0    0    0.0      0    0    0.0        0    0    0.0
 27  03 00      0    0    0.0      0    0    0.0        0    0    0.0
 28    -
 29  00 10      0    0    0.0      0    0    0.0        0    0    0.0
 30  02 25      0    0    0.0      0    0    0.0        0    0    0.0


 Monthly Mean             5.7                0.0                  5.7

 --------------------------------------------------------------------

 October   1964     (k = 0.72)

 Date Time(UT)      North              South                Total
      h  m      g    f     R       g    f     R         g    f     R
  1  02 00      1    2    8.6      0    0    0.0        1    2    8.6
  2  00 15      1    1    7.9      1    3    9.4        2    4   17.3
  3  00 40      0    0    0.0      1    2    8.6        1    2    8.6
  4  00 15      1    1    7.9      0    0    0.0        1    1    7.9
  5  00 15      0    0    0.0      0    0    0.0        0    0    0.0
  6  01 50      1    1    7.9      0    0    0.0        1    1    7.9
  7    -
  8    -
  9    -
 10  00 30      1    3    9.4      0    0    0.0        1    3    9.4
 11  00 30      0    0    0.0      0    0    0.0        0    0    0.0
 12  01 00      0    0    0.0      0    0    0.0        0    0    0.0
 13  04 15      0    0    0.0      0    0    0.0        0    0    0.0
 14  06 40      0    0    0.0      0    0    0.0        0    0    0.0
 15  01 00      0    0    0.0      0    0    0.0        0    0    0.0
 16  02 00      0    0    0.0      0    0    0.0        0    0    0.0
 17  01 10      0    0    0.0      0    0    0.0        0    0    0.0
 18    -
 19  01 00      1    3    9.4      0    0    0.0        1    3    9.4
 20    -
 21    -
 22    -
 23    -
 24    -
 25  00 15      1    1    7.9      0    0    0.0        1    1    7.9
 26  01 30      1    1    7.9      0    0    0.0        1    1    7.9
 27    -
 28  04 15      0    0    0.0      0    0    0.0        0    0    0.0
 29  01 40      0    0    0.0      0    0    0.0        0    0    0.0
 30  01 45      0    0    0.0      0    0    0.0        0    0    0.0
 31  01 15      1    1    7.9      0    0    0.0        1    1    7.9

 Monthly Mean             3.6                0.9                  4.4

 --------------------------------------------------------------------

 November  1964     (k = 0.72)

 Date Time(UT)      North              South                Total
      h  m      g    f     R       g    f     R         g    f     R
  1  03 00      0    0    0.0      1    7   12.2        1    7   12.2
  2  02 15      0    0    0.0      1    1    7.9        1    1    7.9
  3  00 25      0    0    0.0      1    1    7.9        1    1    7.9
  4    -
  5  02 00      0    0    0.0      0    0    0.0        0    0    0.0
  6  02 15      0    0    0.0      0    0    0.0        0    0    0.0
  7  02 00      0    0    0.0      0    0    0.0        0    0    0.0
  8  03 00      0    0    0.0      0    0    0.0        0    0    0.0
  9  02 00      0    0    0.0      0    0    0.0        0    0    0.0
 10  04 45      0    0    0.0      0    0    0.0        0    0    0.0
 11  01 30      0    0    0.0      0    0    0.0        0    0    0.0
 12  01 45      0    0    0.0      0    0    0.0        0    0    0.0
 13  02 00      1    4   10.1      0    0    0.0        1    4   10.1
 14  01 10      1    2    8.6      0    0    0.0        1    2    8.6
 15  02 00      1    1    7.9      0    0    0.0        1    1    7.9
 16  01 30      2    7   19.4      0    0    0.0        2    7   19.4
 17  01 15      1   12   15.8      0    0    0.0        1   12   15.8
 18  00 40      1    8   13.0      1    2    8.6        2   10   21.6
 19  01 00      1    9   13.7      0    0    0.0        1    9   13.7
 20  01 30      1    4   10.1      0    0    0.0        1    4   10.1
 21  01 30      2    3   16.6      0    0    0.0        2    3   16.6
 22  01 15      1    1    7.9      0    0    0.0        1    1    7.9
 23  01 45      0    0    0.0      0    0    0.0        0    0    0.0
 24  01 30      0    0    0.0      0    0    0.0        0    0    0.0
 25  01 00      1    2    8.6      0    0    0.0        1    2    8.6
 26  02 00      0    0    0.0      0    0    0.0        0    0    0.0
 27  00 45      0    0    0.0      0    0    0.0        0    0    0.0
 28  02 00      0    0    0.0      0    0    0.0        0    0    0.0
 29  02 15      0    0    0.0      0    0    0.0        0    0    0.0
 30  05 00      0    0    0.0      0    0    0.0        0    0    0.0


 Monthly Mean             4.5                1.3                  5.8

 --------------------------------------------------------------------

 December  1964     (k = 0.72)

 Date Time(UT)      North              South                Total
      h  m      g    f     R       g    f     R         g    f     R
  1  02 15      0    0    0.0      0    0    0.0        0    0    0.0
  2  01 30      0    0    0.0      0    0    0.0        0    0    0.0
  3  02 00      0    0    0.0      1    1    7.9        1    1    7.9
  4    -
  5  01 30      0    0    0.0      0    0    0.0        0    0    0.0
  6  02 55      1    3    9.4      0    0    0.0        1    3    9.4
  7  01 30      0    0    0.0      0    0    0.0        0    0    0.0
  8  01 15      0    0    0.0      0    0    0.0        0    0    0.0
  9  02 00      1    1    7.9      0    0    0.0        1    1    7.9
 10  02 00      0    0    0.0      1    1    7.9        1    1    7.9
 11  01 30      0    0    0.0      1    7   12.2        1    7   12.2
 12  01 30      0    0    0.0      1    3    9.4        1    3    9.4
 13  02 00      0    0    0.0      1    3    9.4        1    3    9.4
 14  01 45      1    1    7.9      1    4   10.1        2    5   18.0
 15  02 00      0    0    0.0      1    3    9.4        1    3    9.4
 16  02 00      1    4   10.1      1    1    7.9        2    5   18.0
 17    -
 18  02 30      2    5   18.0      1    4   10.1        3    9   28.1
 19  01 45      1    6   11.5      1    8   13.0        2   14   24.5
 20  01 55      2    9   20.9      1    4   10.1        3   13   31.0
 21  01 00      2    4   17.3      1    8   13.0        3   12   30.2
 22  02 00      1    4   10.1      1    5   10.8        2    9   20.9
 23    -
 24    -
 25  01 45      1    5   10.8      0    0    0.0        1    5   10.8
 26    -
 27    -
 28    -
 29  01 15      3   13   31.0      1    2    8.6        4   15   39.6
 30  01 30      3   11   29.5      1    1    7.9        4   12   37.4
 31  00 55      1   10   14.4      0    0    0.0        1   10   14.4

 Monthly Mean             8.3                6.2                 14.4

 --------------------------------------------------------------------

