 January   1969     (k = 0.72)

 Date Time(UT)      North              South                Total
      h  m      g    f     R       g    f     R         g    f     R
  1  00 30      5   28   56.2      2    7   19.4        7   35   75.6
  2  01 00      5   24   53.3      2    7   19.4        7   31   72.7
  3  01 55      5   22   51.8      1    2    8.6        6   24   60.5
  3  23 45      4   22   44.6      3    5   25.2        7   27   69.8
  5  02 10      6   59   85.7      2   12   23.0        8   71  108.7
  6  00 15      6   48   77.8      2   10   21.6        8   58   99.4
  7  03 20      5   74   89.3      4   23   45.4        9   97  134.6
  8  01 00      3   47   55.4      3   26   40.3        6   73   95.8
  9  00 30      4   48   63.4      3   41   51.1        7   89  114.5
 10  00 20      4   39   56.9      4   46   61.9        8   85  118.8
 11  01 45      4   31   51.1      3   51   58.3        7   82  109.4
 12    -
 13  00 40      3   18   34.6      4   60   72.0        7   78  106.6
 14  00 30      5   18   49.0      3   46   54.7        8   64  103.7
 15  01 20      7   23   67.0      3   39   49.7       10   62  116.6
 16  01 40      4   27   48.2      4   22   44.6        8   49   92.9
 17  00 20      5   23   52.6      3   22   37.4        8   45   90.0
 18  00 15      5   27   55.4      3   17   33.8        8   44   89.3
 19  00 40      4   28   49.0      2    7   19.4        6   35   68.4
 20  03 00      4   44   60.5      1    2    8.6        5   46   69.1
 21    -
 22    -
 23  00 45      6   37   69.8      1    2    8.6        7   39   78.5
 24  00 45      6   31   65.5      1    1    7.9        7   32   73.4
 25    -
 26    -
 27  01 10      6   38   70.6      0    0    0.0        6   38   70.6
 28    -
 29    -
 30    -
 31    -

 Monthly Mean            59.4               32.3                 91.8

 --------------------------------------------------------------------

 February  1969     (k = 0.72)

 Date Time(UT)      North              South                Total
      h  m      g    f     R       g    f     R         g    f     R
  1  01 20      5   11   43.9      3    4   24.5        8   15   68.4
  2    -
  3  00 30      6   11   51.1      2   16   25.9        8   27   77.0
  4  01 30      5   15   46.8      3   26   40.3        8   41   87.1
  5  01 10      6   24   60.5      1    2    8.6        7   26   69.1
  6  00 30      6   38   70.6      2    4   17.3        8   42   87.8
  7  00 30      7   53   88.6      2    5   18.0        9   58  106.6
  8  00 30      6   60   86.4      3   10   28.8        9   70  115.2
  9  01 20      6   25   61.2      3    6   25.9        9   31   87.1
 10  01 30      6   21   58.3      3   11   29.5        9   32   87.8
 11  01 15      6   16   54.7      2    6   18.7        8   22   73.4
 12  00 30      3   12   30.2      2    3   16.6        5   15   46.8
 13  02 00      3   25   39.6      4   13   38.2        7   38   77.8
 14    -
 15    -
 16    -
 17  03 30      3   12   30.2      4   25   46.8        7   37   77.0
 18    -
 19    -
 20    -
 21    -
 22    -
 23  00 30      4   94   96.5      4   21   43.9        8  115  140.4
 24    -
 25  04 15      5   92  102.2      5   45   68.4       10  137  170.6
 26  01 00      3   60   64.8      5   42   66.2        8  102  131.0
 27    -
 28  01 00      4   19   42.5      6   66   90.7       10   85  133.2




 Monthly Mean            60.5               35.8                 96.3

 --------------------------------------------------------------------

 March     1969     (k = 0.72)

 Date Time(UT)      North              South                Total
      h  m      g    f     R       g    f     R         g    f     R
  1  01 00      5   16   47.5      5   58   77.8       10   74  125.3
  2    -
  3  01 30      6   17   55.4      4   57   69.8       10   74  125.3
  4    -
  5  00 30      4   20   43.2      3   33   45.4        7   53   88.6
  6  02 00      7   27   69.8      3   27   41.0       10   54  110.9
  7    -
  8  00 40      6   40   72.0      2    3   16.6        8   43   88.6
  9    -
 10  01 00      7   48   85.0      1    3    9.4        8   51   94.3
 11    -
 12    -
 13  02 45      6   27   62.6      5   25   54.0       11   52  116.6
 14  04 00      4   11   36.7      2   14   24.5        6   25   61.2
 15  00 45      7   30   72.0      3   21   36.7       10   51  108.7
 16    -
 17  00 45      7   67   98.6      5   26   54.7       12   93  153.4
 18  02 30     10  147  177.8      7   59   92.9       17  206  270.7
 19  01 30     10  166  191.5      8   47   91.4       18  213  283.0
 20  01 00      7   87  113.0      5   16   47.5       12  103  160.6
 21  01 10      7  109  128.9      5   39   64.1       12  148  193.0
 22  00 00      5   96  105.1      6   51   79.9       11  147  185.0
 23  01 30      5   82   95.0      6   52   80.6       11  134  175.7
 24  00 30      5   63   81.4      3   32   44.6        8   95  126.0
 25  00 45      3   53   59.8      5   37   62.6        8   90  122.4
 26  00 45      5   44   67.7      6   29   64.1       11   73  131.8
 27  00 45      5   36   61.9      5   30   57.6       10   66  119.5
 28    -
 29    -
 30    -
 31    -

 Monthly Mean            86.3               55.8                142.0

 --------------------------------------------------------------------

 April     1969     (k = 0.72)

 Date Time(UT)      North              South                Total
      h  m      g    f     R       g    f     R         g    f     R
  1    -
  2  00 45      7  104  125.3      1   13   16.6        8  117  141.8
  3  04 15      6  118  128.2      1    4   10.1        7  122  138.2
  4    -
  5  02 45      5   66   83.5      2    4   17.3        7   70  100.8
  6  03 20      4   46   61.9      2    5   18.0        6   51   79.9
  7  00 45      3   53   59.8      3    4   24.5        6   57   84.2
  8  00 30      3   43   52.6      2    5   18.0        5   48   70.6
  9  01 00      3   23   38.2      4   17   41.0        7   40   79.2
 10  00 45      2   15   25.2      4   30   50.4        6   45   75.6
 11  05 00      3   20   36.0      4   31   51.1        7   51   87.1
 12  00 10      3   15   32.4      3   35   46.8        6   50   79.2
 13  01 20      6   17   55.4      4   39   56.9       10   56  112.3
 14  00 40      7   46   83.5      5   44   67.7       12   90  151.2
 15  03 00      7   58   92.2      4   33   52.6       11   91  144.7
 16    -
 17    -
 18  01 15      6   52   80.6      5   41   65.5       11   93  146.2
 19  01 00      5   37   62.6      5   35   61.2       10   72  123.8
 20  02 10      4   24   46.1      5   37   62.6        9   61  108.7
 21  03 30      6   34   67.7      5   38   63.4       11   72  131.0
 22  01 45      4   27   48.2      3   24   38.9        7   51   87.1
 23  00 30      3   22   37.4      3   24   38.9        6   46   76.3
 24  01 10      3   15   32.4      2   13   23.8        5   28   56.2
 25    -
 26    -
 27    -
 27  23 50      3   43   52.6      0    0    0.0        3   43   52.6
 29  04 00      4   37   55.4      1    2    8.6        5   39   64.1
 30    -


 Monthly Mean            61.7               37.9                 99.6

 --------------------------------------------------------------------

 May       1969     (k = 0.72)

 Date Time(UT)      North              South                Total
      h  m      g    f     R       g    f     R         g    f     R
  1  00 00      6   42   73.4      3    4   24.5        9   46   97.9
  2  00 30      6   29   64.1      3    7   26.6        9   36   90.7
  2  23 50      5   22   51.8      3   15   32.4        8   37   84.2
  4  00 00      4   25   46.8      2   36   40.3        6   61   87.1
  5  00 30      3   13   31.0      3   31   43.9        6   44   74.9
  6  00 30      3    5   25.2      3   45   54.0        6   50   79.2
  7  03 10      1    1    7.9      3   28   41.8        4   29   49.7
  8  00 30      0    0    0.0      5   42   66.2        5   42   66.2
  9  00 20      1    1    7.9      7   57   91.4        8   58   99.4
 10  00 10      1    1    7.9      6   42   73.4        7   43   81.4
 11    -
 12  01 10      5   39   64.1      5   25   54.0       10   64  118.1
 13    -
 14  00 30      9   54  103.7      5   43   67.0       14   97  170.6
 15  06 50     11   80  136.8      5   52   73.4       16  132  210.2
 16  00 45      7   63   95.8      2   20   28.8        9   83  124.6
 17    -
 18  01 10      8   62  102.2      2    8   20.2       10   70  122.4
 19  00 15      8   27   77.0      3   13   31.0       11   40  108.0
 20  00 55      8   21   72.7      2   24   31.7       10   45  104.4
 21  00 45      6   31   65.5      4   47   62.6       10   78  128.2
 22  00 30      6   51   79.9      4   59   71.3       10  110  151.2
 23  00 45      7   58   92.2      5   73   88.6       12  131  180.7
 24    -
 25    -
 26  00 30      9   54  103.7      4   61   72.7       13  115  176.4
 27  04 30      8   21   72.7      4   52   66.2       12   73  139.0
 28  03 30      7   23   67.0      4   31   51.1       11   54  118.1
 29    -
 30    -
 31  00 30      4   10   36.0      1    4   10.1        5   14   46.1

 Monthly Mean            61.9               51.0                112.9

 --------------------------------------------------------------------

 June      1969     (k = 0.72)

 Date Time(UT)      North              South                Total
      h  m      g    f     R       g    f     R         g    f     R
  1  01 00      2    5   18.0      2   11   22.3        4   16   40.3
  2  00 30      4    5   32.4      2    6   18.7        6   11   51.1
  3    -
  4  02 15      5   16   47.5      3    6   25.9        8   22   73.4
  5  00 20      8   32   80.6      3   15   32.4       11   47  113.0
  6  06 00      7   44   82.1      4   28   49.0       11   72  131.0
  7  00 00      7   81  108.7      5   50   72.0       12  131  180.7
  7  23 30      7   92  116.6      3   57   62.6       10  149  179.3
  9  01 00      7  104  125.3      2   62   59.0        9  166  184.3
 10  00 15     10  113  153.4      2   46   47.5       12  159  200.9
 11  00 30      6   73   95.8      3   58   63.4        9  131  159.1
 12    -
 13    -
 14  00 00      7   44   82.1      4   28   49.0       11   72  131.0
 15  00 30      7   61   94.3      3   30   43.2       10   91  137.5
 16  03 30      6   35   68.4      4   28   49.0       10   63  117.4
 17    -
 18    -
 19    -
 20  01 00      5   47   69.8      1    1    7.9        6   48   77.8
 21    -
 22    -
 23    -
 24  00 15      4   12   37.4      1    3    9.4        5   15   46.8
 25  00 30      3   11   29.5      3    4   24.5        6   15   54.0
 26  05 00      1   11   15.1      2    7   19.4        3   18   34.6
 27    -
 28  00 15      3   13   31.0      1    7   12.2        4   20   43.2
 29  00 30      3   12   30.2      1   30   28.8        4   42   59.0
 30    -


 Monthly Mean            69.4               36.6                106.0

 --------------------------------------------------------------------

 July      1969     (k = 0.72)

 Date Time(UT)      North              South                Total
      h  m      g    f     R       g    f     R         g    f     R
  1    -
  2    -
  3  00 55      6   22   59.0      5   56   76.3       11   78  135.4
  4    -
  5    -
  6    -
  7    -
  8    -
  9    -
 10    -
 11    -
 12    -
 13    -
 13  23 50      4   29   49.7      4   12   37.4        8   41   87.1
 15  00 10      4   28   49.0      2    5   18.0        6   33   67.0
 16  00 45      5   31   58.3      3    7   26.6        8   38   85.0
 17  02 00     11   39  107.3      4    8   34.6       15   47  141.8
 18  00 45      8   28   77.8      1    2    8.6        9   30   86.4
 19  00 45      6   33   67.0      0    0    0.0        6   33   67.0
 20  03 30      4   28   49.0      0    0    0.0        4   28   49.0
 21  01 30      4   18   41.8      1    3    9.4        5   21   51.1
 22  01 00      3   15   32.4      2    6   18.7        5   21   51.1
 23  00 45      3   16   33.1      2    5   18.0        5   21   51.1
 24  00 25      2   15   25.2      2    5   18.0        4   20   43.2
 25  00 30      2   10   21.6      2    8   20.2        4   18   41.8
 26  01 20      3   12   30.2      2   17   26.6        5   29   56.9
 27  02 00      1    4   10.1      2   26   33.1        3   30   43.2
 28  00 40      0    0    0.0      3   48   56.2        3   48   56.2
 29  06 30      1    1    7.9      4   55   68.4        5   56   76.3
 30  01 15      1    2    8.6      4   64   74.9        5   66   83.5
 31  02 10      1    5   10.8      5   93  103.0        6   98  113.8

 Monthly Mean            38.9               34.1                 73.0

 --------------------------------------------------------------------

 August    1969     (k = 0.72)

 Date Time(UT)      North              South                Total
      h  m      g    f     R       g    f     R         g    f     R
  1    -
  2  06 15      3   31   43.9      6  115  126.0        9  146  169.9
  3  02 35      4   34   53.3      4  133  124.6        8  167  177.8
  4  00 15      4   36   54.7      5  115  118.8        9  151  173.5
  5  05 10      5   50   72.0      4  116  112.3        9  166  184.3
  6  01 45      5   28   56.2      3   59   64.1        8   87  120.2
  7  01 25      5   34   60.5      5   60   79.2       10   94  139.7
  8  02 15      4   15   39.6      3   53   59.8        7   68   99.4
  9  01 15      4   13   38.2      5   41   65.5        9   54  103.7
 10  01 00      4   19   42.5      5   32   59.0        9   51  101.5
 11  03 30      4   11   36.7      4   30   50.4        8   41   87.1
 12    -
 13  00 20      2    6   18.7      4   12   37.4        6   18   56.2
 14  02 00      2   10   21.6      3   26   40.3        5   36   61.9
 15  00 45      1    7   12.2      3   21   36.7        4   28   49.0
 16  01 00      2   11   22.3      2   20   28.8        4   31   51.1
 17  01 55      1    3    9.4      1   21   22.3        2   24   31.7
 18  00 20      3    4   24.5      2   22   30.2        5   26   54.7
 19  00 30      2    4   17.3      1    8   13.0        3   12   30.2
 20  00 45      1    1    7.9      1   11   15.1        2   12   23.0
 21  00 25      1    1    7.9      2   11   22.3        3   12   30.2
 22  00 45      3   12   30.2      2    6   18.7        5   18   49.0
 23  06 00      3   23   38.2      2    2   15.8        5   25   54.0
 24  03 20      3   34   46.1      2    3   16.6        5   37   62.6
 25  03 25      3   47   55.4      2    7   19.4        5   54   74.9
 26    -
 27  00 15      4   53   67.0      1    5   10.8        5   58   77.8
 28    -
 29  00 45      6   87  105.8      4   21   43.9       10  108  149.8
 30  00 10      9   86  126.7      2   22   30.2       11  108  157.0
 31  03 00      7   97  120.2      3   18   34.6       10  115  154.8

 Monthly Mean            45.5               48.0                 93.5

 --------------------------------------------------------------------

 September 1969     (k = 0.72)

 Date Time(UT)      North              South                Total
      h  m      g    f     R       g    f     R         g    f     R
  1  00 00      5   54   74.9      3   17   33.8        8   71  108.7
  2  01 00      5   43   67.0      4   22   44.6        9   65  111.6
  3  00 45      5   25   54.0      3   16   33.1        8   41   87.1
  4    -
  5  01 30      5   21   51.1      2    8   20.2        7   29   71.3
  6  00 00      5   28   56.2      3    5   25.2        8   33   81.4
  7  01 00      6   36   69.1      3    8   27.4        9   44   96.5
  8  03 30      3   19   35.3      4   18   41.8        7   37   77.0
  9    -
 10    -
 11  02 30      3    6   25.9      2   22   30.2        5   28   56.2
 12  00 20      2    7   19.4      3   26   40.3        5   33   59.8
 13  00 00      2   14   24.5      4   34   53.3        6   48   77.8
 14  01 15      2   36   40.3      4   57   69.8        6   93  110.2
 15    -
 16  00 15      2   28   34.6      4   33   52.6        6   61   87.1
 17    -
 18  02 30      5   40   64.8      6   60   86.4       11  100  151.2
 19  00 30      4   17   41.0      8   50   93.6       12   67  134.6
 20  01 15      3    7   26.6      5   23   52.6        8   30   79.2
 21  02 20      4   12   37.4      3    9   28.1        7   21   65.5
 22  01 45      6   12   51.8      4    8   34.6       10   20   86.4
 23    -
 24    -
 25    -
 26    -
 27  00 25      5   38   63.4      3   36   47.5        8   74  110.9
 28  02 30      4   50   64.8      5   21   51.1        9   71  115.9
 29  04 40      3   23   38.2      6   23   59.8        9   46   97.9
 30    -


 Monthly Mean            47.0               46.3                 93.3

 --------------------------------------------------------------------

 October   1969     (k = 0.72)

 Date Time(UT)      North              South                Total
      h  m      g    f     R       g    f     R         g    f     R
  1    -
  2  02 45      4   14   38.9      5   51   72.7        9   65  111.6
  3    -
  4    -
  5  01 30      3   43   52.6      3   36   47.5        6   79  100.1
  6  00 00      4   60   72.0      3   13   31.0        7   73  103.0
  7  00 30      4   83   88.6      2    8   20.2        6   91  108.7
  8    -
  9    -
 10  00 20      3   66   69.1      2    7   19.4        5   73   88.6
 11  00 00      3   65   68.4      1    2    8.6        4   67   77.0
 12    -
 13  00 15      2    7   19.4      2    7   19.4        4   14   38.9
 14  00 30      2   12   23.0      4   23   45.4        6   35   68.4
 15  01 25      2    9   20.9      3   19   35.3        5   28   56.2
 16  02 10      3   18   34.6      3   23   38.2        6   41   72.7
 17  00 45      1    2    8.6      1    7   12.2        2    9   20.9
 18  01 30      2    4   17.3      1    2    8.6        3    6   25.9
 19    -
 20    -
 21    -
 22    -
 23  00 30      3   69   71.3      5   27   55.4        8   96  126.7
 24  00 30      3   87   84.2      6   15   54.0        9  102  138.2
 25    -
 26  00 00      5  110  115.2      4   13   38.2        9  123  153.4
 27  04 20      4  124  118.1      6   16   54.7       10  140  172.8
 28  00 15      4  100  100.8      5   11   43.9        9  111  144.7
 29  00 25      7   61   94.3      4   13   38.2       11   74  132.5
 30  02 10      5   57   77.0      5   33   59.8       10   90  136.8
 31  00 30      6   39   71.3      5   22   51.8       11   61  123.1

 Monthly Mean            62.3               37.7                100.0

 --------------------------------------------------------------------

 November  1969     (k = 0.72)

 Date Time(UT)      North              South                Total
      h  m      g    f     R       g    f     R         g    f     R
  1  00 50      5   22   51.8      5   10   43.2       10   32   95.0
  2  00 00      6   26   61.9      3    7   26.6        9   33   88.6
  3    -
  4    -
  5  05 00      9   34   89.3      1    1    7.9       10   35   97.2
  6  00 30      9   53  103.0      1    6   11.5       10   59  114.5
  7  00 30      6   31   65.5      1    4   10.1        7   35   75.6
  8    -
  9    -
 10  00 00      4   36   54.7      1    4   10.1        5   40   64.8
 11  00 00      6   58   85.0      1    2    8.6        7   60   93.6
 12  03 00      5   29   56.9      1    4   10.1        6   33   67.0
 13  03 40      6   34   67.7      1    9   13.7        7   43   81.4
 14  00 30      5   26   54.7      1    8   13.0        6   34   67.7
 15  01 45      5   36   61.9      1    8   13.0        6   44   74.9
 16  02 15     12   65  133.2      0    0    0.0       12   65  133.2
 17    -
 18  00 40      1   49   42.5      1    5   10.8        2   54   53.3
 19  00 45      1   92   73.4      2    3   16.6        3   95   90.0
 20  00 30      4  111  108.7      1    2    8.6        5  113  117.4
 21  01 45      4  131  123.1      2    4   17.3        6  135  140.4
 22    -
 23  01 10      4  109  107.3      3    4   24.5        7  113  131.8
 24  03 30      2  133  110.2      2    4   17.3        4  137  127.4
 25  00 30      3   89   85.7      3   10   28.8        6   99  114.5
 26  00 30      3   78   77.8      5   18   49.0        8   96  126.7
 27  03 40      5   68   85.0      4   24   46.1        9   92  131.0
 28  01 00      5   22   51.8      4   16   40.3        9   38   92.2
 29  03 40      3   12   30.2      9   31   87.1       12   43  117.4
 30    -


 Monthly Mean            77.4               22.4                 99.8

 --------------------------------------------------------------------

 December  1969     (k = 0.72)

 Date Time(UT)      North              South                Total
      h  m      g    f     R       g    f     R         g    f     R
  1  01 00      4   20   43.2      7   25   68.4       11   45  111.6
  2  01 15      5   15   46.8      5   27   55.4       10   42  102.2
  3  01 00      3   16   33.1      5   27   55.4        8   43   88.6
  4  00 40      4   20   43.2      6   39   71.3       10   59  114.5
  5  00 30      5   27   55.4      6   31   65.5       11   58  121.0
  6  00 45      4   18   41.8      4   23   45.4        8   41   87.1
  7  01 20      4    9   35.3      3   13   31.0        7   22   66.2
  8  01 00      2    6   18.7      2    5   18.0        4   11   36.7
  9  01 00      2   10   21.6      2    8   20.2        4   18   41.8
 10  01 10      2    5   18.0      2   14   24.5        4   19   42.5
 11  00 00      1    3    9.4      1    5   10.8        2    8   20.2
 12  00 30      2    6   18.7      2    3   16.6        4    9   35.3
 13  00 50      3    8   27.4      3   13   31.0        6   21   58.3
 14  01 15      5   13   45.4      3   20   36.0        8   33   81.4
 15  01 00      7   21   65.5      3   27   41.0       10   48  106.6
 16  01 15      6   27   62.6      3   32   44.6        9   59  107.3
 17  01 45      6   34   67.7      2   32   37.4        8   66  105.1
 18  05 30      6   50   79.2      4   49   64.1       10   99  143.3
 19  01 30      7   38   77.8      4   28   49.0       11   66  126.7
 19  23 45      4   40   57.6      5   42   66.2        9   82  123.8
 21  00 25      5   38   63.4      5   68   85.0       10  106  148.3
 21  23 45      7   31   72.7      7   50   86.4       14   81  159.1
 23  02 20      5   38   63.4      5   48   70.6       10   86  133.9
 24  01 00      5   21   51.1      6   41   72.7       11   62  123.8
 25  00 30      4   24   46.1      7   56   90.7       11   80  136.8
 26    -
 27    -
 28  01 15      5   15   46.8      6   61   87.1       11   76  133.9
 29  03 00      5   15   46.8      7   45   82.8       12   60  129.6
 30  03 50      5   34   60.5      7   67   98.6       12  101  159.1
 31    -

 Monthly Mean            47.1               54.5                101.6

 --------------------------------------------------------------------

