 January   1939     (k = 0.60)

 Date Time(UT)      North              South                Total
      h  m      g    f     R       g    f     R         g    f     R
  1                                                       -
  2                                                     5   28   46.8
  3                                                     8   55   81.0
  4                                                     8   50   78.0
  5                                                     6   41   60.6
  6                                                     8   57   82.2
  7                                                     7   67   82.2
  8                                                     8   64   86.4
  9                                                     7   63   79.8
 10                                                       -
 11                                                    11   97  124.2
 12                                                    12  104  134.4
 13                                                    10   91  114.6
 14                                                     7   69   83.4
 15                                                     7   86   93.6
 16                                                     7   67   82.2
 17                                                     7   57   76.2
 18                                                       -
 19                                                     7   39   65.4
 20                                                     8   37   70.2
 21                                                     8   41   72.6
 22                                                     8   64   86.4
 23                                                       -
 24                                                     8  114  116.4
 25                                                     7  109  107.4
 26                                                    10   91  114.6
 27                                                    10   92  115.2
 28                                                     9  102  115.2
 29                                                     6   49   65.4
 30                                                       -
 31                                                     7  110  108.0

 Monthly Mean                                                    90.1

 --------------------------------------------------------------------

 February  1939     (k = 0.60)

 Date Time(UT)      North              South                Total
      h  m      g    f     R       g    f     R         g    f     R
  1                                                    10   85  111.0
  2                                                     9   88  106.8
  3                                                     8   71   90.6
  4                                                     9   99  113.4
  5                                                     6   58   70.8
  6                                                     7   72   85.2
  7                                                     8   67   88.2
  8                                                     6   68   76.8
  9                                                     5   49   59.4
 10                                                     4   32   43.2
 11                                                     6   43   61.8
 12                                                       -
 13                                                     6   65   75.0
 14                                                     6   56   69.6
 15                                                       -
 16                                                     6   36   57.6
 17                                                     6   48   64.8
 18                                                     7   52   73.2
 19                                                     9   55   87.0
 20                                                       -
 21                                                       -
 22                                                     9   66   93.6
 23                                                     9   81  102.6
 24                                                     9   97  112.2
 25                                                     9   59   89.4
 26                                                    10   53   91.8
 27                                                     8   65   87.0
 28                                                     9   70   96.0




 Monthly Mean                                                    83.6

 --------------------------------------------------------------------

 March     1939     (k = 0.60)

 Date Time(UT)      North              South                Total
      h  m      g    f     R       g    f     R         g    f     R
  1  01 04      3   14   26.4      6   57   70.2        9   71   96.6
  2  04 40      4   20   36.0      6   54   68.4       10   74  104.4
  3  00 43      4   23   37.8      3   33   37.8        7   56   75.6
  4  02 48      4   31   42.6      4   31   42.6        8   62   85.2
  5  01 00      3   33   37.8      4   35   45.0        7   68   82.8
  6  01 57      2   21   24.6      2   13   19.8        4   34   44.4
  7    -
  8  00 36      3   60   54.0      2   11   18.6        5   71   72.6
  9  00 50      3   46   45.6      3   17   28.2        6   63   73.8
 10  00 39      3   26   33.6      3   13   25.8        6   39   59.4
 11    -
 12  01 26      2    9   17.4      3   19   29.4        5   28   46.8
 13  00 25      2   14   20.4      3   17   28.2        5   31   48.6
 14  00 24      2   14   20.4      3   17   28.2        5   31   48.6
 15  00 36      1    3    7.8      2   34   32.4        3   37   40.2
 16  00 25      2    9   17.4      2   47   40.2        4   56   57.6
 17  00 57      2   23   25.8      3   63   55.8        5   86   81.6
 18  00 45      4   25   39.0      4   37   46.2        8   62   85.2
 19  01 45      4   31   42.6      4   30   42.0        8   61   84.6
 20  00 48      5   39   53.4      4   28   40.8        9   67   94.2
 20  23 30      3   35   39.0      6   27   52.2        9   62   91.2
 22    -
 23  00 30      2   29   29.4      5   37   52.2        7   66   81.6
 24  00 33      2   29   29.4      3   31   36.6        5   60   66.0
 25    -
 26  01 08      2   16   21.6      3   25   33.0        5   41   54.6
 27  00 50      1    5    9.0      3   36   39.6        4   41   48.6
 28    -
 29  05 38      3   13   25.8      1    6    9.6        4   19   35.4
 30  00 38      3    8   22.8      2    5   15.0        5   13   37.8
 31    -

 Monthly Mean            30.4               37.5                 67.9

 --------------------------------------------------------------------

 April     1939     (k = 0.60)

 Date Time(UT)      North              South                Total
      h  m      g    f     R       g    f     R         g    f     R
 31  23 59      1   10   12.0      1    5    9.0        2   15   21.0
  2    -
  3    -
  4    -
  5    -
  6    -
  7    -
  8  04 24      4   25   39.0      6   49   65.4       10   74  104.4
  9  00 39      3   18   28.8      5   48   58.8        8   66   87.6
 10  00 32      3   45   45.0      5   68   70.8        8  113  115.8
 11  00 44      5   58   64.8      5   44   56.4       10  102  121.2
 12  00 24      6   46   63.6      5   23   43.8       11   69  107.4
 13    -
 14  01 30      5   55   63.0      5   27   46.2       10   82  109.2
 15  00 24      7   71   84.6      5   25   45.0       12   96  129.6
 16    -
 17  05 45      7   96   99.6      3   11   24.6       10  107  124.2
 18  00 31      7   96   99.6      2   12   19.2        9  108  118.8
 19  02 03      6   75   81.0      1    4    8.4        7   79   89.4
 20    -
 21    -
 22    -
 23    -
 24  00 45      4   44   50.4      4   83   73.8        8  127  124.2
 25  02 08      5   37   52.2      5   79   77.4       10  116  129.6
 26    -
 27  00 52      5   57   64.2      8  115  117.0       13  172  181.2
 27  23 41      7   54   74.4      8   83   97.8       15  137  172.2
 29  01 30      7   87   94.2      8   83   97.8       15  170  192.0
 30  02 29      7   51   72.6      9   74   98.4       16  125  171.0


 Monthly Mean            64.1               59.4                123.5

 --------------------------------------------------------------------

 May       1939     (k = 0.60)

 Date Time(UT)      North              South                Total
      h  m      g    f     R       g    f     R         g    f     R
  1    -
  2    -
  3  00 20      6   80   84.0      6   47   64.2       12  127  148.2
  4  00 36      5   90   84.0      6   37   58.2       11  127  142.2
  5  00 48      5  119  101.4      8   32   67.2       13  151  168.6
  6  00 22      5  147  118.2      3   23   31.8        8  170  150.0
  7    -
  8    -
  9  00 22      6   93   91.8      4   16   33.6       10  109  125.4
 10  00 25      7   97  100.2      4   29   41.4       11  126  141.6
 11  01 03      8  111  114.6      4   34   44.4       12  145  159.0
 12    -
 13    -
 14    -
 15  00 26      6   57   70.2      5   90   84.0       11  147  154.2
 16  02 15      5   40   54.0      6   58   70.8       11   98  124.8
 16  23 58      4   33   43.8      7   43   67.8       11   76  111.6
 18  00 25      4   31   42.6      7   50   72.0       11   81  114.6
 19  00 18      5   27   46.2      4   44   50.4        9   71   96.6
 19  23 51      3   15   27.0      5   40   54.0        8   55   81.0
 21  00 22      2   10   18.0      4   28   40.8        6   38   58.8
 22  00 37      4   11   30.6      6   60   72.0       10   71  102.6
 23    -
 24    -
 25    -
 26  07 50      4   25   39.0      6   61   72.6       10   86  111.6
 27  00 32      4   25   39.0      8   65   87.0       12   90  126.0
 28    -
 29    -
 30    -
 31    -

 Monthly Mean            65.0               59.5                124.5

 --------------------------------------------------------------------

 June      1939     (k = 0.60)

 Date Time(UT)      North              South                Total
      h  m      g    f     R       g    f     R         g    f     R
  1    -
  2  00 32      8   58   82.8      7   55   75.0       15  113  157.8
  3  00 34      6   82   85.2      7   54   74.4       13  136  159.6
  4  03 30      9   70   96.0      4   21   36.6       13   91  132.6
  5  00 19      7   91   96.6      3   33   37.8       10  124  134.4
  6  06 00      7   60   78.0      2    6   15.6        9   66   93.6
  7    -
  8    -
  9  07 53      8   87  100.2      1    3    7.8        9   90  108.0
  9  23 50      8   85   99.0      2   12   19.2       10   97  118.2
 11    -
 12    -
 13    -
 14  04 30      5   76   75.6      4   22   37.2        9   98  112.8
 15  00 10      6   98   94.8      3   37   40.2        9  135  135.0
 16  00 05      5   58   64.8      4   54   56.4        9  112  121.2
 16  23 55      5   55   63.0      4   67   64.2        9  122  127.2
 18  00 40      3   44   44.4      5   38   52.8        8   82   97.2
 19  00 17      4   48   52.8      4   35   45.0        8   83   97.8
 20  00 05      4   42   49.2      5   26   45.6        9   68   94.8
 21  00 53      2   35   33.0      3   13   25.8        5   48   58.8
 22    -
 23  07 45      3   38   40.8      4   15   33.0        7   53   73.8
 24  03 27      5   46   57.6      4   22   37.2        9   68   94.8
 25    -
 26    -
 27    -
 28    -
 29    -
 30    -


 Monthly Mean            71.4               41.4                112.8

 --------------------------------------------------------------------

 July      1939     (k = 0.60)

 Date Time(UT)      North              South                Total
      h  m      g    f     R       g    f     R         g    f     R
  1    -
  2  01 30      2   10   18.0      9  111  120.6       11  121  138.6
  3  04 48      3   11   24.6      9   62   91.2       12   73  115.8
  4  00 17      3   18   28.8     11   99  125.4       14  117  154.2
  5    -
  6  02 36      3   14   26.4      5   89   83.4        8  103  109.8
  6  23 54      3   30   36.0      6  139  119.4        9  169  155.4
  7  23 53      3   53   49.8      4  136  105.6        7  189  155.4
  9  01 05      2   73   55.8      3  147  106.2        5  220  162.0
 10  03 17      4   59   59.4      3  153  109.8        7  212  169.2
 11    -
 12  00 07      4   54   56.4      5  142  115.2        9  196  171.6
 13  00 15      5   41   54.6      3   63   55.8        8  104  110.4
 14  02 08      5   48   58.8      6   47   64.2       11   95  123.0
 14  23 46      5   39   53.4      3   21   30.6        8   60   84.0
 16  00 10      4   37   46.2      2   15   21.0        6   52   67.2
 16  23 43      4  100   84.0      1    5    9.0        5  105   93.0
 17  23 37      4  120   96.0      1    2    7.2        5  122  103.2
 18  23 42      4  172  127.2      0    0    0.0        4  172  127.2
 20  00 00      4  138  106.8      2    9   17.4        6  147  124.2
 20  23 48      4  123   97.8      2   20   24.0        6  143  121.8
 22  03 43      5   96   87.6      2   25   27.0        7  121  114.6
 23    -
 24  00 12      5   47   58.2      2   59   47.4        7  106  105.6
 25  00 02      3   19   29.4      3   58   52.8        6   77   82.2
 26  01 20      2   10   18.0      3   49   47.4        5   59   65.4
 26  23 54      1   12   13.2      3   52   49.2        4   64   62.4
 28  02 50      2   13   19.8      4   37   46.2        6   50   66.0
 29  00 20      2    8   16.8      5   36   51.6        7   44   68.4
 30  01 00      2   12   19.2      4   24   38.4        6   36   57.6
 30  23 50      2    6   15.6      5   26   45.6        7   32   61.2

 Monthly Mean            50.3               59.7                110.0

 --------------------------------------------------------------------

 August    1939     (k = 0.60)

 Date Time(UT)      North              South                Total
      h  m      g    f     R       g    f     R         g    f     R
  1  02 09      3   21   30.6      3   37   40.2        6   58   70.8
  2  01 29      3   27   34.2      3   39   41.4        6   66   75.6
  3  00 09      3   54   50.4      4   40   48.0        7   94   98.4
  4    -
  5    -
  6  00 45      3   80   66.0      4   54   56.4        7  134  122.4
  6  23 32      4   87   76.2      2   62   49.2        6  149  125.4
  7  23 40      7   85   93.0      5   71   72.6       12  156  165.6
  9  04 20      5   79   77.4      4   88   76.8        9  167  154.2
 10    -
 11  02 11      4   63   61.8      6   87   88.2       10  150  150.0
 11  23 42      6   54   68.4      6  111  102.6       12  165  171.0
 12  23 45      5   52   61.2      6  103   97.8       11  155  159.0
 13  23 49      6   60   72.0      5  141  114.6       11  201  186.6
 14  23 47      8   85   99.0      5  111   96.6       13  196  195.6
 15  23 47      7   61   78.6      5   80   78.0       12  141  156.6
 16  23 50      6   74   80.4      6   44   62.4       12  118  142.8
 17  23 51      5   98   88.8      6   57   70.2       11  155  159.0
 19    -
 20    -
 21    -
 21  23 53      3   98   76.8      3   24   32.4        6  122  109.2
 22  23 45      2   81   60.6      2   11   18.6        4   92   79.2
 24  04 24      2   86   63.6      4   22   37.2        6  108  100.8
 25  00 00      2   52   43.2      5   28   46.8        7   80   90.0
 26  01 30      3   40   42.0      6   37   58.2        9   77  100.2
 27  00 51      2   20   24.0      5   57   64.2        7   77   88.2
 27  23 47      2   14   20.4      4   54   56.4        6   68   76.8
 29  00 05      2    6   15.6      4   71   66.6        6   77   82.2
 29  23 58      2    4   14.4      4   68   64.8        6   72   79.2
 30  23 33      2   13   19.8      4   92   79.2        6  105   99.0

 Monthly Mean            56.7               64.8                121.5

 --------------------------------------------------------------------

 September 1939     (k = 0.60)

 Date Time(UT)      North              South                Total
      h  m      g    f     R       g    f     R         g    f     R
  1  00 24      4   15   33.0      3  104   80.4        7  119  113.4
  2    -
  3  01 08      4   30   42.0      4  116   93.6        8  146  135.6
  4    -
  4  23 52      5   42   55.2      5  121  102.6       10  163  157.8
  6  00 14      5   35   51.0      6  104   98.4       11  139  149.4
  6  23 35      5   39   53.4      5  114   98.4       10  153  151.8
  8  07 01      3   51   48.6      6  127  112.2        9  178  160.8
  8  23 47      4   37   46.2      7  130  120.0       11  167  166.2
 10  05 50      2   34   32.4      7  140  126.0        9  174  158.4
 10  23 28      2   15   21.0      6  155  129.0        8  170  150.0
 12  00 18      2   10   18.0      8  167  148.2       10  177  166.2
 12  23 32      2    7   16.2      8  153  139.8       10  160  156.0
 13  23 36      2   10   18.0      7  121  114.6        9  131  132.6
 14  23 40      1    7   10.2      7  107  106.2        8  114  116.4
 15  23 45      1   16   15.6      8   85   99.0        9  101  114.6
 17  00 40      2   19   23.4      6   58   70.8        8   77   94.2
 18    -
 19  00 04      2   13   19.8      4   56   57.6        6   69   77.4
 20    -
 21  00 27      3   16   27.6      4   75   69.0        7   91   96.6
 22    -
 23    -
 24  01 30      2   19   23.4      4  113   91.8        6  132  115.2
 24  23 50      2   22   25.2      4  105   87.0        6  127  112.2
 26  00 30      4   21   36.6      4  133  103.8        8  154  140.4
 26  23 33      4   20   36.0      4  110   90.0        8  130  126.0
 28    -
 29  00 47      6   80   84.0      3   95   75.0        9  175  159.0
 30  01 55      7   95   99.0      4   70   66.0       11  165  165.0


 Monthly Mean            36.3               99.1                135.4

 --------------------------------------------------------------------

 October   1939     (k = 0.60)

 Date Time(UT)      North              South                Total
      h  m      g    f     R       g    f     R         g    f     R
  1  00 42      7  141  126.6      5   93   85.8       12  234  212.4
  1  23 32      7   97  100.2      5   57   64.2       12  154  164.4
  3    -
  4    -
  5    -
  6  00 26      3   15   27.0      7   42   67.2       10   57   94.2
  7    -
  8  02 11      2   14   20.4      6   52   67.2        8   66   87.6
  9    -
 10    -
 11    -
 12    -
 13  00 06      2   19   23.4      6   71   78.6        8   90  102.0
 13  23 52      4   22   37.2      2   76   57.6        6   98   94.8
 15  00 38      2   26   27.6      4   75   69.0        6  101   96.6
 16    -
 17    -
 17  23 42      4   46   51.6      2   41   36.6        6   87   88.2
 18  23 38      3   36   39.6      3   33   37.8        6   69   77.4
 20  00 46      3   29   35.4      4   57   58.2        7   86   93.6
 21  00 28      2   12   19.2      4   54   56.4        6   66   75.6
 22    -
 23  00 30      3   24   32.4      5   86   81.6        8  110  114.0
 24    -
 25    -
 26    -
 26  23 56      5   36   51.6      6   98   94.8       11  134  146.4
 27  23 38      3   25   33.0      4   67   64.2        7   92   97.2
 29  00 30      3   26   33.6      5   60   66.0        8   86   99.6
 30  01 56      3   31   36.6      3   39   41.4        6   70   78.0
 30  23 52      3   51   48.6      3   25   33.0        6   76   81.6

 Monthly Mean            43.8               62.3                106.1

 --------------------------------------------------------------------

 November  1939     (k = 0.60)

 Date Time(UT)      North              South                Total
      h  m      g    f     R       g    f     R         g    f     R
  1  01 23      5   63   67.8      3   21   30.6        8   84   98.4
  2    -
  3  00 39      3   45   45.0      5   53   61.8        8   98  106.8
  4    -
  5  01 26      3   33   37.8      5   59   65.4        8   92  103.2
  6    -
  7  03 17      4   26   39.6      4   40   48.0        8   66   87.6
  8  00 36      3   19   29.4      5   36   51.6        8   55   81.0
  9  00 54      1    2    7.2      5   27   46.2        6   29   53.4
 10    -
 11  02 15      3   37   40.2      4   24   38.4        7   61   78.6
 12  01 36      4   50   54.0      3   24   32.4        7   74   86.4
 13  01 24      5   50   60.0      2   32   31.2        7   82   91.2
 14    -
 15  00 31      3   38   40.8      2   40   36.0        5   78   76.8
 16  01 32      3   52   49.2      4   68   64.8        7  120  114.0
 17    -
 18    -
 19    -
 20    -
 21  00 30      1   11   12.6      4   46   51.6        5   57   64.2
 22    -
 23  02 22      2   19   23.4      4   35   45.0        6   54   68.4
 24    -
 25  02 38      2   22   25.2      5   29   47.4        7   51   72.6
 26  01 47      2   16   21.6      5   29   47.4        7   45   69.0
 27  00 43      1    3    7.8      7   42   67.2        8   45   75.0
 28  00 37      1    3    7.8      6   28   52.8        7   31   60.6
 29  00 40      0    0    0.0      4   26   39.6        4   26   39.6
 30  00 35      0    0    0.0      4   47   52.2        4   47   52.2


 Monthly Mean            30.0               47.9                 77.8

 --------------------------------------------------------------------

 December  1939     (k = 0.60)

 Date Time(UT)      North              South                Total
      h  m      g    f     R       g    f     R         g    f     R
  1  01 23      3   12   25.2      3   71   60.6        6   83   85.8
  2  00 56      1    3    7.8      6   45   63.0        7   48   70.8
  3  01 16      2    8   16.8      5   30   48.0        7   38   64.8
  4  04 25      1    2    7.2      4   18   34.8        5   20   42.0
  5  00 28      2    5   15.0      2    7   16.2        4   12   31.2
  6    -
  7    -
  8  01 52      0    0    0.0      3   29   35.4        3   29   35.4
  9  00 42      2    7   16.2      2   19   23.4        4   26   39.6
 10  01 00      2    7   16.2      3   31   36.6        5   38   52.8
 11  04 37      3   12   25.2      2   25   27.0        5   37   52.2
 12  00 59      4   18   34.8      3   10   24.0        7   28   58.8
 13  05 29      5   28   46.8      2    6   15.6        7   34   62.4
 14  00 43      6   38   58.8      1    3    7.8        7   41   66.6
 15  01 00      5   33   49.8      2    9   17.4        7   42   67.2
 16    -
 17  02 50      3   45   45.0      3   13   25.8        6   58   70.8
 18  00 57      2   34   32.4      4   13   31.8        6   47   64.2
 19  00 36      3   38   40.8      2    6   15.6        5   44   56.4
 20  04 54      3   33   37.8      2   11   18.6        5   44   56.4
 21  00 45      3   24   32.4      3   19   29.4        6   43   61.8
 22  04 08      2    9   17.4      4   21   36.6        6   30   54.0
 23  03 40      2    8   16.8      3   21   30.6        5   29   47.4
 24  00 40      0    0    0.0      7   56   75.6        7   56   75.6
 25  01 50      1    2    7.2      4   20   36.0        5   22   43.2
 26    -
 27    -
 28    -
 29    -
 30    -
 31    -

 Monthly Mean            25.0               32.3                 57.2

 --------------------------------------------------------------------

