 January   1997     (k = 0.60)

 Date Time(UT)      North              South                Total
      h  m      g    f     R       g    f     R         g    f     R
  1  02 20      0    0    0.0      0    0    0.0        0    0    0.0
  2  02 15      0    0    0.0      0    0    0.0        0    0    0.0
  3  00 50      0    0    0.0      0    0    0.0        0    0    0.0
  4  01 40      0    0    0.0      0    0    0.0        0    0    0.0
  5  01 15      0    0    0.0      1    6    9.6        1    6    9.6
  6  00 25      0    0    0.0      1    7   10.2        1    7   10.2
  7  00 55      0    0    0.0      1    2    7.2        1    2    7.2
  8  00 40      0    0    0.0      0    0    0.0        0    0    0.0
  9  00 45      0    0    0.0      0    0    0.0        0    0    0.0
 10  00 25      1    5    9.0      0    0    0.0        1    5    9.0
 11  00 03      1    2    7.2      0    0    0.0        1    2    7.2
 12  00 15      0    0    0.0      0    0    0.0        0    0    0.0
 13  01 10      0    0    0.0      0    0    0.0        0    0    0.0
 14  00 30      0    0    0.0      0    0    0.0        0    0    0.0
 15  02 17      0    0    0.0      2    5   15.0        2    5   15.0
 16  02 20      0    0    0.0      2    7   16.2        2    7   16.2
 17  00 50      0    0    0.0      1    2    7.2        1    2    7.2
 18  00 40      0    0    0.0      0    0    0.0        0    0    0.0
 19  00 24      0    0    0.0      0    0    0.0        0    0    0.0
 20  00 25      0    0    0.0      0    0    0.0        0    0    0.0
 21  00 30      0    0    0.0      1    1    6.6        1    1    6.6
 22  00 20      0    0    0.0      0    0    0.0        0    0    0.0
 23  00 10      0    0    0.0      0    0    0.0        0    0    0.0
 24  00 25      0    0    0.0      1    1    6.6        1    1    6.6
 25    -
 26  01 14      0    0    0.0      1    2    7.2        1    2    7.2
 27  00 55      0    0    0.0      1    2    7.2        1    2    7.2
 28  00 55      0    0    0.0      0    0    0.0        0    0    0.0
 29  00 55      0    0    0.0      0    0    0.0        0    0    0.0
 30  00 40      1   11   12.6      0    0    0.0        1   11   12.6
 31  00 30      1    6    9.6      0    0    0.0        1    6    9.6

 Monthly Mean             1.3                3.1                  4.4

 --------------------------------------------------------------------

 February  1997     (k = 0.60)

 Date Time(UT)      North              South                Total
      h  m      g    f     R       g    f     R         g    f     R
  1  01 10      1    2    7.2      0    0    0.0        1    2    7.2
  2  01 05      1    3    7.8      1    5    9.0        2    8   16.8
  3  03 50      1   14   14.4      1   12   13.2        2   26   27.6
  4  01 00      1   15   15.0      1   13   13.8        2   28   28.8
  5  00 50      1   12   13.2      1    8   10.8        2   20   24.0
  6  01 45      1    4    8.4      1    1    6.6        2    5   15.0
  7  01 05      2    8   16.8      1    1    6.6        3    9   23.4
  8  03 20      0    0    0.0      1    1    6.6        1    1    6.6
  9  00 45      0    0    0.0      1    1    6.6        1    1    6.6
 10  00 55      0    0    0.0      0    0    0.0        0    0    0.0
 11  01 30      0    0    0.0      0    0    0.0        0    0    0.0
 12  00 40      0    0    0.0      0    0    0.0        0    0    0.0
 13  00 50      0    0    0.0      0    0    0.0        0    0    0.0
 14  00 50      0    0    0.0      0    0    0.0        0    0    0.0
 15  02 17      0    0    0.0      0    0    0.0        0    0    0.0
 16    -
 17  03 15      0    0    0.0      0    0    0.0        0    0    0.0
 18  01 25      1    5    9.0      0    0    0.0        1    5    9.0
 19  00 55      1    3    7.8      0    0    0.0        1    3    7.8
 20  00 55      1    1    6.6      0    0    0.0        1    1    6.6
 21  00 50      0    0    0.0      0    0    0.0        0    0    0.0
 22  00 10      0    0    0.0      0    0    0.0        0    0    0.0
 23  01 00      0    0    0.0      0    0    0.0        0    0    0.0
 24  01 20      1    1    6.6      0    0    0.0        1    1    6.6
 25  00 40      1    2    7.2      0    0    0.0        1    2    7.2
 26  00 40      0    0    0.0      0    0    0.0        0    0    0.0
 27  02 40      0    0    0.0      0    0    0.0        0    0    0.0
 28  02 00      0    0    0.0      0    0    0.0        0    0    0.0




 Monthly Mean             4.4                2.7                  7.2

 --------------------------------------------------------------------

 March     1997     (k = 0.60)

 Date Time(UT)      North              South                Total
      h  m      g    f     R       g    f     R         g    f     R
  1  01 45      0    0    0.0      0    0    0.0        0    0    0.0
  2  00 45      0    0    0.0      0    0    0.0        0    0    0.0
  3    -
  4    -
  5  00 35      0    0    0.0      0    0    0.0        0    0    0.0
  6  01 15      0    0    0.0      0    0    0.0        0    0    0.0
  7  00 00      1    3    7.8      0    0    0.0        1    3    7.8
  8  02 25      1    5    9.0      0    0    0.0        1    5    9.0
  8  23 25      1    3    7.8      0    0    0.0        1    3    7.8
 10  00 55      1    4    8.4      0    0    0.0        1    4    8.4
 11  00 20      1   10   12.0      0    0    0.0        1   10   12.0
 12  00 35      1   20   18.0      0    0    0.0        1   20   18.0
 13  03 15      1   10   12.0      0    0    0.0        1   10   12.0
 14  00 15      1   10   12.0      0    0    0.0        1   10   12.0
 15    -
 16    -
 17  01 00      0    0    0.0      1    6    9.6        1    6    9.6
 18  00 50      0    0    0.0      1    3    7.8        1    3    7.8
 19  00 45      0    0    0.0      0    0    0.0        0    0    0.0
 20  00 15      0    0    0.0      0    0    0.0        0    0    0.0
 21  00 35      0    0    0.0      0    0    0.0        0    0    0.0
 22    -
 23    -
 24  00 55      0    0    0.0      0    0    0.0        0    0    0.0
 25  01 05      0    0    0.0      0    0    0.0        0    0    0.0
 26  00 55      0    0    0.0      0    0    0.0        0    0    0.0
 27  06 35      0    0    0.0      1    2    7.2        1    2    7.2
 28  00 20      0    0    0.0      1    4    8.4        1    4    8.4
 29    -
 30  05 40      0    0    0.0      1   11   12.6        1   11   12.6
 31  00 55      0    0    0.0      1   15   15.0        1   15   15.0

 Monthly Mean             3.6                2.5                  6.2

 --------------------------------------------------------------------

 April     1997     (k = 0.60)

 Date Time(UT)      North              South                Total
      h  m      g    f     R       g    f     R         g    f     R
  1  00 50      0    0    0.0      1   13   13.8        1   13   13.8
  2    -
  3    -
  4  01 50      0    0    0.0      2   31   30.6        2   31   30.6
  5    -
  6    -
  7    -
  8  00 15      0    0    0.0      2   10   18.0        2   10   18.0
  9  00 20      0    0    0.0      1    3    7.8        1    3    7.8
 10  00 35      2   14   20.4      0    0    0.0        2   14   20.4
 11  00 15      1   28   22.8      0    0    0.0        1   28   22.8
 12  01 02      1    7   10.2      0    0    0.0        1    7   10.2
 13  00 15      1    3    7.8      1    7   10.2        2   10   18.0
 14  00 05      1    1    6.6      1   20   18.0        2   21   24.6
 15    -
 16  01 30      0    0    0.0      2   33   31.8        2   33   31.8
 17  00 05      0    0    0.0      1   27   22.2        1   27   22.2
 18  02 10      0    0    0.0      1   11   12.6        1   11   12.6
 19    -
 20    -
 21  01 20      0    0    0.0      0    0    0.0        0    0    0.0
 22  00 45      0    0    0.0      0    0    0.0        0    0    0.0
 23    -
 24  00 55      1    2    7.2      0    0    0.0        1    2    7.2
 25  01 30      1    2    7.2      0    0    0.0        1    2    7.2
 26  00 55      0    0    0.0      1    7   10.2        1    7   10.2
 27  00 25      1    2    7.2      1    8   10.8        2   10   18.0
 28    -
 29  00 25      0    0    0.0      1    3    7.8        1    3    7.8
 29  23 35      0    0    0.0      1    1    6.6        1    1    6.6


 Monthly Mean             4.5               10.0                 14.5

 --------------------------------------------------------------------

 May       1997     (k = 0.60)

 Date Time(UT)      North              South                Total
      h  m      g    f     R       g    f     R         g    f     R
  1  01 10      0    0    0.0      0    0    0.0        0    0    0.0
  2  00 10      0    0    0.0      0    0    0.0        0    0    0.0
  3    -
  4  04 17      0    0    0.0      0    0    0.0        0    0    0.0
  5  02 30      0    0    0.0      0    0    0.0        0    0    0.0
  6  04 00      1    2    7.2      0    0    0.0        1    2    7.2
  6  23 45      1    2    7.2      0    0    0.0        1    2    7.2
  8  01 55      1    2    7.2      0    0    0.0        1    2    7.2
  9    -
  9  23 52      2    3   13.8      0    0    0.0        2    3   13.8
 11  00 25      2    5   15.0      0    0    0.0        2    5   15.0
 12  00 00      1    3    7.8      0    0    0.0        1    3    7.8
 13    -
 14    -
 15    -
 16  00 40      1    3    7.8      0    0    0.0        1    3    7.8
 17    -
 18  00 25      2   13   19.8      0    0    0.0        2   13   19.8
 19    -
 20    -
 21  00 35      2   38   34.8      1    3    7.8        3   41   42.6
 22  00 40      3   28   34.8      1    2    7.2        4   30   42.0
 23    -
 24    -
 25  00 20      1    2    7.2      2    4   14.4        3    6   21.6
 26  00 15      3    4   20.4      2    6   15.6        5   10   36.0
 26  23 50      1    2    7.2      2    8   16.8        3   10   24.0
 28  00 45      1    4    8.4      2    2   13.2        3    6   21.6
 29  00 00      1    7   10.2      1    1    6.6        2    8   16.8
 30  00 00      1   11   12.6      1    1    6.6        2   12   19.2
 31    -

 Monthly Mean            11.1                4.4                 15.5

 --------------------------------------------------------------------

 June      1997     (k = 0.60)

 Date Time(UT)      North              South                Total
      h  m      g    f     R       g    f     R         g    f     R
  1  00 45      1    2    7.2      1    7   10.2        2    9   17.4
  2    -
  2  23 40      1    1    6.6      1   17   16.2        2   18   22.8
  4    -
  4  23 45      0    0    0.0      1    8   10.8        1    8   10.8
  6    -
  7  03 30      0    0    0.0      1   13   13.8        1   13   13.8
  8  01 20      0    0    0.0      1    6    9.6        1    6    9.6
  9    -
  9  23 45      1    1    6.6      1    1    6.6        2    2   13.2
 11    -
 12  01 10      1    1    6.6      0    0    0.0        1    1    6.6
 13  00 40      2    8   16.8      0    0    0.0        2    8   16.8
 14    -
 15    -
 15  23 45      2   11   18.6      0    0    0.0        2   11   18.6
 17  00 30      2   11   18.6      0    0    0.0        2   11   18.6
 18    -
 19  00 35      0    0    0.0      1    5    9.0        1    5    9.0
 20    -
 21  00 15      0    0    0.0      1    1    6.6        1    1    6.6
 22    -
 23    -
 24  01 50      1    5    9.0      0    0    0.0        1    5    9.0
 25  01 00      2    8   16.8      0    0    0.0        2    8   16.8
 25  23 45      1   15   15.0      0    0    0.0        1   15   15.0
 26  23 50      1   13   13.8      0    0    0.0        1   13   13.8
 28    -
 29  03 15      1    1    6.6      0    0    0.0        1    1    6.6
 29  23 45      0    0    0.0      0    0    0.0        0    0    0.0


 Monthly Mean             7.9                4.6                 12.5

 --------------------------------------------------------------------

 July      1997     (k = 0.60)

 Date Time(UT)      North              South                Total
      h  m      g    f     R       g    f     R         g    f     R
 30  23 50      0    0    0.0      0    0    0.0        0    0    0.0
  2    -
  3  00 00      0    0    0.0      1    3    7.8        1    3    7.8
  4  02 12      0    0    0.0      1    5    9.0        1    5    9.0
  5  01 45      0    0    0.0      1    1    6.6        1    1    6.6
  6  01 05      0    0    0.0      0    0    0.0        0    0    0.0
  6  23 50      0    0    0.0      1    2    7.2        1    2    7.2
  7  23 45      1    2    7.2      2    6   15.6        3    8   22.8
  8  23 35      1    5    9.0      0    0    0.0        1    5    9.0
 10    -
 11    -
 12    -
 13    -
 13  23 50      0    0    0.0      0    0    0.0        0    0    0.0
 15  00 15      0    0    0.0      0    0    0.0        0    0    0.0
 15  23 50      0    0    0.0      0    0    0.0        0    0    0.0
 17    -
 18  02 30      1    1    6.6      0    0    0.0        1    1    6.6
 18  23 49      0    0    0.0      0    0    0.0        0    0    0.0
 20  00 30      0    0    0.0      0    0    0.0        0    0    0.0
 21  01 05      0    0    0.0      1    1    6.6        1    1    6.6
 22  00 05      0    0    0.0      0    0    0.0        0    0    0.0
 22  23 30      2    6   15.6      0    0    0.0        2    6   15.6
 24  00 20      2   10   18.0      0    0    0.0        2   10   18.0
 24  23 35      3   35   39.0      0    0    0.0        3   35   39.0
 26    -
 27  05 50      4   14   32.4      0    0    0.0        4   14   32.4
 28  02 30      1    1    6.6      0    0    0.0        1    1    6.6
 29  03 25      0    0    0.0      0    0    0.0        0    0    0.0
 30    -
 31  00 00      0    0    0.0      0    0    0.0        0    0    0.0

 Monthly Mean             5.8                2.3                  8.1

 --------------------------------------------------------------------

 August    1997     (k = 0.60)

 Date Time(UT)      North              South                Total
      h  m      g    f     R       g    f     R         g    f     R
 31  23 50      0    0    0.0      0    0    0.0        0    0    0.0
  2  01 02      0    0    0.0      0    0    0.0        0    0    0.0
  2  23 25      1    1    6.6      1    3    7.8        2    4   14.4
  3  23 55      0    0    0.0      2   11   18.6        2   11   18.6
  4  23 55      0    0    0.0      1    2    7.2        1    2    7.2
  6  01 00      1   14   14.4      2    6   15.6        3   20   30.0
  7  02 10      1   17   16.2      2   19   23.4        3   36   39.6
  8  04 10      2   13   19.8      2   20   24.0        4   33   43.8
  9  00 27      2   10   18.0      1   18   16.8        3   28   34.8
 10  00 00      1    3    7.8      1    9   11.4        2   12   19.2
 10  23 50      1    4    8.4      1    6    9.6        2   10   18.0
 12    -
 13  02 20      3   10   24.0      1    7   10.2        4   17   34.2
 14    -
 15    -
 16    -
 17    -
 17  23 45      3   20   30.0      0    0    0.0        3   20   30.0
 19  00 05      1    2    7.2      0    0    0.0        1    2    7.2
 19  23 15      1    2    7.2      0    0    0.0        1    2    7.2
 20  23 20      1    3    7.8      0    0    0.0        1    3    7.8
 22  01 20      1    2    7.2      0    0    0.0        1    2    7.2
 23  02 20      1    1    6.6      0    0    0.0        1    1    6.6
 23  23 57      0    0    0.0      0    0    0.0        0    0    0.0
 25    -
 26  04 20      1   10   12.0      1    1    6.6        2   11   18.6
 26  23 45      1   12   13.2      0    0    0.0        1   12   13.2
 27  23 45      3   24   32.4      0    0    0.0        3   24   32.4
 29  00 30      2   38   34.8      0    0    0.0        2   38   34.8
 29  23 43      2   35   33.0      0    0    0.0        2   35   33.0
 31  00 22      5   71   72.6      0    0    0.0        5   71   72.6

 Monthly Mean            15.2                6.0                 21.2

 --------------------------------------------------------------------

 September 1997     (k = 0.60)

 Date Time(UT)      North              South                Total
      h  m      g    f     R       g    f     R         g    f     R
  1  00 15      5   49   59.4      0    0    0.0        5   49   59.4
  2  00 15      5   46   57.6      0    0    0.0        5   46   57.6
  2  23 40      4   34   44.4      0    0    0.0        4   34   44.4
  4  00 55      3   25   33.0      1    9   11.4        4   34   44.4
  5  02 25      2    8   16.8      1    9   11.4        3   17   28.2
  6  00 35      3   17   28.2      1   14   14.4        4   31   42.6
  7  02 20      2   12   19.2      2   20   24.0        4   32   43.2
  8    -
  9    -
 10  01 35      2   35   33.0      2   54   44.4        4   89   77.4
 11  01 40      1   30   24.0      2   54   44.4        3   84   68.4
 12  03 20      1   30   24.0      2   49   41.4        3   79   65.4
 13    -
 14    -
 15    -
 16    -
 17    -
 18    -
 19  05 10      1   10   12.0      0    0    0.0        1   10   12.0
 20  01 50      1    7   10.2      0    0    0.0        1    7   10.2
 21    -
 22  00 10      1    6    9.6      2    7   16.2        3   13   25.8
 23    -
 24  03 15      0    0    0.0      2   23   25.8        2   23   25.8
 25  02 00      0    0    0.0      3   21   30.6        3   21   30.6
 26    -
 27    -
 28  01 26      0    0    0.0      1   11   12.6        1   11   12.6
 29  00 50      1    2    7.2      1   10   12.0        2   12   19.2
 30  00 05      0    0    0.0      2    5   15.0        2    5   15.0


 Monthly Mean            21.0               16.9                 37.9

 --------------------------------------------------------------------

 October   1997     (k = 0.60)

 Date Time(UT)      North              South                Total
      h  m      g    f     R       g    f     R         g    f     R
  1  00 15      1    1    6.6      2    4   14.4        3    5   21.0
  1  23 45      1    6    9.6      1    2    7.2        2    8   16.8
  3  00 05      1    7   10.2      1    2    7.2        2    9   17.4
  4    -
  5  02 35      1    9   11.4      1    2    7.2        2   11   18.6
  5  23 55      1    4    8.4      1    3    7.8        2    7   16.2
  7  00 50      1    2    7.2      1    2    7.2        2    4   14.4
  8  00 10      1    7   10.2      1    1    6.6        2    8   16.8
  9  04 25      2    6   15.6      0    0    0.0        2    6   15.6
 10  02 35      3   13   25.8      0    0    0.0        3   13   25.8
 11  00 05      2   23   25.8      0    0    0.0        2   23   25.8
 12  01 15      3   29   35.4      0    0    0.0        3   29   35.4
 13  00 45      3   36   39.6      0    0    0.0        3   36   39.6
 14  00 10      2   30   30.0      0    0    0.0        2   30   30.0
 15  00 30      2   18   22.8      0    0    0.0        2   18   22.8
 15  23 50      3   11   24.6      0    0    0.0        3   11   24.6
 17    -
 18  00 25      3   20   30.0      0    0    0.0        3   20   30.0
 19  00 55      3   14   26.4      0    0    0.0        3   14   26.4
 19  23 40      2    8   16.8      0    0    0.0        2    8   16.8
 21  00 35      2    6   15.6      0    0    0.0        2    6   15.6
 22  00 30      2    4   14.4      0    0    0.0        2    4   14.4
 23  00 25      0    0    0.0      0    0    0.0        0    0    0.0
 24  00 00      0    0    0.0      1    1    6.6        1    1    6.6
 25  00 23      0    0    0.0      0    0    0.0        0    0    0.0
 26  00 50      1    5    9.0      0    0    0.0        1    5    9.0
 27  00 30      1    3    7.8      1    3    7.8        2    6   15.6
 28  01 25      1   12   13.2      3   14   26.4        4   26   39.6
 29  00 20      1   10   12.0      1   14   14.4        2   24   26.4
 30  00 00      1   15   15.0      1   28   22.8        2   43   37.8
 31  03 30      1   12   13.2      1   25   21.0        2   37   34.2

 Monthly Mean            15.7                5.4                 21.1

 --------------------------------------------------------------------

 November  1997     (k = 0.60)

 Date Time(UT)      North              South                Total
      h  m      g    f     R       g    f     R         g    f     R
  1  00 20      1    3    7.8      2   16   21.6        3   19   29.4
  2  00 38      1    1    6.6      1   27   22.2        2   28   28.8
  3  00 25      2   10   18.0      1   76   51.6        3   86   69.6
  4  00 35      2    5   15.0      1   50   36.0        3   55   51.0
  5  01 10      2   20   24.0      1   42   31.2        3   62   55.2
  6  02 45      1   19   17.4      1   25   21.0        2   44   38.4
  7  00 20      1   17   16.2      1   24   20.4        2   41   36.6
  8  00 35      2   14   20.4      1    7   10.2        3   21   30.6
  9  01 00      2    6   15.6      0    0    0.0        2    6   15.6
 10  00 50      2   15   21.0      0    0    0.0        2   15   21.0
 11  00 15      2   19   23.4      0    0    0.0        2   19   23.4
 12  00 00      2   15   21.0      0    0    0.0        2   15   21.0
 13    -
 14    -
 15    -
 16  04 14      1   16   15.6      1    1    6.6        2   17   22.2
 17    -
 18  00 40      1   30   24.0      1    6    9.6        2   36   33.6
 19  00 45      1   40   30.0      1   10   12.0        2   50   42.0
 20    -
 21    -
 22    -
 23  02 38      2   29   29.4      2    8   16.8        4   37   46.2
 24  03 10      2   22   25.2      2    6   15.6        4   28   40.8
 25  00 40      2   14   20.4      2    2   13.2        4   16   33.6
 26    -
 27  00 45      2   25   27.0      0    0    0.0        2   25   27.0
 28  02 00      2   26   27.6      0    0    0.0        2   26   27.6
 29    -
 30  02 20      2   45   39.0      0    0    0.0        2   45   39.0


 Monthly Mean            21.2               13.7                 34.9

 --------------------------------------------------------------------

 December  1997     (k = 0.60)

 Date Time(UT)      North              South                Total
      h  m      g    f     R       g    f     R         g    f     R
  1    -
  2    -
  3  00 20      1   40   30.0      0    0    0.0        1   40   30.0
  4  01 00      1   37   28.2      1    4    8.4        2   41   36.6
  5  00 55      2   26   27.6      1    1    6.6        3   27   34.2
  6    -
  7  02 35      2    7   16.2      0    0    0.0        2    7   16.2
  8    -
  9    -
 10  00 25      3   26   33.6      2   14   20.4        5   40   54.0
 11  00 45      4   30   42.0      2   14   20.4        6   44   62.4
 12  00 30      4   54   56.4      2   11   18.6        6   65   75.0
 13  01 20      3   28   34.8      2    5   15.0        5   33   49.8
 14  00 20      3   19   29.4      1    2    7.2        4   21   36.6
 15  00 55      3   22   31.2      1    2    7.2        4   24   38.4
 16  00 55      2   17   22.2      1    2    7.2        3   19   29.4
 17    -
 18  00 55      2   18   22.8      1    2    7.2        3   20   30.0
 19  00 50      1   11   12.6      0    0    0.0        1   11   12.6
 20  00 27      1    9   11.4      1    1    6.6        2   10   18.0
 21  00 47      1    4    8.4      1    3    7.8        2    7   16.2
 22    -
 23    -
 24  01 20      3    4   20.4      1   22   19.2        4   26   39.6
 25  00 40      2    3   13.8      1   24   20.4        3   27   34.2
 26    -
 27    -
 28  03 18      2    5   15.0      1   26   21.6        3   31   36.6
 29  00 20      2   11   18.6      1   13   13.8        3   24   32.4
 30    -
 31  00 30      1    6    9.6      2   15   21.0        3   21   30.6

 Monthly Mean            24.2               11.4                 35.6

 --------------------------------------------------------------------

