 January   1994     (k = 0.60)

 Date Time(UT)      North              South                Total
      h  m      g    f     R       g    f     R         g    f     R
  1  01 01      3   66   57.6      2   27   28.2        5   93   85.8
  2  02 10      2   57   46.2      3   46   45.6        5  103   91.8
  3  03 50      1   37   28.2      2   35   33.0        3   72   61.2
  4  00 40      2   64   50.4      2   55   45.0        4  119   95.4
  5  00 55      2   80   60.0      2   53   43.8        4  133  103.8
  6  00 10      4  100   84.0      2   71   54.6        6  171  138.6
  7  00 40      3   46   45.6      3   32   37.2        6   78   82.8
  8  02 50      3   43   43.8      3   15   27.0        6   58   70.8
  9  00 55      3   51   48.6      3    9   23.4        6   60   72.0
 10    -
 11    -
 12  02 00      2   78   58.8      0    0    0.0        2   78   58.8
 13    -
 14    -
 15  01 25      3   10   24.0      2    8   16.8        5   18   40.8
 16  01 00      2    4   14.4      2    3   13.8        4    7   28.2
 17  00 25      2   11   18.6      0    0    0.0        2   11   18.6
 18  00 15      2   12   19.2      0    0    0.0        2   12   19.2
 19  01 00      2   15   21.0      0    0    0.0        2   15   21.0
 20  01 05      3   24   32.4      0    0    0.0        3   24   32.4
 21    -
 22  00 55      4   57   58.2      0    0    0.0        4   57   58.2
 22  23 57      4   32   43.2      0    0    0.0        4   32   43.2
 24  00 45      5   59   65.4      1    4    8.4        6   63   73.8
 25  00 55      5   57   64.2      1    1    6.6        6   58   70.8
 26  00 35      5   58   64.8      1    5    9.0        6   63   73.8
 27  00 30      4   34   44.4      2    2   13.2        6   36   57.6
 28    -
 29  05 50      2    7   16.2      2    8   16.8        4   15   33.0
 30  01 51      3    6   21.6      4   15   33.0        7   21   54.6
 31  00 40      2    3   13.8      2   16   21.6        4   19   35.4

 Monthly Mean            41.8               19.1                 60.9

 --------------------------------------------------------------------

 February  1994     (k = 0.60)

 Date Time(UT)      North              South                Total
      h  m      g    f     R       g    f     R         g    f     R
  1    -
  2  00 40      2   12   19.2      2   11   18.6        4   23   37.8
  3  00 25      3   11   24.6      1    3    7.8        4   14   32.4
  4  00 50      3   20   30.0      1    4    8.4        4   24   38.4
  5  00 55      2   16   21.6      1    5    9.0        3   21   30.6
  6  00 50      2   20   24.0      3   12   25.2        5   32   49.2
  7  02 10      2   14   20.4      2   39   35.4        4   53   55.8
  8  00 35      3   10   24.0      2   16   21.6        5   26   45.6
  9  00 45      3   28   34.8      1   12   13.2        4   40   48.0
 10  02 40      2   21   24.6      1    6    9.6        3   27   34.2
 11  00 25      2   19   23.4      0    0    0.0        2   19   23.4
 12    -
 13  01 30      4   18   34.8      0    0    0.0        4   18   34.8
 14  01 15      5   23   43.8      0    0    0.0        5   23   43.8
 15  00 50      6   20   48.0      0    0    0.0        6   20   48.0
 16  00 50      5   16   39.6      0    0    0.0        5   16   39.6
 17  00 45      6   18   46.8      0    0    0.0        6   18   46.8
 18  00 50      5   19   41.4      0    0    0.0        5   19   41.4
 19  00 45      2   17   22.2      0    0    0.0        2   17   22.2
 20  00 20      2   17   22.2      1    2    7.2        3   19   29.4
 21    -
 22  01 00      1    4    8.4      1    3    7.8        2    7   16.2
 23  00 35      2   14   20.4      1    3    7.8        3   17   28.2
 24  00 35      2   18   22.8      1    9   11.4        3   27   34.2
 25  00 35      1    7   10.2      3   11   24.6        4   18   34.8
 26  00 00      2    9   17.4      2    4   14.4        4   13   31.8
 27  00 09      1    7   10.2      3   12   25.2        4   19   35.4
 28  02 35      1    2    7.2      3   26   33.6        4   28   40.8




 Monthly Mean            25.7               11.2                 36.9

 --------------------------------------------------------------------

 March     1994     (k = 0.60)

 Date Time(UT)      North              South                Total
      h  m      g    f     R       g    f     R         g    f     R
  1  00 40      1    1    6.6      3   37   40.2        4   38   46.8
  2  00 40      0    0    0.0      4   39   47.4        4   39   47.4
  3  00 35      0    0    0.0      5   77   76.2        5   77   76.2
  4  00 50      0    0    0.0      5   52   61.2        5   52   61.2
  5  00 45      0    0    0.0      5   44   56.4        5   44   56.4
  5  23 20      1    7   10.2      4   47   52.2        5   54   62.4
  7    -
  8    -
  9    -
 10    -
 11  01 30      1    2    7.2      2   14   20.4        3   16   27.6
 12  03 05      1    3    7.8      1    5    9.0        2    8   16.8
 13    -
 14  03 20      1   12   13.2      0    0    0.0        1   12   13.2
 15  00 15      2   13   19.8      0    0    0.0        2   13   19.8
 16  00 15      2   16   21.6      0    0    0.0        2   16   21.6
 17  02 20      3   20   30.0      0    0    0.0        3   20   30.0
 18  01 55      2    7   16.2      0    0    0.0        2    7   16.2
 19  02 00      3    6   21.6      0    0    0.0        3    6   21.6
 20    -
 21  01 35      2    6   15.6      0    0    0.0        2    6   15.6
 22    -
 23    -
 24  01 35      3   16   27.6      1    2    7.2        4   18   34.8
 25  00 55      2    5   15.0      2   10   18.0        4   15   33.0
 26  01 14      2    6   15.6      1    3    7.8        3    9   23.4
 27  00 15      0    0    0.0      1    9   11.4        1    9   11.4
 28  00 35      0    0    0.0      1   14   14.4        1   14   14.4
 29  01 00      0    0    0.0      1   16   15.6        1   16   15.6
 30  00 40      0    0    0.0      3   19   29.4        3   19   29.4
 31  00 25      0    0    0.0      2   16   21.6        2   16   21.6

 Monthly Mean             9.9               21.2                 31.1

 --------------------------------------------------------------------

 April     1994     (k = 0.60)

 Date Time(UT)      North              South                Total
      h  m      g    f     R       g    f     R         g    f     R
  1  00 30      0    0    0.0      2   10   18.0        2   10   18.0
  2  02 10      0    0    0.0      0    0    0.0        0    0    0.0
  3  00 30      0    0    0.0      0    0    0.0        0    0    0.0
  4  00 50      0    0    0.0      0    0    0.0        0    0    0.0
  5  00 40      0    0    0.0      0    0    0.0        0    0    0.0
  6  00 50      0    0    0.0      1    1    6.6        1    1    6.6
  7  00 25      0    0    0.0      0    0    0.0        0    0    0.0
  8  00 00      0    0    0.0      0    0    0.0        0    0    0.0
  9  00 45      1    2    7.2      0    0    0.0        1    2    7.2
 10  01 15      1    2    7.2      0    0    0.0        1    2    7.2
 11  00 40      1    9   11.4      0    0    0.0        1    9   11.4
 12  00 15      1    7   10.2      0    0    0.0        1    7   10.2
 13  01 15      1   12   13.2      0    0    0.0        1   12   13.2
 14  00 20      1   14   14.4      0    0    0.0        1   14   14.4
 15  00 25      2   11   18.6      0    0    0.0        2   11   18.6
 16  00 12      2    4   14.4      0    0    0.0        2    4   14.4
 17  00 23      2    5   15.0      0    0    0.0        2    5   15.0
 17  23 50      2    4   14.4      1    1    6.6        3    5   21.0
 19  00 55      1    3    7.8      1    1    6.6        2    4   14.4
 19  23 30      2    5   15.0      1    3    7.8        3    8   22.8
 20  23 40      2    8   16.8      1   13   13.8        3   21   30.6
 21  23 40      3   40   42.0      0    0    0.0        3   40   42.0
 23    -
 24  00 00      4   15   33.0      1    4    8.4        5   19   41.4
 25  01 30      3    7   22.2      1    1    6.6        4    8   28.8
 26  00 40      4   10   30.0      1    7   10.2        5   17   40.2
 27  03 10      3    7   22.2      1    2    7.2        4    9   29.4
 28  01 30      2    3   13.8      1    2    7.2        3    5   21.0
 29  01 35      1    2    7.2      2    8   16.8        3   10   24.0
 30  00 28      0    0    0.0      2    5   15.0        2    5   15.0


 Monthly Mean            11.6                4.5                 16.1

 --------------------------------------------------------------------

 May       1994     (k = 0.60)

 Date Time(UT)      North              South                Total
      h  m      g    f     R       g    f     R         g    f     R
  1    -
  2    -
  3    -
  4    -
  5    -
  6  00 40      0    0    0.0      1    5    9.0        1    5    9.0
  7  00 00      0    0    0.0      1   14   14.4        1   14   14.4
  8  00 35      0    0    0.0      2   17   22.2        2   17   22.2
  9  00 40      0    0    0.0      1   18   16.8        1   18   16.8
 10  00 15      1    1    6.6      1    7   10.2        2    8   16.8
 11    -
 12    -
 13  00 50      2   20   24.0      1    1    6.6        3   21   30.6
 14  00 40      3   13   25.8      0    0    0.0        3   13   25.8
 15    -
 16  00 45      3   23   31.8      0    0    0.0        3   23   31.8
 17  00 00      3   28   34.8      1    1    6.6        4   29   41.4
 18  03 25      3   30   36.0      0    0    0.0        3   30   36.0
 19  02 00      4   25   39.0      0    0    0.0        4   25   39.0
 20  02 35      2   17   22.2      0    0    0.0        2   17   22.2
 20  23 40      2   31   30.6      0    0    0.0        2   31   30.6
 22  01 00      2   21   24.6      0    0    0.0        2   21   24.6
 23  00 20      2   14   20.4      0    0    0.0        2   14   20.4
 24  00 10      1    3    7.8      0    0    0.0        1    3    7.8
 24  23 40      0    0    0.0      0    0    0.0        0    0    0.0
 25  23 40      0    0    0.0      0    0    0.0        0    0    0.0
 27  04 55      0    0    0.0      0    0    0.0        0    0    0.0
 28  02 50      0    0    0.0      0    0    0.0        0    0    0.0
 28  23 20      0    0    0.0      0    0    0.0        0    0    0.0
 30  00 45      0    0    0.0      0    0    0.0        0    0    0.0
 31  00 50      0    0    0.0      0    0    0.0        0    0    0.0

 Monthly Mean            13.2                3.7                 16.9

 --------------------------------------------------------------------

 June      1994     (k = 0.60)

 Date Time(UT)      North              South                Total
      h  m      g    f     R       g    f     R         g    f     R
  1    -
  2  00 50      0    0    0.0      0    0    0.0        0    0    0.0
  3  00 15      0    0    0.0      0    0    0.0        0    0    0.0
  4  00 15      0    0    0.0      0    0    0.0        0    0    0.0
  5  02 35      0    0    0.0      0    0    0.0        0    0    0.0
  6  01 00      0    0    0.0      0    0    0.0        0    0    0.0
  7    -
  8  00 20      1    3    7.8      2    9   17.4        3   12   25.2
  9    -
 10  00 40      2   15   21.0      2   18   22.8        4   33   43.8
 10  23 30      3   26   33.6      2   32   31.2        5   58   64.8
 12    -
 13    -
 14  03 30      3   11   24.6      2   33   31.8        5   44   56.4
 15  00 30      3   19   29.4      2   23   25.8        5   42   55.2
 16  00 35      2   21   24.6      2   19   23.4        4   40   48.0
 17  01 00      2   16   21.6      2   13   19.8        4   29   41.4
 18    -
 19    -
 20    -
 21    -
 22  00 35      0    0    0.0      1    4    8.4        1    4    8.4
 23    -
 24    -
 25    -
 26  00 27      0    0    0.0      2    3   13.8        2    3   13.8
 27  00 55      1    3    7.8      1    3    7.8        2    6   15.6
 28    -
 29    -
 30    -


 Monthly Mean            11.4               13.5                 24.8

 --------------------------------------------------------------------

 July      1994     (k = 0.60)

 Date Time(UT)      North              South                Total
      h  m      g    f     R       g    f     R         g    f     R
  1    -
  2  01 00      1    4    8.4      2   33   31.8        3   37   40.2
  3  00 20      2    9   17.4      1   37   28.2        3   46   45.6
  4  00 50      2    8   16.8      2   35   33.0        4   43   49.8
  5  01 05      1   14   14.4      1   18   16.8        2   32   31.2
  6  00 25      1   16   15.6      1   13   13.8        2   29   29.4
  7  05 55      2   26   27.6      2   13   19.8        4   39   47.4
  8  00 15      1   21   18.6      3   39   41.4        4   60   60.0
  9    -
 10    -
 11  01 10      1   23   19.8      4   40   48.0        5   63   67.8
 12  00 15      1   15   15.0      5   26   45.6        6   41   60.6
 13  01 45      1    8   10.8      5   20   42.0        6   28   52.8
 14  01 15      2    5   15.0      2    5   15.0        4   10   30.0
 15  00 20      3    6   21.6      3   23   31.8        6   29   53.4
 16  02 30      1    8   10.8      3   16   27.6        4   24   38.4
 17  00 55      2   10   18.0      3   30   36.0        5   40   54.0
 18    -
 19  01 20      1    9   11.4      2    6   15.6        3   15   27.0
 20  00 40      1    8   10.8      2    7   16.2        3   15   27.0
 20  23 55      1   11   12.6      2    7   16.2        3   18   28.8
 22  03 45      1    7   10.2      1    1    6.6        2    8   16.8
 23  00 15      1    7   10.2      0    0    0.0        1    7   10.2
 23  23 50      1   10   12.0      0    0    0.0        1   10   12.0
 25  00 10      1   10   12.0      0    0    0.0        1   10   12.0
 26  00 00      1    2    7.2      1    1    6.6        2    3   13.8
 27  00 25      2    3   13.8      1    1    6.6        3    4   20.4
 28  00 00      2    3   13.8      0    0    0.0        2    3   13.8
 29    -
 30  03 26      1    2    7.2      1    2    7.2        2    4   14.4
 31  00 40      0    0    0.0      1    3    7.8        1    3    7.8

 Monthly Mean            13.5               19.8                 33.3

 --------------------------------------------------------------------

 August    1994     (k = 0.60)

 Date Time(UT)      North              South                Total
      h  m      g    f     R       g    f     R         g    f     R
  1  00 00      0    0    0.0      1    2    7.2        1    2    7.2
  2  00 10      0    0    0.0      1    2    7.2        1    2    7.2
  3  00 10      1    6    9.6      1    4    8.4        2   10   18.0
  4  00 00      1   16   15.6      1    1    6.6        2   17   22.2
  5  00 10      2   20   24.0      0    0    0.0        2   20   24.0
  6  00 18      2   21   24.6      0    0    0.0        2   21   24.6
  7  00 30      1   12   13.2      0    0    0.0        1   12   13.2
  8  00 30      1   11   12.6      0    0    0.0        1   11   12.6
  9  00 40      1    8   10.8      1    1    6.6        2    9   17.4
 10  00 50      1   16   15.6      0    0    0.0        1   16   15.6
 11  01 00      1   15   15.0      2    3   13.8        3   18   28.8
 12  01 25      1    2    7.2      2    5   15.0        3    7   22.2
 13  01 02      1    2    7.2      2   33   31.8        3   35   39.0
 14  00 10      1    2    7.2      2   38   34.8        3   40   42.0
 15  00 15      1   11   12.6      2   35   33.0        3   46   45.6
 16  00 15      1    6    9.6      3   34   38.4        4   40   48.0
 17  00 10      1   10   12.0      3   31   36.6        4   41   48.6
 18  00 10      0    0    0.0      4   23   37.8        4   23   37.8
 19  00 00      0    0    0.0      4   42   49.2        4   42   49.2
 20  02 27      0    0    0.0      3   14   26.4        3   14   26.4
 21    -
 22    -
 23  02 40      1    3    7.8      2   10   18.0        3   13   25.8
 24  00 05      0    0    0.0      2   12   19.2        2   12   19.2
 25  03 30      0    0    0.0      1    6    9.6        1    6    9.6
 26  00 20      0    0    0.0      1    7   10.2        1    7   10.2
 27  00 02      0    0    0.0      2    7   16.2        2    7   16.2
 27  23 43      0    0    0.0      2   10   18.0        2   10   18.0
 29  00 35      1    2    7.2      0    0    0.0        1    2    7.2
 30  00 40      1    2    7.2      1    6    9.6        2    8   16.8
 31  00 40      1    2    7.2      2   24   26.4        3   26   33.6

 Monthly Mean             7.8               16.6                 24.4

 --------------------------------------------------------------------

 September 1994     (k = 0.60)

 Date Time(UT)      North              South                Total
      h  m      g    f     R       g    f     R         g    f     R
  1  00 35      1    2    7.2      2   51   42.6        3   53   49.8
  2  00 45      2    6   15.6      2   53   43.8        4   59   59.4
  3  01 40      3    8   22.8      3   46   45.6        6   54   68.4
  4  00 30      2    9   17.4      2   32   31.2        4   41   48.6
  5  00 10      2   11   18.6      2   38   34.8        4   49   53.4
  6  00 05      2   14   20.4      3   45   45.0        5   59   65.4
  7  00 05      2   23   25.8      3   40   42.0        5   63   67.8
  8  01 10      2   19   23.4      2   26   27.6        4   45   51.0
  9  00 05      2   17   22.2      2   16   21.6        4   33   43.8
 10  00 10      2    5   15.0      2   10   18.0        4   15   33.0
 11  00 00      1    2    7.2      2    5   15.0        3    7   22.2
 12  00 50      0    0    0.0      2    6   15.6        2    6   15.6
 13    -
 14    -
 15    -
 16    -
 17  01 00      1    7   10.2      0    0    0.0        1    7   10.2
 18    -
 19    -
 20  00 50      0    0    0.0      0    0    0.0        0    0    0.0
 21  00 35      0    0    0.0      0    0    0.0        0    0    0.0
 22    -
 23  00 50      0    0    0.0      1    6    9.6        1    6    9.6
 24    -
 25  04 15      0    0    0.0      1   17   16.2        1   17   16.2
 26  00 25      1    7   10.2      1   14   14.4        2   21   24.6
 27    -
 28    -
 29    -
 30  00 45      0    0    0.0      2    3   13.8        2    3   13.8


 Monthly Mean            11.4               23.0                 34.4

 --------------------------------------------------------------------

 October   1994     (k = 0.60)

 Date Time(UT)      North              South                Total
      h  m      g    f     R       g    f     R         g    f     R
  1  02 20      0    0    0.0      2    4   14.4        2    4   14.4
  2  06 10      0    0    0.0      2    4   14.4        2    4   14.4
  3  00 00      0    0    0.0      2    4   14.4        2    4   14.4
  4    -
  5  00 00      0    0    0.0      3    9   23.4        3    9   23.4
  6  00 20      1    2    7.2      4   19   35.4        5   21   42.6
  7  00 10      1   15   15.0      4   29   41.4        5   44   56.4
  8    -
  9  03 25      2   24   26.4      2   16   21.6        4   40   48.0
 10    -
 11    -
 12    -
 13    -
 14  00 35      4   54   56.4      1   14   14.4        5   68   70.8
 15  01 45      4   41   48.6      1    8   10.8        5   49   59.4
 16  00 00      3   63   55.8      1    2    7.2        4   65   63.0
 17    -
 17  23 45      2   61   48.6      3   17   28.2        5   78   76.8
 19  00 05      2   55   45.0      2   13   19.8        4   68   64.8
 20  03 35      3   41   42.6      2   21   24.6        5   62   67.2
 21    -
 22    -
 23  01 50      1   16   15.6      1   19   17.4        2   35   33.0
 24  00 45      2    9   17.4      1   17   16.2        3   26   33.6
 25    -
 26    -
 27  02 00      1   21   18.6      4   25   39.0        5   46   57.6
 28    -
 29    -
 30    -
 31  04 35      1   24   20.4      3   12   25.2        4   36   45.6

 Monthly Mean            24.6               21.6                 46.2

 --------------------------------------------------------------------

 November  1994     (k = 0.60)

 Date Time(UT)      North              South                Total
      h  m      g    f     R       g    f     R         g    f     R
  1  00 25      1   31   24.6      4   16   33.6        5   47   58.2
  2  00 10      1   21   18.6      4   20   36.0        5   41   54.6
  3    -
  4  00 25      1   12   13.2      2   10   18.0        3   22   31.2
  5    -
  6    -
  7    -
  8  02 25      1    2    7.2      1    2    7.2        2    4   14.4
  9  00 45      1    2    7.2      2    4   14.4        3    6   21.6
 10  00 20      1    4    8.4      2    5   15.0        3    9   23.4
 11  03 50      1    5    9.0      3    3   19.8        4    8   28.8
 12  00 10      3    5   21.0      0    0    0.0        3    5   21.0
 13  01 40      0    0    0.0      0    0    0.0        0    0    0.0
 14    -
 15  00 45      0    0    0.0      0    0    0.0        0    0    0.0
 16  01 10      0    0    0.0      2    5   15.0        2    5   15.0
 17  02 40      0    0    0.0      2    4   14.4        2    4   14.4
 18  00 30      0    0    0.0      2    7   16.2        2    7   16.2
 19  01 30      0    0    0.0      2    4   14.4        2    4   14.4
 20  05 25      0    0    0.0      1    1    6.6        1    1    6.6
 21  01 20      1    2    7.2      0    0    0.0        1    2    7.2
 22    -
 23  04 45      1    2    7.2      0    0    0.0        1    2    7.2
 24  03 50      1    4    8.4      0    0    0.0        1    4    8.4
 25  00 30      0    0    0.0      1    2    7.2        1    2    7.2
 26    -
 27  01 15      0    0    0.0      1   30   24.0        1   30   24.0
 28    -
 29  01 25      0    0    0.0      2   10   18.0        2   10   18.0
 30  00 40      0    0    0.0      1    7   10.2        1    7   10.2


 Monthly Mean             6.0               12.3                 18.3

 --------------------------------------------------------------------

 December  1994     (k = 0.60)

 Date Time(UT)      North              South                Total
      h  m      g    f     R       g    f     R         g    f     R
  1  02 00      0    0    0.0      1    5    9.0        1    5    9.0
  2  02 40      0    0    0.0      1    3    7.8        1    3    7.8
  3  00 10      0    0    0.0      0    0    0.0        0    0    0.0
  4  02 15      0    0    0.0      1    2    7.2        1    2    7.2
  5  01 05      0    0    0.0      2    6   15.6        2    6   15.6
  6  00 40      0    0    0.0      1    5    9.0        1    5    9.0
  7  01 30      0    0    0.0      2    8   16.8        2    8   16.8
  8  00 50      0    0    0.0      2    9   17.4        2    9   17.4
  9    -
 10  00 45      0    0    0.0      3   15   27.0        3   15   27.0
 11    -
 12    -
 13  00 05      0    0    0.0      2   64   50.4        2   64   50.4
 14  01 15      0    0    0.0      1   50   36.0        1   50   36.0
 15  00 35      0    0    0.0      1   41   30.6        1   41   30.6
 16  00 45      0    0    0.0      1   30   24.0        1   30   24.0
 17  01 10      1    2    7.2      1   18   16.8        2   20   24.0
 18  01 35      1   14   14.4      1    2    7.2        2   16   21.6
 19  01 00      1    3    7.8      2    8   16.8        3   11   24.6
 20  03 20      1    3    7.8      2    5   15.0        3    8   22.8
 21  00 45      1    4    8.4      1    2    7.2        2    6   15.6
 22  00 45      3   21   30.6      1    1    6.6        4   22   37.2
 23  00 35      1   15   15.0      1    2    7.2        2   17   22.2
 24  00 30      1   11   12.6      1    1    6.6        2   12   19.2
 25  01 00      1    6    9.6      3    7   22.2        4   13   31.8
 26  00 15      1    6    9.6      3   20   30.0        4   26   39.6
 27  02 05      1    9   11.4      4   15   33.0        5   24   44.4
 28    -
 29  01 22      0    0    0.0      2   12   19.2        2   12   19.2
 30  03 45      0    0    0.0      1    2    7.2        1    2    7.2
 31  06 03      0    0    0.0      1    2    7.2        1    2    7.2

 Monthly Mean             5.0               16.8                 21.8

 --------------------------------------------------------------------

