 January   1995     (k = 0.60)

 Date Time(UT)      North              South                Total
      h  m      g    f     R       g    f     R         g    f     R
  1  02 00      1    1    6.6      0    0    0.0        1    1    6.6
  2  02 30      0    0    0.0      0    0    0.0        0    0    0.0
  3  00 20      0    0    0.0      1    6    9.6        1    6    9.6
  4    -
  5  01 50      2    6   15.6      0    0    0.0        2    6   15.6
  6  01 00      1    4    8.4      1    2    7.2        2    6   15.6
  7  00 40      1    1    6.6      0    0    0.0        1    1    6.6
  8  01 25      0    0    0.0      0    0    0.0        0    0    0.0
  9  01 10      0    0    0.0      0    0    0.0        0    0    0.0
 10  00 10      0    0    0.0      0    0    0.0        0    0    0.0
 11  00 10      0    0    0.0      0    0    0.0        0    0    0.0
 12  00 20      0    0    0.0      2    2   13.2        2    2   13.2
 13  00 25      0    0    0.0      1    1    6.6        1    1    6.6
 14  05 12      0    0    0.0      1    8   10.8        1    8   10.8
 15  01 05      0    0    0.0      1    8   10.8        1    8   10.8
 16  00 25      0    0    0.0      1   10   12.0        1   10   12.0
 17  00 35      0    0    0.0      1   15   15.0        1   15   15.0
 18  00 45      1    1    6.6      3   22   31.2        4   23   37.8
 19  00 35      0    0    0.0      3   28   34.8        3   28   34.8
 20  01 40      3   12   25.2      2   31   30.6        5   43   55.8
 21  00 45      2   15   21.0      3   32   37.2        5   47   58.2
 22    -
 23  01 10      1   33   25.8      3   32   37.2        4   65   63.0
 24  02 00      1   31   24.6      4   25   39.0        5   56   63.6
 25  00 25      1   32   25.2      4   29   41.4        5   61   66.6
 26  00 10      1   27   22.2      3   22   31.2        4   49   53.4
 27  00 30      1   12   13.2      2   14   20.4        3   26   33.6
 28  00 05      1    5    9.0      3    4   20.4        4    9   29.4
 29  00 05      1    3    7.8      1    2    7.2        2    5   15.0
 30  00 40      1    2    7.2      2   15   21.0        3   17   28.2
 31  01 05      0    0    0.0      3   22   31.2        3   22   31.2

 Monthly Mean             7.8               16.1                 23.9

 --------------------------------------------------------------------

 February  1995     (k = 0.60)

 Date Time(UT)      North              South                Total
      h  m      g    f     R       g    f     R         g    f     R
  1  02 15      0    0    0.0      3   28   34.8        3   28   34.8
  2  00 40      0    0    0.0      5   25   45.0        5   25   45.0
  3  00 25      0    0    0.0      4   31   42.6        4   31   42.6
  4    -
  5    -
  6  00 45      1    4    8.4      2   18   22.8        3   22   31.2
  7  00 40      1    2    7.2      2   24   26.4        3   26   33.6
  8  00 45      0    0    0.0      1   10   12.0        1   10   12.0
  9    -
 10  00 50      2    4   14.4      1    2    7.2        3    6   21.6
 11  00 20      2    3   13.8      1    1    6.6        3    4   20.4
 12  00 25      1    2    7.2      0    0    0.0        1    2    7.2
 13  00 25      1    2    7.2      1    1    6.6        2    3   13.8
 14    -
 15  01 30      1    3    7.8      1    2    7.2        2    5   15.0
 16  02 40      1    2    7.2      2    5   15.0        3    7   22.2
 17  00 30      2    4   14.4      1    7   10.2        3   11   24.6
 18  01 45      1    2    7.2      1   12   13.2        2   14   20.4
 19  01 50      2    6   15.6      1   36   27.6        3   42   43.2
 20  03 20      2   13   19.8      1   41   30.6        3   54   50.4
 21  00 50      2    9   17.4      1   42   31.2        3   51   48.6
 22  00 10      2   14   20.4      1   44   32.4        3   58   52.8
 23  00 45      1    8   10.8      2   26   27.6        3   34   38.4
 23  23 55      1   14   14.4      2    8   16.8        3   22   31.2
 25    -
 26    -
 27  00 45      1    2    7.2      2   20   24.0        3   22   31.2
 28  00 50      0    0    0.0      3   34   38.4        3   34   38.4




 Monthly Mean             9.1               21.7                 30.8

 --------------------------------------------------------------------

 March     1995     (k = 0.60)

 Date Time(UT)      North              South                Total
      h  m      g    f     R       g    f     R         g    f     R
  1  04 35      0    0    0.0      4   36   45.6        4   36   45.6
  2  00 10      0    0    0.0      4   40   48.0        4   40   48.0
  3  03 25      0    0    0.0      4   49   53.4        4   49   53.4
  4    -
  5  00 55      0    0    0.0      5   49   59.4        5   49   59.4
  6  01 05      0    0    0.0      3   31   36.6        3   31   36.6
  7  00 40      0    0    0.0      3   24   32.4        3   24   32.4
  8  00 10      0    0    0.0      3   18   28.8        3   18   28.8
  9  00 30      0    0    0.0      2    7   16.2        2    7   16.2
 10    -
 11  01 30      0    0    0.0      0    0    0.0        0    0    0.0
 12  01 10      0    0    0.0      2    2   13.2        2    2   13.2
 13  00 05      0    0    0.0      1    1    6.6        1    1    6.6
 14  00 00      1    2    7.2      0    0    0.0        1    2    7.2
 15  03 30      0    0    0.0      2   14   20.4        2   14   20.4
 16    -
 17    -
 18    -
 19    -
 20  01 45      2    5   15.0      1   26   21.6        3   31   36.6
 21  00 09      2   16   21.6      1   23   19.8        3   39   41.4
 22  01 05      2   18   22.8      1   34   26.4        3   52   49.2
 23    -
 24    -
 25    -
 26    -
 27  01 00      1    4    8.4      2   20   24.0        3   24   32.4
 28  01 35      0    0    0.0      1   22   19.2        1   22   19.2
 29    -
 30    -
 31    -

 Monthly Mean             4.2               26.2                 30.4

 --------------------------------------------------------------------

 April     1995     (k = 0.60)

 Date Time(UT)      North              South                Total
      h  m      g    f     R       g    f     R         g    f     R
  1    -
  2  03 10      0    0    0.0      1    5    9.0        1    5    9.0
  3  00 10      0    0    0.0      2   12   19.2        2   12   19.2
  4  01 05      0    0    0.0      2    6   15.6        2    6   15.6
  5  00 00      0    0    0.0      0    0    0.0        0    0    0.0
  6  00 05      0    0    0.0      0    0    0.0        0    0    0.0
  7  03 15      0    0    0.0      0    0    0.0        0    0    0.0
  8  00 30      0    0    0.0      0    0    0.0        0    0    0.0
  9    -
 10  00 15      0    0    0.0      0    0    0.0        0    0    0.0
 11    -
 12  04 30      0    0    0.0      1   17   16.2        1   17   16.2
 13  00 00      0    0    0.0      1   30   24.0        1   30   24.0
 14    -
 15  00 50      1    8   10.8      1   30   24.0        2   38   34.8
 16  04 55      1   20   18.0      1   62   43.2        2   82   61.2
 17  00 30      1   23   19.8      1   42   31.2        2   65   51.0
 18  01 00      1   14   14.4      1   30   24.0        2   44   38.4
 19  01 50      1   15   15.0      1   25   21.0        2   40   36.0
 20  00 05      2    6   15.6      1   19   17.4        3   25   33.0
 21  01 10      0    0    0.0      1   12   13.2        1   12   13.2
 22  05 36      0    0    0.0      1    4    8.4        1    4    8.4
 23    -
 24  00 30      0    0    0.0      0    0    0.0        0    0    0.0
 25    -
 26  02 20      0    0    0.0      0    0    0.0        0    0    0.0
 27  00 20      0    0    0.0      1    1    6.6        1    1    6.6
 28    -
 29    -
 30    -


 Monthly Mean             4.5               13.0                 17.5

 --------------------------------------------------------------------

 May       1995     (k = 0.60)

 Date Time(UT)      North              South                Total
      h  m      g    f     R       g    f     R         g    f     R
  1    -
  2  03 10      0    0    0.0      0    0    0.0        0    0    0.0
  3    -
  4    -
  5    -
  6  04 21      0    0    0.0      0    0    0.0        0    0    0.0
  7  00 25      0    0    0.0      1    2    7.2        1    2    7.2
  8  03 45      0    0    0.0      1    3    7.8        1    3    7.8
  9  00 05      0    0    0.0      1    4    8.4        1    4    8.4
 10  01 00      0    0    0.0      1    6    9.6        1    6    9.6
 11    -
 12    -
 13  04 30      1   10   12.0      1    8   10.8        2   18   22.8
 14    -
 15    -
 16    -
 17  05 25      1   18   16.8      1   32   25.2        2   50   42.0
 18  00 25      1   29   23.4      1   53   37.8        2   82   61.2
 19  00 40      1   12   13.2      1   34   26.4        2   46   39.6
 20  02 20      1    6    9.6      1   21   18.6        2   27   28.2
 21    -
 22  03 25      0    0    0.0      1    4    8.4        1    4    8.4
 22  23 55      0    0    0.0      0    0    0.0        0    0    0.0
 23  23 55      0    0    0.0      0    0    0.0        0    0    0.0
 24  23 50      0    0    0.0      0    0    0.0        0    0    0.0
 26  02 45      0    0    0.0      0    0    0.0        0    0    0.0
 27  00 18      0    0    0.0      0    0    0.0        0    0    0.0
 28  00 15      1    2    7.2      0    0    0.0        1    2    7.2
 29    -
 29  23 50      1    4    8.4      0    0    0.0        1    4    8.4
 31  01 45      1    1    6.6      0    0    0.0        1    1    6.6

 Monthly Mean             4.9                8.0                 12.9

 --------------------------------------------------------------------

 June      1995     (k = 0.60)

 Date Time(UT)      North              South                Total
      h  m      g    f     R       g    f     R         g    f     R
  1  00 55      1    1    6.6      0    0    0.0        1    1    6.6
  2  01 00      0    0    0.0      0    0    0.0        0    0    0.0
  3    -
  4    -
  5    -
  6  02 20      1    2    7.2      1   19   17.4        2   21   24.6
  7  04 40      1   13   13.8      1    7   10.2        2   20   24.0
  8    -
  9    -
 10    -
 11  00 40      1   29   23.4      0    0    0.0        1   29   23.4
 12    -
 13    -
 14    -
 15  01 15      0    0    0.0      0    0    0.0        0    0    0.0
 16    -
 17  01 01      0    0    0.0      0    0    0.0        0    0    0.0
 18  03 55      1    2    7.2      0    0    0.0        1    2    7.2
 19    -
 20  02 45      1    6    9.6      0    0    0.0        1    6    9.6
 21    -
 22    -
 23    -
 24  00 15      1    5    9.0      0    0    0.0        1    5    9.0
 25    -
 26    -
 27    -
 28  04 20      1    2    7.2      0    0    0.0        1    2    7.2
 29    -
 30  00 40      2   11   18.6      0    0    0.0        2   11   18.6


 Monthly Mean             8.6                2.3                 10.9

 --------------------------------------------------------------------

 July      1995     (k = 0.60)

 Date Time(UT)      North              South                Total
      h  m      g    f     R       g    f     R         g    f     R
  1    -
  2    -
  3    -
  4    -
  5    -
  6    -
  7    -
  8    -
  9    -
 10  00 35      1    2    7.2      1   12   13.2        2   14   20.4
 11  00 00      1    2    7.2      1   13   13.8        2   15   21.0
 12    -
 13  01 10      2    4   14.4      0    0    0.0        2    4   14.4
 14  04 45      1   10   12.0      0    0    0.0        1   10   12.0
 15  00 15      1   23   19.8      0    0    0.0        1   23   19.8
 16    -
 17  04 25      1   31   24.6      0    0    0.0        1   31   24.6
 18    -
 19  01 20      2   14   20.4      0    0    0.0        2   14   20.4
 20  06 15      2   19   23.4      1    3    7.8        3   22   31.2
 21  04 45      1    3    7.8      0    0    0.0        1    3    7.8
 22    -
 23  00 20      1    4    8.4      0    0    0.0        1    4    8.4
 24  00 00      0    0    0.0      0    0    0.0        0    0    0.0
 25  00 00      0    0    0.0      0    0    0.0        0    0    0.0
 26  00 00      0    0    0.0      1    2    7.2        1    2    7.2
 27  00 00      0    0    0.0      1    2    7.2        1    2    7.2
 28  00 00      1    1    6.6      1    2    7.2        2    3   13.8
 29  01 50      0    0    0.0      0    0    0.0        0    0    0.0
 30  02 30      0    0    0.0      0    0    0.0        0    0    0.0
 31  00 00      1    2    7.2      0    0    0.0        1    2    7.2

 Monthly Mean             8.8                3.1                 12.0

 --------------------------------------------------------------------

 August    1995     (k = 0.60)

 Date Time(UT)      North              South                Total
      h  m      g    f     R       g    f     R         g    f     R
  1  00 00      1    9   11.4      0    0    0.0        1    9   11.4
  1  23 50      1   10   12.0      0    0    0.0        1   10   12.0
  3  00 05      1   15   15.0      0    0    0.0        1   15   15.0
  3  23 30      2   11   18.6      0    0    0.0        2   11   18.6
  5  00 30      0    0    0.0      0    0    0.0        0    0    0.0
  6  00 25      2   15   21.0      0    0    0.0        2   15   21.0
  7  01 10      1   18   16.8      1    1    6.6        2   19   23.4
  7  23 25      1   14   14.4      0    0    0.0        1   14   14.4
  8  23 15      1    1    6.6      0    0    0.0        1    1    6.6
 10  03 00      0    0    0.0      0    0    0.0        0    0    0.0
 10  23 50      1    1    6.6      0    0    0.0        1    1    6.6
 12  01 00      0    0    0.0      0    0    0.0        0    0    0.0
 13  02 10      0    0    0.0      1    2    7.2        1    2    7.2
 14  00 00      0    0    0.0      0    0    0.0        0    0    0.0
 14  23 50      0    0    0.0      0    0    0.0        0    0    0.0
 15  23 30      1    9   11.4      1    6    9.6        2   15   21.0
 17  00 40      1    7   10.2      2    4   14.4        3   11   24.6
 18  00 05      0    0    0.0      0    0    0.0        0    0    0.0
 19  00 36      0    0    0.0      0    0    0.0        0    0    0.0
 20  00 41      0    0    0.0      1    2    7.2        1    2    7.2
 20  23 50      0    0    0.0      0    0    0.0        0    0    0.0
 22  01 00      0    0    0.0      0    0    0.0        0    0    0.0
 23  04 00      1    5    9.0      0    0    0.0        1    5    9.0
 24  00 00      1   30   24.0      1    3    7.8        2   33   31.8
 25  00 00      1   13   13.8      1   13   13.8        2   26   27.6
 26  00 40      2   15   21.0      3   11   24.6        5   26   45.6
 27  00 00      2   22   25.2      1    5    9.0        3   27   34.2
 28  00 05      2   17   22.2      0    0    0.0        2   17   22.2
 29  00 05      1    9   11.4      0    0    0.0        1    9   11.4
 29  23 45      1    8   10.8      0    0    0.0        1    8   10.8
 31    -

 Monthly Mean             9.4                3.3                 12.7

 --------------------------------------------------------------------

 September 1995     (k = 0.60)

 Date Time(UT)      North              South                Total
      h  m      g    f     R       g    f     R         g    f     R
  1  00 05      3    8   22.8      0    0    0.0        3    8   22.8
  2  01 50      1    2    7.2      0    0    0.0        1    2    7.2
  3  00 33      1    2    7.2      0    0    0.0        1    2    7.2
  4  04 45      2    3   13.8      0    0    0.0        2    3   13.8
  5  01 05      2    4   14.4      0    0    0.0        2    4   14.4
  6  01 40      1    2    7.2      0    0    0.0        1    2    7.2
  6  23 55      1    2    7.2      0    0    0.0        1    2    7.2
  8  06 50      0    0    0.0      0    0    0.0        0    0    0.0
  9  00 05      0    0    0.0      0    0    0.0        0    0    0.0
 10  01 30      0    0    0.0      0    0    0.0        0    0    0.0
 10  23 40      0    0    0.0      0    0    0.0        0    0    0.0
 12  00 00      0    0    0.0      0    0    0.0        0    0    0.0
 13    -
 14    -
 15    -
 16    -
 17    -
 17  23 50      0    0    0.0      0    0    0.0        0    0    0.0
 19  00 00      1    5    9.0      0    0    0.0        1    5    9.0
 20  02 05      2   14   20.4      0    0    0.0        2   14   20.4
 21  01 55      2   16   21.6      0    0    0.0        2   16   21.6
 22  00 45      2   13   19.8      1    2    7.2        3   15   27.0
 23    -
 24    -
 25  00 05      2    6   15.6      1    2    7.2        3    8   22.8
 26    -
 27  02 45      2    4   14.4      1    5    9.0        3    9   23.4
 28  00 45      2    2   13.2      1    1    6.6        3    3   19.8
 29  00 25      1    1    6.6      0    0    0.0        1    1    6.6
 30    -


 Monthly Mean             9.5                1.4                 11.0

 --------------------------------------------------------------------

 October   1995     (k = 0.60)

 Date Time(UT)      North              South                Total
      h  m      g    f     R       g    f     R         g    f     R
  1  01 00      0    0    0.0      0    0    0.0        0    0    0.0
  2  00 35      0    0    0.0      0    0    0.0        0    0    0.0
  3  00 15      0    0    0.0      0    0    0.0        0    0    0.0
  4  00 25      0    0    0.0      0    0    0.0        0    0    0.0
  5    -
  6    -
  7  00 15      0    0    0.0      0    0    0.0        0    0    0.0
  8  00 10      0    0    0.0      0    0    0.0        0    0    0.0
  9  00 10      0    0    0.0      0    0    0.0        0    0    0.0
 10  00 10      0    0    0.0      0    0    0.0        0    0    0.0
 11    -
 12  00 27      0    0    0.0      0    0    0.0        0    0    0.0
 13  00 25      0    0    0.0      0    0    0.0        0    0    0.0
 14  07 00      0    0    0.0      1    2    7.2        1    2    7.2
 15  00 10      0    0    0.0      1    9   11.4        1    9   11.4
 16  00 10      1    4    8.4      1    5    9.0        2    9   17.4
 17    -
 18    -
 19  00 15      2   16   21.6      0    0    0.0        2   16   21.6
 20    -
 21  00 15      3   42   43.2      0    0    0.0        3   42   43.2
 22  03 30      3   99   77.4      1    1    6.6        4  100   84.0
 23  00 15      3  104   80.4      0    0    0.0        3  104   80.4
 24  00 10      3   88   70.8      0    0    0.0        3   88   70.8
 25  00 10      3   72   61.2      0    0    0.0        3   72   61.2
 26    -
 27  01 33      3   20   30.0      0    0    0.0        3   20   30.0
 28  00 20      3    5   21.0      0    0    0.0        3    5   21.0
 29  00 50      1    2    7.2      0    0    0.0        1    2    7.2
 30    -
 31  02 20      0    0    0.0      0    0    0.0        0    0    0.0

 Monthly Mean            18.3                1.5                 19.8

 --------------------------------------------------------------------

 November  1995     (k = 0.60)

 Date Time(UT)      North              South                Total
      h  m      g    f     R       g    f     R         g    f     R
  1  00 25      0    0    0.0      0    0    0.0        0    0    0.0
  2  00 00      0    0    0.0      0    0    0.0        0    0    0.0
  2  23 40      0    0    0.0      1    2    7.2        1    2    7.2
  4  00 35      0    0    0.0      0    0    0.0        0    0    0.0
  5  00 00      0    0    0.0      1    1    6.6        1    1    6.6
  6  00 00      0    0    0.0      1    2    7.2        1    2    7.2
  7  00 05      0    0    0.0      1    2    7.2        1    2    7.2
  8  00 20      0    0    0.0      1    2    7.2        1    2    7.2
  9  00 05      0    0    0.0      1    3    7.8        1    3    7.8
 10  00 00      0    0    0.0      1    8   10.8        1    8   10.8
 11  00 21      1    3    7.8      2   11   18.6        3   14   26.4
 12  01 55      0    0    0.0      1    4    8.4        1    4    8.4
 13  00 00      0    0    0.0      2    3   13.8        2    3   13.8
 14  01 45      0    0    0.0      1    3    7.8        1    3    7.8
 15  02 05      0    0    0.0      2    7   16.2        2    7   16.2
 16    -
 17  01 20      1    7   10.2      3    5   21.0        4   12   31.2
 18  00 25      1    5    9.0      2    3   13.8        3    8   22.8
 19  01 04      1    6    9.6      0    0    0.0        1    6    9.6
 20    -
 21  02 30      1    4    8.4      0    0    0.0        1    4    8.4
 22    -
 23  05 00      1    1    6.6      0    0    0.0        1    1    6.6
 24  04 00      0    0    0.0      0    0    0.0        0    0    0.0
 25  02 15      0    0    0.0      0    0    0.0        0    0    0.0
 26  03 00      0    0    0.0      0    0    0.0        0    0    0.0
 27  00 20      0    0    0.0      0    0    0.0        0    0    0.0
 28  00 05      0    0    0.0      0    0    0.0        0    0    0.0
 29  00 35      1    6    9.6      0    0    0.0        1    6    9.6
 30  01 00      1    5    9.0      0    0    0.0        1    5    9.0


 Monthly Mean             2.6                5.7                  8.3

 --------------------------------------------------------------------

 December  1995     (k = 0.60)

 Date Time(UT)      North              South                Total
      h  m      g    f     R       g    f     R         g    f     R
  1  00 00      1    8   10.8      0    0    0.0        1    8   10.8
  2  00 20      1    4    8.4      0    0    0.0        1    4    8.4
  3  01 29      1    3    7.8      0    0    0.0        1    3    7.8
  4  01 55      1    2    7.2      1    2    7.2        2    4   14.4
  5  00 40      1    1    6.6      1    2    7.2        2    3   13.8
  6  00 40      0    0    0.0      1    5    9.0        1    5    9.0
  7  00 40      0    0    0.0      1    3    7.8        1    3    7.8
  8  00 35      0    0    0.0      1    2    7.2        1    2    7.2
  9  00 05      0    0    0.0      1    5    9.0        1    5    9.0
 10  00 10      0    0    0.0      2    4   14.4        2    4   14.4
 11  00 45      0    0    0.0      2    5   15.0        2    5   15.0
 12  00 50      0    0    0.0      1    8   10.8        1    8   10.8
 13  00 30      0    0    0.0      1    5    9.0        1    5    9.0
 14  01 05      0    0    0.0      1    4    8.4        1    4    8.4
 15  00 40      0    0    0.0      1    2    7.2        1    2    7.2
 16  01 48      0    0    0.0      0    0    0.0        0    0    0.0
 17  01 27      0    0    0.0      0    0    0.0        0    0    0.0
 18  00 30      0    0    0.0      0    0    0.0        0    0    0.0
 19  03 55      0    0    0.0      0    0    0.0        0    0    0.0
 20  03 10      0    0    0.0      0    0    0.0        0    0    0.0
 21  00 40      0    0    0.0      1    2    7.2        1    2    7.2
 22  00 30      0    0    0.0      1    2    7.2        1    2    7.2
 23  02 20      0    0    0.0      0    0    0.0        0    0    0.0
 24  02 30      0    0    0.0      0    0    0.0        0    0    0.0
 25  01 00      0    0    0.0      0    0    0.0        0    0    0.0
 26  00 30      0    0    0.0      1    2    7.2        1    2    7.2
 27  00 50      3    4   20.4      1    6    9.6        4   10   30.0
 28  00 15      1    2    7.2      1    3    7.8        2    5   15.0
 29  05 20      1    2    7.2      0    0    0.0        1    2    7.2
 30  00 20      1    2    7.2      0    0    0.0        1    2    7.2
 31  00 13      0    0    0.0      0    0    0.0        0    0    0.0

 Monthly Mean             2.7                4.9                  7.5

 --------------------------------------------------------------------

