 January   1955     (k = 0.65)

 Date Time(UT)      North              South                Total
      h  m      g    f     R       g    f     R         g    f     R
  1  02 30      0    0    0.0      1   14   15.6        1   14   15.6
  2  01 00      0    0    0.0      1   12   14.3        1   12   14.3
  3  00 50      0    0    0.0      1   15   16.2        1   15   16.2
  4  00 30      1    1    7.1      1    9   12.3        2   10   19.5
  5  01 10      1   23   21.4      1    2    7.8        2   25   29.2
  6  00 30      1   27   24.0      2    8   18.2        3   35   42.2
  7  01 10      2   51   46.1      1    6   10.4        3   57   56.5
  8  00 30      2   35   35.8      2    5   16.2        4   40   52.0
  9  04 40      2   29   31.8      1    5    9.8        3   34   41.6
 10  02 00      2   15   22.8      1    1    7.1        3   16   29.9
 11  00 50      2   26   29.9      0    0    0.0        2   26   29.9
 12  01 10      2   27   30.5      0    0    0.0        2   27   30.5
 13  00 30      2   23   27.9      0    0    0.0        2   23   27.9
 14  01 00      2   25   29.2      0    0    0.0        2   25   29.2
 15  00 45      1   13   14.9      0    0    0.0        1   13   14.9
 16  00 30      1   11   13.6      0    0    0.0        1   11   13.6
 17  00 50      1   10   13.0      0    0    0.0        1   10   13.0
 18  00 40      1   13   14.9      0    0    0.0        1   13   14.9
 19  00 50      1    6   10.4      0    0    0.0        1    6   10.4
 20  00 50      0    0    0.0      1    1    7.1        1    1    7.1
 21    -
 22  00 20      0    0    0.0      1    1    7.1        1    1    7.1
 23  01 10      1    2    7.8      1    1    7.1        2    3   14.9
 24  00 30      1   24   22.1      1    1    7.1        2   25   29.2
 25  00 25      1   15   16.2      1    1    7.1        2   16   23.4
 26  03 10      1    9   12.3      2    3   14.9        3   12   27.3
 27  00 20      1    4    9.1      2    6   16.9        3   10   26.0
 28  02 20      1    2    7.8      1    4    9.1        2    6   16.9
 29  00 40      1    3    8.4      2    7   17.5        3   10   26.0
 30    -
 31  00 40      1    3    8.4      2    6   16.9        3    9   25.3

 Monthly Mean            16.1                8.2                 24.3

 --------------------------------------------------------------------

 February  1955     (k = 0.65)

 Date Time(UT)      North              South                Total
      h  m      g    f     R       g    f     R         g    f     R
  1  00 25      1    3    8.4      1    3    8.4        2    6   16.9
  2  01 25      2    5   16.2      1    3    8.4        3    8   24.7
  3  00 20      2   10   19.5      1    3    8.4        3   13   27.9
  4  04 40      2   18   24.7      1    2    7.8        3   20   32.5
  5  01 00      2   16   23.4      1    5    9.8        3   21   33.1
  6  01 00      2    2   14.3      1    2    7.8        3    4   22.1
  7    -
  8  00 30      2   20   26.0      1    1    7.1        3   21   33.1
  9  00 50      2   25   29.2      0    0    0.0        2   25   29.2
 10  00 20      2   17   24.0      0    0    0.0        2   17   24.0
 11  00 50      2   22   27.3      0    0    0.0        2   22   27.3
 12  00 30      2   13   21.4      0    0    0.0        2   13   21.4
 13  01 00      3   15   29.2      0    0    0.0        3   15   29.2
 14  00 00      1    7   11.0      0    0    0.0        1    7   11.0
 15  00 15      1    3    8.4      0    0    0.0        1    3    8.4
 16  00 15      1    1    7.1      0    0    0.0        1    1    7.1
 17  00 15      2    2   14.3      0    0    0.0        2    2   14.3
 18    -
 19  01 30      0    0    0.0      0    0    0.0        0    0    0.0
 20  02 15      0    0    0.0      0    0    0.0        0    0    0.0
 21  00 10      0    0    0.0      0    0    0.0        0    0    0.0
 22  00 30      1    5    9.8      0    0    0.0        1    5    9.8
 23  00 20      1    8   11.7      1    2    7.8        2   10   19.5
 24  00 20      1   14   15.6      1    2    7.8        2   16   23.4
 25  02 10      2   17   24.0      1    2    7.8        3   19   31.8
 26  00 40      1   18   18.2      1    2    7.8        2   20   26.0
 27  05 15      1   16   16.9      1    3    8.4        2   19   25.3
 28  04 00      1   16   16.9      1    3    8.4        2   19   25.3




 Monthly Mean            16.1                4.1                 20.1

 --------------------------------------------------------------------

 March     1955     (k = 0.65)

 Date Time(UT)      North              South                Total
      h  m      g    f     R       g    f     R         g    f     R
  1  00 00      2   18   24.7      1    3    8.4        3   21   33.1
  2  02 30      2    8   18.2      1    3    8.4        3   11   26.6
  3  00 30      1    1    7.1      1    3    8.4        2    4   15.6
  4    -
  5    -
  6  00 20      0    0    0.0      1    2    7.8        1    2    7.8
  7  00 15      0    0    0.0      1    2    7.8        1    2    7.8
  8  01 30      1    6   10.4      0    0    0.0        1    6   10.4
  9    -
 10  03 15      0    0    0.0      0    0    0.0        0    0    0.0
 11  01 30      0    0    0.0      0    0    0.0        0    0    0.0
 12    -
 13  00 30      0    0    0.0      0    0    0.0        0    0    0.0
 14  00 00      0    0    0.0      0    0    0.0        0    0    0.0
 15  01 00      0    0    0.0      0    0    0.0        0    0    0.0
 16  03 25      0    0    0.0      0    0    0.0        0    0    0.0
 17  00 30      0    0    0.0      0    0    0.0        0    0    0.0
 18    -
 19  00 00      0    0    0.0      0    0    0.0        0    0    0.0
 20    -
 21    -
 22    -
 23    -
 24    -
 25    -
 26  03 50      0    0    0.0      0    0    0.0        0    0    0.0
 27  01 00      0    0    0.0      0    0    0.0        0    0    0.0
 28    -
 29  00 20      0    0    0.0      0    0    0.0        0    0    0.0
 30  00 30      1    2    7.8      1    5    9.8        2    7   17.5
 31    -

 Monthly Mean             3.8                2.8                  6.6

 --------------------------------------------------------------------

 April     1955     (k = 0.65)

 Date Time(UT)      North              South                Total
      h  m      g    f     R       g    f     R         g    f     R
  1    -
  2    -
  3    -
  4  04 20      2    7   17.5      0    0    0.0        2    7   17.5
  5  00 00      4    9   31.8      0    0    0.0        4    9   31.8
  6  00 30      3   20   32.5      0    0    0.0        3   20   32.5
  7  00 40      2   26   29.9      0    0    0.0        2   26   29.9
  8  01 40      2   30   32.5      0    0    0.0        2   30   32.5
  9  07 45      1    8   11.7      0    0    0.0        1    8   11.7
 10  00 30      1    6   10.4      0    0    0.0        1    6   10.4
 11  00 20      1    1    7.1      0    0    0.0        1    1    7.1
 11  23 30      0    0    0.0      0    0    0.0        0    0    0.0
 13  00 00      1    1    7.1      0    0    0.0        1    1    7.1
 14    -
 15    -
 16    -
 17  03 50      0    0    0.0      2    3   14.9        2    3   14.9
 18    -
 19    -
 20  00 00      0    0    0.0      0    0    0.0        0    0    0.0
 21  00 00      0    0    0.0      2    6   16.9        2    6   16.9
 22  00 00      0    0    0.0      0    0    0.0        0    0    0.0
 23  00 00      0    0    0.0      1    2    7.8        1    2    7.8
 23  22 30      0    0    0.0      1    4    9.1        1    4    9.1
 25  00 20      0    0    0.0      0    0    0.0        0    0    0.0
 26  00 20      0    0    0.0      0    0    0.0        0    0    0.0
 27    -
 28    -
 29    -
 29  23 30      2   11   20.1      0    0    0.0        2   11   20.1


 Monthly Mean            10.6                2.6                 13.1

 --------------------------------------------------------------------

 May       1955     (k = 0.65)

 Date Time(UT)      North              South                Total
      h  m      g    f     R       g    f     R         g    f     R
  1  05 10      2   16   23.4      0    0    0.0        2   16   23.4
  2  00 00      2    9   18.8      0    0    0.0        2    9   18.8
  2  23 00      2    8   18.2      1    2    7.8        3   10   26.0
  4    -
  4  22 50      2    9   18.8      3   20   32.5        5   29   51.3
  6  01 30      2    6   16.9      1   22   20.8        3   28   37.7
  6  23 00      1    1    7.1      1   19   18.8        2   20   26.0
  7  23 15      0    0    0.0      1    5    9.8        1    5    9.8
  9  01 30      0    0    0.0      0    0    0.0        0    0    0.0
 10  00 30      0    0    0.0      0    0    0.0        0    0    0.0
 11  00 50      0    0    0.0      0    0    0.0        0    0    0.0
 12  08 00      0    0    0.0      0    0    0.0        0    0    0.0
 13  01 30      0    0    0.0      0    0    0.0        0    0    0.0
 14  00 15      0    0    0.0      0    0    0.0        0    0    0.0
 14  23 20      0    0    0.0      0    0    0.0        0    0    0.0
 16  00 00      2    4   15.6      0    0    0.0        2    4   15.6
 17  00 30      2    7   17.5      0    0    0.0        2    7   17.5
 18    -
 19  00 15      3   27   37.0      0    0    0.0        3   27   37.0
 20    -
 20  23 00      3   50   52.0      1    1    7.1        4   51   59.1
 22  03 15      2   61   52.6      1    1    7.1        3   62   59.8
 23  04 00      2   62   53.3      0    0    0.0        2   62   53.3
 24  00 00      2   62   53.3      0    0    0.0        2   62   53.3
 25    -
 25  23 50      3   30   39.0      1    2    7.8        4   32   46.8
 27  00 00      2   38   37.7      0    0    0.0        2   38   37.7
 28  00 15      3   36   42.9      0    0    0.0        3   36   42.9
 29    -
 30  01 45      3   31   39.6      0    0    0.0        3   31   39.6
 31  00 00      2   19   25.3      0    0    0.0        2   19   25.3

 Monthly Mean            21.9                4.3                 26.2

 --------------------------------------------------------------------

 June      1955     (k = 0.65)

 Date Time(UT)      North              South                Total
      h  m      g    f     R       g    f     R         g    f     R
  1  00 00      2   14   22.1      0    0    0.0        2   14   22.1
  2  00 30      1    5    9.8      0    0    0.0        1    5    9.8
  3  00 45      1    1    7.1      0    0    0.0        1    1    7.1
  4  00 00      2    2   14.3      0    0    0.0        2    2   14.3
  5  00 00      1   14   15.6      0    0    0.0        1   14   15.6
  6  01 15      1   15   16.2      0    0    0.0        1   15   16.2
  7  00 50      1   14   15.6      0    0    0.0        1   14   15.6
  8  05 45      1   17   17.5      0    0    0.0        1   17   17.5
  9  00 00      1   16   16.9      0    0    0.0        1   16   16.9
 10  07 15      1   11   13.6      1    3    8.4        2   14   22.1
 11  01 45      1    2    7.8      1    4    9.1        2    6   16.9
 12  04 26      1   10   13.0      2   22   27.3        3   32   40.3
 13  00 15      1    7   11.0      1   20   19.5        2   27   30.5
 14  02 00      2    7   17.5      2   39   38.3        4   46   55.9
 15    -
 16    -
 17    -
 18    -
 19  05 00      2    5   16.2      1   56   42.9        3   61   59.1
 19  23 30      2    4   15.6      1   81   59.1        3   85   74.8
 21    -
 22  00 45      1    2    7.8      1   27   24.0        2   29   31.8
 23  00 30      0    0    0.0      1   10   13.0        1   10   13.0
 24  03 40      0    0    0.0      0    0    0.0        0    0    0.0
 25  00 30      0    0    0.0      0    0    0.0        0    0    0.0
 26  00 00      0    0    0.0      0    0    0.0        0    0    0.0
 27    -
 28  01 00      0    0    0.0      0    0    0.0        0    0    0.0
 29  00 00      0    0    0.0      1    5    9.8        1    5    9.8
 30  01 15      0    0    0.0      1    8   11.7        1    8   11.7


 Monthly Mean             9.9               11.0                 20.9

 --------------------------------------------------------------------

 July      1955     (k = 0.65)

 Date Time(UT)      North              South                Total
      h  m      g    f     R       g    f     R         g    f     R
  1  02 30      1    7   11.0      1    8   11.7        2   15   22.8
  2  00 00      2   12   20.8      1   15   16.2        3   27   37.0
  3  00 25      2   12   20.8      1   14   15.6        3   26   36.4
  4  03 40      2   12   20.8      1   16   16.9        3   28   37.7
  5    -
  6  02 50      2   18   24.7      1   13   14.9        3   31   39.6
  7  00 00      4   32   46.8      1   14   15.6        5   46   62.4
  8    -
  9  00 50      3   41   46.1      1    3    8.4        4   44   54.6
 10  00 20      3   26   36.4      1    1    7.1        4   27   43.5
 11  00 00      4   30   45.5      1    1    7.1        5   31   52.6
 12  00 00      4   16   36.4      0    0    0.0        4   16   36.4
 13  00 15      2    7   17.5      1    2    7.8        3    9   25.3
 13  23 30      3   10   26.0      1    7   11.0        4   17   37.0
 15  02 00      2    6   16.9      1    6   10.4        3   12   27.3
 16  00 30      1    1    7.1      2    3   14.9        3    4   22.1
 17  00 30      1    3    8.4      2    2   14.3        3    5   22.8
 18  00 00      0    0    0.0      1    1    7.1        1    1    7.1
 19  05 10      1    1    7.1      1    8   11.7        2    9   18.8
 20  00 00      1    4    9.1      2   12   20.8        3   16   29.9
 21  00 00      2    3   14.9      1   11   13.6        3   14   28.6
 22    -
 23  00 15      0    0    0.0      1    2    7.8        1    2    7.8
 24  00 15      0    0    0.0      0    0    0.0        0    0    0.0
 25  00 00      0    0    0.0      0    0    0.0        0    0    0.0
 26  05 00      0    0    0.0      0    0    0.0        0    0    0.0
 27  00 00      1    3    8.4      0    0    0.0        1    3    8.4
 28  01 30      1    6   10.4      0    0    0.0        1    6   10.4
 29  04 40      1   17   17.5      0    0    0.0        1   17   17.5
 30  00 30      1   25   22.8      0    0    0.0        1   25   22.8
 31  04 00      1   26   23.4      0    0    0.0        1   26   23.4

 Monthly Mean            17.8                8.3                 26.2

 --------------------------------------------------------------------

 August    1955     (k = 0.65)

 Date Time(UT)      North              South                Total
      h  m      g    f     R       g    f     R         g    f     R
  1  00 30      2   19   25.3      1    8   11.7        3   27   37.0
  2  00 20      1   14   15.6      1    6   10.4        2   20   26.0
  3  00 30      1   10   13.0      1    6   10.4        2   16   23.4
  4  01 00      1    1    7.1      1    2    7.8        2    3   14.9
  5    -
  6  00 30      2   12   20.8      1   14   15.6        3   26   36.4
  7  05 15      2   32   33.8      1   28   24.7        3   60   58.5
  8  01 30      3   39   44.8      1   41   33.1        4   80   78.0
  9  01 15      2   46   42.9      1   54   41.6        3  100   84.5
 10  01 20      3   43   47.4      1   42   33.8        4   85   81.2
 11  01 00      3   43   47.4      1   44   35.1        4   87   82.5
 12  01 20      3   39   44.8      1   38   31.2        4   77   76.0
 13  05 15      3   32   40.3      1   33   27.9        4   65   68.2
 14  06 30      2   16   23.4      2   29   31.8        4   45   55.2
 15  00 45      2   12   20.8      2   15   22.8        4   27   43.5
 16  00 45      1    8   11.7      1    7   11.0        2   15   22.8
 17  04 00      1    6   10.4      1    3    8.4        2    9   18.8
 18  00 30      2   14   22.1      0    0    0.0        2   14   22.1
 19  04 30      1   12   14.3      0    0    0.0        1   12   14.3
 20  00 45      1   17   17.5      0    0    0.0        1   17   17.5
 21  00 15      1   15   16.2      0    0    0.0        1   15   16.2
 22  04 30      1   16   16.9      0    0    0.0        1   16   16.9
 23  00 30      1   16   16.9      1    5    9.8        2   21   26.6
 24  00 45      2    4   15.6      0    0    0.0        2    4   15.6
 25    -
 26    -
 27  00 15      2   48   44.2      1    2    7.8        3   50   52.0
 28  03 30      3   41   46.1      1    6   10.4        4   47   56.5
 29  00 30      3   46   49.4      1    3    8.4        4   49   57.8
 30  00 30      4   24   41.6      1    5    9.8        5   29   51.3


 Monthly Mean            27.8               14.9                 42.8

 --------------------------------------------------------------------

 September 1955     (k = 0.65)

 Date Time(UT)      North              South                Total
      h  m      g    f     R       g    f     R         g    f     R
  1    -
  2    -
  3  00 30      6   29   57.8      2    9   18.8        8   38   76.7
  4  01 00      6   39   64.3      3   18   31.2        9   57   95.5
  5  00 45      5   25   48.8      4   25   42.2        9   50   91.0
  6  03 15      4   24   41.6      3   28   37.7        7   52   79.3
  7  00 30      4   17   37.0      4   23   40.9        8   40   78.0
  8  00 30      4   21   39.6      4   35   48.8        8   56   88.4
  9    -
 10  02 30      3   18   31.2      3   17   30.5        6   35   61.7
 11  00 15      3   12   27.3      3   11   26.6        6   23   53.9
 12  00 15      2    9   18.8      2    2   14.3        4   11   33.1
 13  00 45      2   13   21.4      1    2    7.8        3   15   29.2
 14  00 45      3   31   39.6      0    0    0.0        3   31   39.6
 15    -
 16  01 45      1   12   14.3      1   17   17.5        2   29   31.8
 17  00 30      2    9   18.8      1    9   12.3        3   18   31.2
 18  01 45      3   10   26.0      1    6   10.4        4   16   36.4
 19  01 30      3   10   26.0      2    6   16.9        5   16   42.9
 20  00 00      1    2    7.8      1    4    9.1        2    6   16.9
 21    -
 22  00 30      0    0    0.0      0    0    0.0        0    0    0.0
 23  00 00      0    0    0.0      0    0    0.0        0    0    0.0
 24    -
 25  00 15      1    2    7.8      2    9   18.8        3   11   26.6
 26  00 45      0    0    0.0      2    7   17.5        2    7   17.5
 27    -
 28    -
 29    -
 30    -


 Monthly Mean            26.4               20.1                 46.5

 --------------------------------------------------------------------

 October   1955     (k = 0.65)

 Date Time(UT)      North              South                Total
      h  m      g    f     R       g    f     R         g    f     R
  1  00 00      3   15   29.2      2    6   16.9        5   21   46.1
  2    -
  3    -
  4  01 15      4   39   51.3      1    2    7.8        5   41   59.1
  5  00 15      6   49   70.8      1    1    7.1        7   50   78.0
  6    -
  7    -
  8  00 30      5   30   52.0      2    5   16.2        7   35   68.2
  9  00 30      5   26   49.4      3    6   23.4        8   32   72.8
 10    -
 11    -
 12  00 15      2   17   24.0      3   12   27.3        5   29   51.3
 13  00 45      2   15   22.8      3    8   24.7        5   23   47.4
 14    -
 15  01 30      0    0    0.0      1    3    8.4        1    3    8.4
 16  00 30      0    0    0.0      1    1    7.1        1    1    7.1
 17  00 30      0    0    0.0      1    1    7.1        1    1    7.1
 18    -
 19    -
 20    -
 21  04 20      2   16   23.4      0    0    0.0        2   16   23.4
 22  00 15      2   25   29.2      0    0    0.0        2   25   29.2
 23  00 30      3   32   40.3      1    6   10.4        4   38   50.7
 24    -
 25    -
 26    -
 27  00 30      3   63   60.4      2   53   47.4        5  116  107.9
 28    -
 29  00 45      6   42   66.3      2   41   39.6        8   83  105.9
 30  00 45      4   52   59.8      2   62   53.3        6  114  113.1
 31  05 00      6   36   62.4      2   56   49.4        8   92  111.8

 Monthly Mean            37.7               20.4                 58.1

 --------------------------------------------------------------------

 November  1955     (k = 0.65)

 Date Time(UT)      North              South                Total
      h  m      g    f     R       g    f     R         g    f     R
  1  01 00      5   52   66.3      3   46   49.4        8   98  115.7
  2  00 15      4   44   54.6      3   34   41.6        7   78   96.2
  3  00 30      2   31   33.1      3   19   31.8        5   50   65.0
  4  01 20      2   20   26.0      3   18   31.2        5   38   57.2
  5  01 00      2   13   21.4      3   15   29.2        5   28   50.7
  6  00 30      1    3    8.4      2    6   16.9        3    9   25.3
  7  01 00      2    9   18.8      3   19   31.8        5   28   50.7
  8  01 00      3   16   29.9      4   35   48.8        7   51   78.6
  9  02 30      3   26   36.4      3   32   40.3        6   58   76.7
 10  02 00      5   59   70.8      4   34   48.1        9   93  118.9
 11  01 20      3   71   65.6      4   46   55.9        7  117  121.5
 12  01 30      3   65   61.7      5   34   54.6        8   99  116.3
 13  01 30      3   90   78.0      4   40   52.0        7  130  130.0
 14  02 00      4   81   78.6      3   35   42.2        7  116  120.9
 15  01 00      4  124  106.6      1   37   30.5        5  161  137.1
 16  03 00      4   97   89.0      2   26   29.9        6  123  118.9
 17  01 00      4   74   74.1      1   14   15.6        5   88   89.7
 18    -
 19  02 30      3   46   49.4      2    9   18.8        5   55   68.2
 20  01 00      4   53   60.4      2    7   17.5        6   60   78.0
 21    -
 22  01 00      2   11   20.1      2    9   18.8        4   20   39.0
 23  02 10      4   20   39.0      2   16   23.4        6   36   62.4
 24  00 45      3    8   24.7      2   17   24.0        5   25   48.8
 25  02 20      3   25   35.8      2   33   34.4        5   58   70.2
 26  01 00      3   27   37.0      2   31   33.1        5   58   70.2
 26  23 45      4   38   50.7      2   21   26.6        6   59   77.3
 28  00 30      4   36   49.4      3   22   33.8        7   58   83.2
 29  00 45      5   41   59.1      3   23   34.4        8   64   93.6
 30    -


 Monthly Mean            49.8               33.9                 83.7

 --------------------------------------------------------------------

 December  1955     (k = 0.65)

 Date Time(UT)      North              South                Total
      h  m      g    f     R       g    f     R         g    f     R
  1    -
  2  02 40      3   61   59.1      2   15   22.8        5   76   81.9
  3  02 30      3   55   55.2      1   16   16.9        4   71   72.1
  4  01 00      2   48   44.2      1   11   13.6        3   59   57.8
  5  02 00      3   68   63.7      2   17   24.0        5   85   87.8
  6  01 45      3   58   57.2      2   14   22.1        5   72   79.3
  7  02 00      3   66   62.4      2   25   29.2        5   91   91.6
  8  00 30      2   53   47.4      3   22   33.8        5   75   81.2
  9  01 30      3   46   49.4      4   16   36.4        7   62   85.8
 10  00 45      2   32   33.8      4   26   42.9        6   58   76.7
 11  01 45      3   42   46.8      2   13   21.4        5   55   68.2
 12  01 15      3   50   52.0      2   13   21.4        5   63   73.4
 13  04 15      3   53   53.9      2    9   18.8        5   62   72.8
 14  01 30      4   38   50.7      2    5   16.2        6   43   66.9
 15  01 30      4   57   63.0      2   10   19.5        6   67   82.5
 16    -
 17  01 45      2   47   43.5      2   12   20.8        4   59   64.3
 18  00 45      2   42   40.3      3   16   29.9        5   58   70.2
 19  02 30      2   39   38.3      3   24   35.1        5   63   73.4
 20  01 30      3   45   48.8      3   53   53.9        6   98  102.7
 21    -
 22  01 30      6   21   52.6      2   28   31.2        8   49   83.8
 23  01 40      4   15   35.8      2   27   30.5        6   42   66.3
 24  01 30      5    9   38.3      2   24   28.6        7   33   66.9
 25  00 45      2    5   16.2      2   18   24.7        4   23   40.9
 26  02 30      3    7   24.0      2   10   19.5        5   17   43.5
 27  01 00      3   12   27.3      2    8   18.2        5   20   45.5
 28  01 00      3   27   37.0      2    6   16.9        5   33   53.9
 29  01 30      3   34   41.6      3    6   23.4        6   40   65.0
 30  02 40      3   36   42.9      3   13   27.9        6   49   70.8
 31  02 40      3   36   42.9      3   13   27.9        6   49   70.8

 Monthly Mean            45.3               26.0                 71.3

 --------------------------------------------------------------------

