 January   1952     (k = 0.65)

 Date Time(UT)      North              South                Total
      h  m      g    f     R       g    f     R         g    f     R
  1  01 40      2   47   43.5      1    8   11.7        3   55   55.2
  2  00 00      3   29   38.3      2    6   16.9        5   35   55.2
  3    -
  4  02 20      3   15   29.2      2    7   17.5        5   22   46.8
  5  00 30      2    4   15.6      1    3    8.4        3    7   24.0
  6    -
  7  00 30      0    0    0.0      1   10   13.0        1   10   13.0
  8  00 30      2    3   14.9      1    8   11.7        3   11   26.6
  9  00 00      3   13   27.9      1    3    8.4        4   16   36.4
 10  00 40      4   24   41.6      1    2    7.8        5   26   49.4
 11  04 10      4   26   42.9      1    5    9.8        5   31   52.6
 12  00 30      5   23   47.4      0    0    0.0        5   23   47.4
 13  00 10      4   32   46.8      0    0    0.0        4   32   46.8
 14    -
 15  00 15      4   52   59.8      0    0    0.0        4   52   59.8
 16  01 00      4   39   51.3      0    0    0.0        4   39   51.3
 17  00 15      4   26   42.9      0    0    0.0        4   26   42.9
 18  01 20      4   47   56.5      0    0    0.0        4   47   56.5
 19  00 45      3   21   33.1      0    0    0.0        3   21   33.1
 20  00 15      2   21   26.6      1    1    7.1        3   22   33.8
 21  00 15      2   23   27.9      1    2    7.8        3   25   35.8
 22  00 00      1    8   11.7      0    0    0.0        1    8   11.7
 23  01 45      1    4    9.1      1    2    7.8        2    6   16.9
 24  00 00      1    3    8.4      1    9   12.3        2   12   20.8
 25  02 00      1    2    7.8      1   21   20.1        2   23   27.9
 26  00 15      0    0    0.0      1   20   19.5        1   20   19.5
 27  01 00      1    1    7.1      1   14   15.6        2   15   22.8
 27  23 30      1    2    7.8      1   19   18.8        2   21   26.6
 29  00 50      0    0    0.0      1   10   13.0        1   10   13.0
 30  00 30      2    2   14.3      2   12   20.8        4   14   35.1
 31    -

 Monthly Mean            26.4                9.2                 35.6

 --------------------------------------------------------------------

 February  1952     (k = 0.65)

 Date Time(UT)      North              South                Total
      h  m      g    f     R       g    f     R         g    f     R
  1    -
  2  00 00      0    0    0.0      1    1    7.1        1    1    7.1
  3  02 00      0    0    0.0      1    1    7.1        1    1    7.1
  4    -
  5  00 00      1    1    7.1      1    8   11.7        2    9   18.8
  6  00 00      2    9   18.8      2    9   18.8        4   18   37.7
  7  05 30      0    0    0.0      2   19   25.3        2   19   25.3
  7  23 15      1    9   12.3      1    8   11.7        2   17   24.0
  9  00 25      0    0    0.0      3   12   27.3        3   12   27.3
 10  00 30      1    3    8.4      2    9   18.8        3   12   27.3
 11  00 15      0    0    0.0      1    1    7.1        1    1    7.1
 12  00 10      1    1    7.1      0    0    0.0        1    1    7.1
 13  00 00      0    0    0.0      1   20   19.5        1   20   19.5
 14    -
 15    -
 16    -
 17    -
 18    -
 19  02 45      1    2    7.8      2   30   32.5        3   32   40.3
 20  00 15      1    4    9.1      2   29   31.8        3   33   40.9
 21  00 00      1    2    7.8      1   14   15.6        2   16   23.4
 22  01 00      1    2    7.8      2    9   18.8        3   11   26.6
 22  23 36      1    2    7.8      2    4   15.6        3    6   23.4
 24  04 25      1    1    7.1      1    5    9.8        2    6   16.9
 25    -
 26  05 00      0    0    0.0      0    0    0.0        0    0    0.0
 27  00 30      1    1    7.1      0    0    0.0        1    1    7.1
 28  04 00      0    0    0.0      0    0    0.0        0    0    0.0
 29    -



 Monthly Mean             5.4               13.9                 19.4

 --------------------------------------------------------------------

 March     1952     (k = 0.65)

 Date Time(UT)      North              South                Total
      h  m      g    f     R       g    f     R         g    f     R
  1  02 00      0    0    0.0      0    0    0.0        0    0    0.0
  1  23 45      0    0    0.0      0    0    0.0        0    0    0.0
  3  00 15      0    0    0.0      0    0    0.0        0    0    0.0
  3  23 30      0    0    0.0      0    0    0.0        0    0    0.0
  5  00 15      0    0    0.0      0    0    0.0        0    0    0.0
  6    -
  7    -
  8    -
  8  23 15      1    3    8.4      0    0    0.0        1    3    8.4
 10  06 00      1    5    9.8      3    8   24.7        4   13   34.4
 11  00 00      1    3    8.4      3    6   23.4        4    9   31.8
 12  00 20      1    7   11.0      2    7   17.5        3   14   28.6
 13  00 15      0    0    0.0      2    9   18.8        2    9   18.8
 14    -
 14  23 00      0    0    0.0      2   13   21.4        2   13   21.4
 16  00 00      0    0    0.0      2   11   20.1        2   11   20.1
 16  23 30      0    0    0.0      2   21   26.6        2   21   26.6
 18  01 30      0    0    0.0      2    5   16.2        2    5   16.2
 19    -
 19  23 45      0    0    0.0      1    1    7.1        1    1    7.1
 21  01 30      0    0    0.0      0    0    0.0        0    0    0.0
 21  23 40      0    0    0.0      0    0    0.0        0    0    0.0
 23  00 30      0    0    0.0      0    0    0.0        0    0    0.0
 23  23 15      0    0    0.0      1    1    7.1        1    1    7.1
 24  23 40      0    0    0.0      2    9   18.8        2    9   18.8
 25  23 15      0    0    0.0      2   17   24.0        2   17   24.0
 27    -
 27  23 45      1    5    9.8      3   39   44.8        4   44   54.6
 29    -
 30  00 00      1    1    7.1      5   46   62.4        6   47   69.5
 31  01 00      0    0    0.0      4   33   47.4        4   33   47.4

 Monthly Mean             2.3               15.9                 18.1

 --------------------------------------------------------------------

 April     1952     (k = 0.65)

 Date Time(UT)      North              South                Total
      h  m      g    f     R       g    f     R         g    f     R
  1    -
  1  23 30      0    0    0.0      1   16   16.9        1   16   16.9
  2  23 30      0    0    0.0      1   10   13.0        1   10   13.0
  4  02 00      1   12   14.3      1   14   15.6        2   26   29.9
  5  00 30      1   22   20.8      1    3    8.4        2   25   29.2
  6  00 15      1   33   27.9      0    0    0.0        1   33   27.9
  7  00 15      1   35   29.2      0    0    0.0        1   35   29.2
  8  00 00      3   32   40.3      1    1    7.1        4   33   47.4
  9    -
  9  23 15      2   17   24.0      0    0    0.0        2   17   24.0
 11    -
 12  06 15      1   28   24.7      0    0    0.0        1   28   24.7
 13  02 00      1   21   20.1      0    0    0.0        1   21   20.1
 14    -
 15    -
 15  23 45      1    1    7.1      0    0    0.0        1    1    7.1
 17  00 00      0    0    0.0      1    1    7.1        1    1    7.1
 18  05 00      0    0    0.0      1   19   18.8        1   19   18.8
 18  23 45      1    2    7.8      1   15   16.2        2   17   24.0
 19  23 55      1    9   12.3      1   24   22.1        2   33   34.4
 21  04 15      2   12   20.8      3   29   38.3        5   41   59.1
 21  23 55      2    8   18.2      2   25   29.2        4   33   47.4
 23  00 45      2   11   20.1      1   28   24.7        3   39   44.8
 24    -
 25    -
 26  00 00      1   14   15.6      0    0    0.0        1   14   15.6
 27  00 00      1   11   13.6      1    4    9.1        2   15   22.8
 28  00 30      1    8   11.7      1    3    8.4        2   11   20.1
 29  00 45      4    7   30.5      0    0    0.0        4    7   30.5
 30  00 20      6   14   48.1      0    0    0.0        6   14   48.1


 Monthly Mean            17.7               10.2                 27.9

 --------------------------------------------------------------------

 May       1952     (k = 0.65)

 Date Time(UT)      North              South                Total
      h  m      g    f     R       g    f     R         g    f     R
  1  00 15      3    6   23.4      1    3    8.4        4    9   31.8
  2  00 40      2    4   15.6      0    0    0.0        2    4   15.6
  3  00 45      1    2    7.8      0    0    0.0        1    2    7.8
  4  00 45      1    3    8.4      1    8   11.7        2   11   20.1
  5  01 30      1    1    7.1      1   16   16.9        2   17   24.0
  6  00 30      2    3   14.9      2   27   30.5        4   30   45.5
  7  01 30      0    0    0.0      2   33   34.4        2   33   34.4
  8  00 00      2    4   15.6      1   10   13.0        3   14   28.6
  9  01 40      0    0    0.0      1   10   13.0        1   10   13.0
 10    -
 11  01 00      0    0    0.0      1    1    7.1        1    1    7.1
 12  00 30      0    0    0.0      0    0    0.0        0    0    0.0
 13  00 00      0    0    0.0      0    0    0.0        0    0    0.0
 14  00 30      0    0    0.0      2    5   16.2        2    5   16.2
 15  01 00      0    0    0.0      2    3   14.9        2    3   14.9
 16  00 50      0    0    0.0      1    3    8.4        1    3    8.4
 17  00 10      0    0    0.0      2    8   18.2        2    8   18.2
 18  00 00      0    0    0.0      1   14   15.6        1   14   15.6
 19  01 15      0    0    0.0      1   15   16.2        1   15   16.2
 20  02 15      0    0    0.0      2   21   26.6        2   21   26.6
 21  04 30      0    0    0.0      1   12   14.3        1   12   14.3
 22  00 50      0    0    0.0      2   13   21.4        2   13   21.4
 23  06 10      0    0    0.0      2   12   20.8        2   12   20.8
 24  00 10      0    0    0.0      2   11   20.1        2   11   20.1
 25  00 30      0    0    0.0      2    5   16.2        2    5   16.2
 26  00 00      0    0    0.0      1    8   11.7        1    8   11.7
 27    -
 28  07 10      1    9   12.3      2   21   26.6        3   30   39.0
 29  00 15      1   15   16.2      3   15   29.2        4   30   45.5
 30    -
 31  00 00      0    0    0.0      2   12   20.8        2   12   20.8

 Monthly Mean             4.3               15.5                 19.8

 --------------------------------------------------------------------

 June      1952     (k = 0.65)

 Date Time(UT)      North              South                Total
      h  m      g    f     R       g    f     R         g    f     R
  1    -
  2  05 15      1    1    7.1      1    8   11.7        2    9   18.8
  3  00 00      1    1    7.1      1    4    9.1        2    5   16.2
  4    -
  5  00 00      0    0    0.0      1    2    7.8        1    2    7.8
  6  00 50      0    0    0.0      0    0    0.0        0    0    0.0
  7  00 00      0    0    0.0      2    8   18.2        2    8   18.2
  8    -
  9    -
 10  03 00      0    0    0.0      2    6   16.9        2    6   16.9
 11  00 00      0    0    0.0      1    2    7.8        1    2    7.8
 12  00 15      0    0    0.0      1    4    9.1        1    4    9.1
 13  01 00      0    0    0.0      2   14   22.1        2   14   22.1
 14  00 00      1    2    7.8      2   17   24.0        3   19   31.8
 15  01 45      3    8   24.7      1    6   10.4        4   14   35.1
 16    -
 17  00 30      1    6   10.4      3   18   31.2        4   24   41.6
 18  05 45      1    8   11.7      3   15   29.2        4   23   40.9
 19  00 10      2   10   19.5      3   15   29.2        5   25   48.8
 20    -
 21  00 00      3    8   24.7      2   22   27.3        5   30   52.0
 22  01 00      3    7   24.0      2   10   19.5        5   17   43.5
 23    -
 24  00 00      3   29   38.3      3   14   28.6        6   43   66.9
 25    -
 26    -
 27  02 00      3   11   26.6      2   21   26.6        5   32   53.3
 28  02 50      4   11   33.1      2   48   44.2        6   59   77.3
 29  00 30      1    2    7.8      2   41   39.6        3   43   47.4
 30  01 30      2   10   19.5      2   62   53.3        4   72   72.8


 Monthly Mean            12.5               22.2                 34.7

 --------------------------------------------------------------------

 July      1952     (k = 0.65)

 Date Time(UT)      North              South                Total
      h  m      g    f     R       g    f     R         g    f     R
  1  05 00      3   10   26.0      2   32   33.8        5   42   59.8
  2  04 25      1    3    8.4      2   21   26.6        3   24   35.1
  3  04 45      1    2    7.8      2   28   31.2        3   30   39.0
  4  02 15      0    0    0.0      2   20   26.0        2   20   26.0
  5  01 15      0    0    0.0      2   15   22.8        2   15   22.8
  6    -
  7  02 30      1    2    7.8      1    3    8.4        2    5   16.2
  8  00 00      1    5    9.8      0    0    0.0        1    5    9.8
  9  00 15      2   11   20.1      1   11   13.6        3   22   33.8
 10    -
 11    -
 12  06 30      2    8   18.2      1   23   21.4        3   31   39.6
 13  01 45      2   20   26.0      1   40   32.5        3   60   58.5
 14    -
 15  00 45      3   14   28.6      3   79   70.8        6   93   99.4
 16  00 30      2    9   18.8      3   97   82.5        5  106  101.4
 17  00 45      2    6   16.9      2   55   48.8        4   61   65.6
 18  04 00      2   33   34.4      1    4    9.1        3   37   43.5
 19  03 00      1    2    7.8      1    8   11.7        2   10   19.5
 20  00 10      1    4    9.1      2    8   18.2        3   12   27.3
 21  00 25      1    3    8.4      2    7   17.5        3   10   26.0
 22  00 00      0    0    0.0      1    2    7.8        1    2    7.8
 23  03 00      0    0    0.0      1    5    9.8        1    5    9.8
 23  23 45      0    0    0.0      1    3    8.4        1    3    8.4
 25  02 50      0    0    0.0      1    3    8.4        1    3    8.4
 26  00 15      0    0    0.0      1    6   10.4        1    6   10.4
 27  00 00      0    0    0.0      2    8   18.2        2    8   18.2
 28  00 00      1    3    8.4      4   14   35.1        5   17   43.5
 29  06 30      0    0    0.0      2   13   21.4        2   13   21.4
 30  00 00      0    0    0.0      2   18   24.7        2   18   24.7
 31    -

 Monthly Mean             9.9               23.8                 33.7

 --------------------------------------------------------------------

 August    1952     (k = 0.65)

 Date Time(UT)      North              South                Total
      h  m      g    f     R       g    f     R         g    f     R
  1  01 40      1    3    8.4      2   45   42.2        3   48   50.7
  2  00 00      1    1    7.1      2   54   48.1        3   55   55.2
  3  00 45      1    4    9.1      2   21   26.6        3   25   35.8
  4  00 00      1   10   13.0      1   13   14.9        2   23   27.9
  5  02 45      3    7   24.0      2    3   14.9        5   10   39.0
  6  00 45      2    6   16.9      3   10   26.0        5   16   42.9
  7  00 45      2   24   28.6      2    4   15.6        4   28   44.2
  8    -
  9  00 45      3   16   29.9      2    4   15.6        5   20   45.5
 10  01 45      3   26   36.4      2    8   18.2        5   34   54.6
 11  01 30      3   10   26.0      1    3    8.4        4   13   34.4
 12  02 00      3   18   31.2      2    8   18.2        5   26   49.4
 13  01 30      2   20   26.0      2   24   28.6        4   44   54.6
 14  01 40      2   27   30.5      2   20   26.0        4   47   56.5
 15  01 50      1   21   20.1      2   28   31.2        3   49   51.3
 16  02 00      2   13   21.4      1   21   20.1        3   34   41.6
 17  02 15      2   10   19.5      2   18   24.7        4   28   44.2
 18    -
 19  00 30      2    5   16.2      1    2    7.8        3    7   24.0
 20  00 00      3    8   24.7      1    4    9.1        4   12   33.8
 21  01 00      1   18   18.2      1    4    9.1        2   22   27.3
 22  02 00      1   21   20.1      1   12   14.3        2   33   34.4
 23  03 30      2   24   28.6      2   11   20.1        4   35   48.8
 24  04 15      2   43   40.9      2   15   22.8        4   58   63.7
 25  00 55      3   39   44.8      2   15   22.8        5   54   67.6
 26  00 45      4   32   46.8      2   15   22.8        6   47   69.5
 27  01 00      3   52   53.3      2   16   23.4        5   68   76.7
 28  01 30      2   43   40.9      2   21   26.6        4   64   67.6
 29  00 50      2   60   52.0      2   39   38.3        4   99   90.3
 30  02 00      2   48   44.2      2   54   48.1        4  102   92.3
 31  01 30      2   43   40.9      3   41   46.1        5   84   87.1

 Monthly Mean            28.3               23.8                 52.1

 --------------------------------------------------------------------

 September 1952     (k = 0.65)

 Date Time(UT)      North              South                Total
      h  m      g    f     R       g    f     R         g    f     R
  1  08 00      2   33   34.4      3   52   53.3        5   85   87.8
  2  01 00      1   28   24.7      3   64   61.1        4   92   85.8
  3  03 00      1   16   16.9      2   37   37.0        3   53   53.9
  4  00 15      1    6   10.4      2   23   27.9        3   29   38.3
  5  02 00      1    5    9.8      2   13   21.4        3   18   31.2
  6  00 30      1    4    9.1      3   13   27.9        4   17   37.0
  7  01 30      1    1    7.1      2   11   20.1        3   12   27.3
  8    -
  9    -
 10  00 15      1    4    9.1      0    0    0.0        1    4    9.1
 11  07 30      0    0    0.0      0    0    0.0        0    0    0.0
 12  04 00      0    0    0.0      0    0    0.0        0    0    0.0
 13  02 30      0    0    0.0      0    0    0.0        0    0    0.0
 14  01 00      0    0    0.0      0    0    0.0        0    0    0.0
 15    -
 16  02 00      2    3   14.9      0    0    0.0        2    3   14.9
 17  02 00      1   10   13.0      0    0    0.0        1   10   13.0
 18  00 00      1    9   12.3      0    0    0.0        1    9   12.3
 19    -
 20  06 30      1    6   10.4      1    4    9.1        2   10   19.5
 21  03 30      2    5   16.2      1    3    8.4        3    8   24.7
 22  01 00      1    9   12.3      1    3    8.4        2   12   20.8
 23  00 00      1   12   14.3      2    6   16.9        3   18   31.2
 24  00 30      2   17   24.0      2    9   18.8        4   26   42.9
 25  00 30      1   14   15.6      2    5   16.2        3   19   31.8
 26  06 40      1   15   16.2      2    4   15.6        3   19   31.8
 27    -
 28  02 00      1   12   14.3      2    5   16.2        3   17   30.5
 29  05 30      1    8   11.7      2    3   14.9        3   11   26.6
 30  00 00      1    4    9.1      1    3    8.4        2    7   17.5


 Monthly Mean            12.2               15.3                 27.5

 --------------------------------------------------------------------

 October   1952     (k = 0.65)

 Date Time(UT)      North              South                Total
      h  m      g    f     R       g    f     R         g    f     R
  1    -
  2  00 30      0    0    0.0      3    8   24.7        3    8   24.7
  3  01 45      0    0    0.0      2    6   16.9        2    6   16.9
  4  00 30      1    5    9.8      3    7   24.0        4   12   33.8
  4  23 00      1   10   13.0      2    9   18.8        3   19   31.8
  6    -
  7  07 15      1   12   14.3      1    2    7.8        2   14   22.1
  8    -
  9  00 30      1   20   19.5      0    0    0.0        1   20   19.5
 10  03 30      1   11   13.6      0    0    0.0        1   11   13.6
 11  00 00      1    7   11.0      0    0    0.0        1    7   11.0
 12  03 30      1   18   18.2      0    0    0.0        1   18   18.2
 13  01 00      3   17   30.5      0    0    0.0        3   17   30.5
 14  01 30      1    7   11.0      0    0    0.0        1    7   11.0
 15  00 15      1    6   10.4      0    0    0.0        1    6   10.4
 16  01 00      1    6   10.4      0    0    0.0        1    6   10.4
 17  01 00      0    0    0.0      0    0    0.0        0    0    0.0
 18  00 30      0    0    0.0      0    0    0.0        0    0    0.0
 19  00 00      0    0    0.0      1    2    7.8        1    2    7.8
 20  00 30      1   10   13.0      0    0    0.0        1   10   13.0
 21  00 30      1   22   20.8      0    0    0.0        1   22   20.8
 22  00 15      1   21   20.1      0    0    0.0        1   21   20.1
 23  00 00      1    5    9.8      0    0    0.0        1    5    9.8
 24    -
 25  02 00      1   52   40.3      0    0    0.0        1   52   40.3
 26  00 10      2   59   51.3      0    0    0.0        2   59   51.3
 27  01 00      2   57   50.0      0    0    0.0        2   57   50.0
 28    -
 29  01 00      2   45   42.2      0    0    0.0        2   45   42.2
 30    -
 31    -

 Monthly Mean            17.1                4.2                 21.2

 --------------------------------------------------------------------

 November  1952     (k = 0.65)

 Date Time(UT)      North              South                Total
      h  m      g    f     R       g    f     R         g    f     R
  1  00 30      1   15   16.2      0    0    0.0        1   15   16.2
  2  01 15      1   11   13.6      0    0    0.0        1   11   13.6
  3  00 45      1    2    7.8      0    0    0.0        1    2    7.8
  4  00 00      0    0    0.0      0    0    0.0        0    0    0.0
  5    -
  6  05 00      0    0    0.0      1   10   13.0        1   10   13.0
  7    -
  8  00 45      1   22   20.8      1    7   11.0        2   29   31.8
  9  01 30      1   21   20.1      1    5    9.8        2   26   29.9
  9  23 30      1   16   16.9      1    8   11.7        2   24   28.6
 11  00 45      1    8   11.7      2    5   16.2        3   13   27.9
 12  01 00      1    1    7.1      1    3    8.4        2    4   15.6
 13  02 00      1    5    9.8      1    2    7.8        2    7   17.5
 14  01 30      1   13   14.9      1    3    8.4        2   16   23.4
 15  05 00      1    4    9.1      1    2    7.8        2    6   16.9
 16  05 00      1    8   11.7      1    2    7.8        2   10   19.5
 17  02 00      1   26   23.4      0    0    0.0        1   26   23.4
 18  00 30      1   30   26.0      0    0    0.0        1   30   26.0
 19  01 00      1   61   46.1      0    0    0.0        1   61   46.1
 20    -
 21    -
 22  01 15      1   46   36.4      0    0    0.0        1   46   36.4
 23  01 15      1   43   34.4      0    0    0.0        1   43   34.4
 24    -
 25    -
 26  00 50      1   19   18.8      1    1    7.1        2   20   26.0
 27  01 00      1   17   17.5      0    0    0.0        1   17   17.5
 28    -
 29  01 30      0    0    0.0      0    0    0.0        0    0    0.0
 30  01 30      1    1    7.1      1    5    9.8        2    6   16.9


 Monthly Mean            16.1                5.2                 21.3

 --------------------------------------------------------------------

 December  1952     (k = 0.65)

 Date Time(UT)      North              South                Total
      h  m      g    f     R       g    f     R         g    f     R
  1  00 20      1    4    9.1      1    3    8.4        2    7   17.5
  2    -
  3  01 00      1    2    7.8      0    0    0.0        1    2    7.8
  4  00 20      1    5    9.8      0    0    0.0        1    5    9.8
  5  00 40      2   25   29.2      0    0    0.0        2   25   29.2
  6  01 00      2   21   26.6      0    0    0.0        2   21   26.6
  7  00 45      2   30   32.5      0    0    0.0        2   30   32.5
  8  00 15      2   31   33.1      0    0    0.0        2   31   33.1
  9    -
 10    -
 11  02 15      1   16   16.9      0    0    0.0        1   16   16.9
 12  01 30      3   21   33.1      1   12   14.3        4   33   47.4
 13  00 45      3   22   33.8      1   10   13.0        4   32   46.8
 14  01 20      2   10   19.5      2   30   32.5        4   40   52.0
 15  01 00      2   10   19.5      2   34   35.1        4   44   54.6
 16    -
 17  02 15      2   19   25.3      2   66   55.9        4   85   81.2
 18  01 30      2   17   24.0      2   29   31.8        4   46   55.9
 19  01 00      2   16   23.4      3   54   54.6        5   70   78.0
 20  01 00      1   11   13.6      2   21   26.6        3   32   40.3
 21    -
 22  01 00      1    4    9.1      2    4   15.6        3    8   24.7
 23  01 00      1    4    9.1      2    4   15.6        3    8   24.7
 24  06 00      1    5    9.8      2    7   17.5        3   12   27.3
 25  05 15      0    0    0.0      1    8   11.7        1    8   11.7
 26  01 15      0    0    0.0      2   12   20.8        2   12   20.8
 27  01 00      0    0    0.0      1    3    8.4        1    3    8.4
 28  00 30      0    0    0.0      0    0    0.0        0    0    0.0
 29  01 40      0    0    0.0      0    0    0.0        0    0    0.0
 30  01 00      1    2    7.8      0    0    0.0        1    2    7.8
 31  00 30      2    7   17.5      0    0    0.0        2    7   17.5

 Monthly Mean            15.8               13.9                 29.7

 --------------------------------------------------------------------

