 January   1996     (k = 0.60)

 Date Time(UT)      North              South                Total
      h  m      g    f     R       g    f     R         g    f     R
  1  00 41      0    0    0.0      0    0    0.0        0    0    0.0
  2  03 20      1    3    7.8      0    0    0.0        1    3    7.8
  3  00 20      2    3   13.8      0    0    0.0        2    3   13.8
  4  01 00      1   23   19.8      0    0    0.0        1   23   19.8
  5  00 35      2   56   45.6      1    1    6.6        3   57   52.2
  6  00 54      2   50   42.0      0    0    0.0        2   50   42.0
  7  00 55      3   37   40.2      1    1    6.6        4   38   46.8
  8  00 45      2   24   26.4      0    0    0.0        2   24   26.4
  9  00 55      2   11   18.6      0    0    0.0        2   11   18.6
 10  00 50      1    5    9.0      0    0    0.0        1    5    9.0
 11  00 55      0    0    0.0      0    0    0.0        0    0    0.0
 12  01 10      0    0    0.0      0    0    0.0        0    0    0.0
 13  01 05      0    0    0.0      0    0    0.0        0    0    0.0
 14  00 20      0    0    0.0      0    0    0.0        0    0    0.0
 15  01 45      0    0    0.0      0    0    0.0        0    0    0.0
 16  01 00      0    0    0.0      0    0    0.0        0    0    0.0
 17  02 40      0    0    0.0      0    0    0.0        0    0    0.0
 18    -
 19  00 50      0    0    0.0      0    0    0.0        0    0    0.0
 20    -
 21  03 29      0    0    0.0      0    0    0.0        0    0    0.0
 22  00 40      0    0    0.0      0    0    0.0        0    0    0.0
 23  00 00      0    0    0.0      0    0    0.0        0    0    0.0
 24  01 41      1    1    6.6      0    0    0.0        1    1    6.6
 25  00 47      1    1    6.6      0    0    0.0        1    1    6.6
 26  05 20      1    1    6.6      0    0    0.0        1    1    6.6
 27  05 02      1    1    6.6      0    0    0.0        1    1    6.6
 28  00 40      1    2    7.2      0    0    0.0        1    2    7.2
 29  02 00      1    1    6.6      0    0    0.0        1    1    6.6
 30  01 20      1    1    6.6      0    0    0.0        1    1    6.6
 31  01 20      1    2    7.2      0    0    0.0        1    2    7.2

 Monthly Mean             9.6                0.5                 10.0

 --------------------------------------------------------------------

 February  1996     (k = 0.60)

 Date Time(UT)      North              South                Total
      h  m      g    f     R       g    f     R         g    f     R
  1  01 15      1    6    9.6      0    0    0.0        1    6    9.6
  2  02 00      1    5    9.0      0    0    0.0        1    5    9.0
  3  04 05      0    0    0.0      0    0    0.0        0    0    0.0
  4  05 10      0    0    0.0      0    0    0.0        0    0    0.0
  5  00 30      0    0    0.0      0    0    0.0        0    0    0.0
  6  00 35      0    0    0.0      0    0    0.0        0    0    0.0
  7  00 20      0    0    0.0      0    0    0.0        0    0    0.0
  8  00 10      0    0    0.0      0    0    0.0        0    0    0.0
  9  00 30      0    0    0.0      0    0    0.0        0    0    0.0
 10  04 10      0    0    0.0      0    0    0.0        0    0    0.0
 11  03 10      0    0    0.0      0    0    0.0        0    0    0.0
 12  01 01      0    0    0.0      0    0    0.0        0    0    0.0
 13  00 30      0    0    0.0      0    0    0.0        0    0    0.0
 14  00 50      0    0    0.0      0    0    0.0        0    0    0.0
 15  00 40      1    2    7.2      0    0    0.0        1    2    7.2
 16    -
 17    -
 18    -
 19    -
 20  00 20      1    3    7.8      0    0    0.0        1    3    7.8
 21  00 50      1    6    9.6      0    0    0.0        1    6    9.6
 22  00 40      1    2    7.2      0    0    0.0        1    2    7.2
 23  00 40      1    3    7.8      0    0    0.0        1    3    7.8
 24  00 11      2   11   18.6      0    0    0.0        2   11   18.6
 25    -
 26    -
 27    -
 28  00 45      0    0    0.0      0    0    0.0        0    0    0.0
 29  00 45      0    0    0.0      1    7   10.2        1    7   10.2



 Monthly Mean             3.5                0.5                  4.0

 --------------------------------------------------------------------

 March     1996     (k = 0.60)

 Date Time(UT)      North              South                Total
      h  m      g    f     R       g    f     R         g    f     R
  1  04 10      0    0    0.0      1    2    7.2        1    2    7.2
  2  00 34      0    0    0.0      0    0    0.0        0    0    0.0
  3  00 15      0    0    0.0      0    0    0.0        0    0    0.0
  4  01 00      0    0    0.0      0    0    0.0        0    0    0.0
  5  00 55      0    0    0.0      0    0    0.0        0    0    0.0
  6  00 45      0    0    0.0      0    0    0.0        0    0    0.0
  7  00 15      0    0    0.0      1    2    7.2        1    2    7.2
  8    -
  9  02 30      0    0    0.0      0    0    0.0        0    0    0.0
 10  00 35      0    0    0.0      0    0    0.0        0    0    0.0
 11  05 30      0    0    0.0      1    8   10.8        1    8   10.8
 12  00 40      0    0    0.0      1   10   12.0        1   10   12.0
 13  02 30      0    0    0.0      1   12   13.2        1   12   13.2
 14  00 55      0    0    0.0      1   10   12.0        1   10   12.0
 15    -
 16  00 55      0    0    0.0      1    7   10.2        1    7   10.2
 17    -
 18    -
 19  00 55      0    0    0.0      1    1    6.6        1    1    6.6
 20    -
 21  00 20      0    0    0.0      0    0    0.0        0    0    0.0
 22  05 40      1   10   12.0      0    0    0.0        1   10   12.0
 23  02 10      1    9   11.4      0    0    0.0        1    9   11.4
 24  03 03      1    7   10.2      0    0    0.0        1    7   10.2
 25    -
 26  01 40      2   13   19.8      0    0    0.0        2   13   19.8
 27    -
 27  23 55      2    9   17.4      0    0    0.0        2    9   17.4
 29  01 50      1    2    7.2      0    0    0.0        1    2    7.2
 30    -
 31  00 55      0    0    0.0      0    0    0.0        0    0    0.0

 Monthly Mean             3.4                3.4                  6.8

 --------------------------------------------------------------------

 April     1996     (k = 0.60)

 Date Time(UT)      North              South                Total
      h  m      g    f     R       g    f     R         g    f     R
  1    -
  2    -
  3  00 35      2    5   15.0      0    0    0.0        2    5   15.0
  4  00 40      1    3    7.8      0    0    0.0        1    3    7.8
  5  00 35      0    0    0.0      0    0    0.0        0    0    0.0
  6  00 58      0    0    0.0      0    0    0.0        0    0    0.0
  7  01 26      0    0    0.0      0    0    0.0        0    0    0.0
  8  02 00      0    0    0.0      0    0    0.0        0    0    0.0
  9  00 00      0    0    0.0      0    0    0.0        0    0    0.0
 10  00 05      0    0    0.0      0    0    0.0        0    0    0.0
 11  03 35      0    0    0.0      0    0    0.0        0    0    0.0
 12  00 10      1    3    7.8      0    0    0.0        1    3    7.8
 13  01 00      1    3    7.8      0    0    0.0        1    3    7.8
 14  00 10      0    0    0.0      0    0    0.0        0    0    0.0
 15  03 00      0    0    0.0      0    0    0.0        0    0    0.0
 16    -
 16  23 50      1    3    7.8      0    0    0.0        1    3    7.8
 18  05 05      1    2    7.2      1    3    7.8        2    5   15.0
 19    -
 20    -
 21  00 15      0    0    0.0      1   10   12.0        1   10   12.0
 22  04 30      0    0    0.0      1    8   10.8        1    8   10.8
 22  23 50      0    0    0.0      1    2    7.2        1    2    7.2
 23  23 50      0    0    0.0      0    0    0.0        0    0    0.0
 24  23 45      0    0    0.0      0    0    0.0        0    0    0.0
 25  23 40      0    0    0.0      0    0    0.0        0    0    0.0
 27  01 50      0    0    0.0      0    0    0.0        0    0    0.0
 27  23 48      0    0    0.0      0    0    0.0        0    0    0.0
 29  02 45      0    0    0.0      0    0    0.0        0    0    0.0
 30    -


 Monthly Mean             2.2                1.6                  3.8

 --------------------------------------------------------------------

 May       1996     (k = 0.60)

 Date Time(UT)      North              South                Total
      h  m      g    f     R       g    f     R         g    f     R
 30  23 40      0    0    0.0      0    0    0.0        0    0    0.0
  2    -
  3  00 36      0    0    0.0      0    0    0.0        0    0    0.0
  4    -
  5  03 00      0    0    0.0      0    0    0.0        0    0    0.0
  6  01 55      1    3    7.8      0    0    0.0        1    3    7.8
  7    -
  8    -
  9    -
 10  00 00      0    0    0.0      1   12   13.2        1   12   13.2
 11    -
 12  02 40      0    0    0.0      1   17   16.2        1   17   16.2
 13  01 20      0    0    0.0      1   12   13.2        1   12   13.2
 14  04 50      0    0    0.0      1   11   12.6        1   11   12.6
 15  00 10      0    0    0.0      2   14   20.4        2   14   20.4
 15  23 45      0    0    0.0      1    5    9.0        1    5    9.0
 17  00 55      0    0    0.0      1    2    7.2        1    2    7.2
 18    -
 19  00 32      0    0    0.0      0    0    0.0        0    0    0.0
 20  00 05      0    0    0.0      0    0    0.0        0    0    0.0
 21  00 00      0    0    0.0      0    0    0.0        0    0    0.0
 22  06 25      0    0    0.0      0    0    0.0        0    0    0.0
 22  23 50      0    0    0.0      0    0    0.0        0    0    0.0
 24  00 30      0    0    0.0      0    0    0.0        0    0    0.0
 25  00 15      0    0    0.0      0    0    0.0        0    0    0.0
 26  00 20      0    0    0.0      0    0    0.0        0    0    0.0
 27  00 15      0    0    0.0      0    0    0.0        0    0    0.0
 28  00 00      0    0    0.0      0    0    0.0        0    0    0.0
 29    -
 30  00 45      0    0    0.0      0    0    0.0        0    0    0.0
 31  00 20      0    0    0.0      0    0    0.0        0    0    0.0

 Monthly Mean             0.3                4.0                  4.3

 --------------------------------------------------------------------

 June      1996     (k = 0.60)

 Date Time(UT)      North              South                Total
      h  m      g    f     R       g    f     R         g    f     R
  1  00 10      1    1    6.6      0    0    0.0        1    1    6.6
  2  00 35      1    1    6.6      0    0    0.0        1    1    6.6
  3  00 00      1    1    6.6      0    0    0.0        1    1    6.6
  4  01 15      2    5   15.0      0    0    0.0        2    5   15.0
  5  00 30      1    2    7.2      0    0    0.0        1    2    7.2
  5  23 40      1    7   10.2      0    0    0.0        1    7   10.2
  6  23 50      1   15   15.0      0    0    0.0        1   15   15.0
  8  06 35      1   19   17.4      0    0    0.0        1   19   17.4
  9    -
 10    -
 11    -
 12  04 20      1    2    7.2      0    0    0.0        1    2    7.2
 13    -
 14    -
 15    -
 16  00 12      0    0    0.0      0    0    0.0        0    0    0.0
 17  04 50      0    0    0.0      0    0    0.0        0    0    0.0
 18    -
 19  02 20      2    5   15.0      0    0    0.0        2    5   15.0
 20  00 05      2    3   13.8      0    0    0.0        2    3   13.8
 21    -
 22    -
 23    -
 24  04 05      1    2    7.2      0    0    0.0        1    2    7.2
 25  03 35      2    4   14.4      0    0    0.0        2    4   14.4
 26  00 00      0    0    0.0      0    0    0.0        0    0    0.0
 27  00 00      0    0    0.0      0    0    0.0        0    0    0.0
 27  23 55      2    6   15.6      0    0    0.0        2    6   15.6
 29  01 30      2    4   14.4      0    0    0.0        2    4   14.4
 30  03 10      2    6   15.6      0    0    0.0        2    6   15.6


 Monthly Mean             9.4                0.0                  9.4

 --------------------------------------------------------------------

 July      1996     (k = 0.60)

 Date Time(UT)      North              South                Total
      h  m      g    f     R       g    f     R         g    f     R
  1  03 45      1    2    7.2      0    0    0.0        1    2    7.2
  2  00 35      1    2    7.2      0    0    0.0        1    2    7.2
  3  00 05      1    3    7.8      0    0    0.0        1    3    7.8
  4  00 00      0    0    0.0      0    0    0.0        0    0    0.0
  5  00 05      0    0    0.0      1    3    7.8        1    3    7.8
  6  00 10      0    0    0.0      0    0    0.0        0    0    0.0
  7    -
  8    -
  9    -
 10    -
 11  00 30      0    0    0.0      1   31   24.6        1   31   24.6
 12  00 05      0    0    0.0      1   15   15.0        1   15   15.0
 13  00 15      0    0    0.0      1    5    9.0        1    5    9.0
 14  01 40      0    0    0.0      0    0    0.0        0    0    0.0
 15  00 00      0    0    0.0      0    0    0.0        0    0    0.0
 16  00 45      0    0    0.0      0    0    0.0        0    0    0.0
 17  00 15      0    0    0.0      0    0    0.0        0    0    0.0
 18  00 20      0    0    0.0      0    0    0.0        0    0    0.0
 19  00 05      0    0    0.0      0    0    0.0        0    0    0.0
 20    -
 21    -
 22    -
 23    -
 24  01 35      0    0    0.0      0    0    0.0        0    0    0.0
 25  00 40      0    0    0.0      0    0    0.0        0    0    0.0
 26  00 20      0    0    0.0      0    0    0.0        0    0    0.0
 27  02 05      0    0    0.0      1    2    7.2        1    2    7.2
 28  00 05      0    0    0.0      1    8   10.8        1    8   10.8
 28  23 50      0    0    0.0      1   12   13.2        1   12   13.2
 30  03 05      0    0    0.0      1   12   13.2        1   12   13.2
 30  23 55      0    0    0.0      1   27   22.2        1   27   22.2

 Monthly Mean             1.0                5.3                  6.3

 --------------------------------------------------------------------

 August    1996     (k = 0.60)

 Date Time(UT)      North              South                Total
      h  m      g    f     R       g    f     R         g    f     R
  1  00 10      0    0    0.0      1   20   18.0        1   20   18.0
  2  00 05      0    0    0.0      1   42   31.2        1   42   31.2
  3    -
  4  02 40      0    0    0.0      1   26   21.6        1   26   21.6
  5  00 15      0    0    0.0      1   34   26.4        1   34   26.4
  6  02 15      1    1    6.6      1    5    9.0        2    6   15.6
  6  23 50      1    3    7.8      1    4    8.4        2    7   16.2
  8  00 00      1    8   10.8      1    2    7.2        2   10   18.0
  9  00 00      1    5    9.0      0    0    0.0        1    5    9.0
 10  02 30      1   12   13.2      0    0    0.0        1   12   13.2
 11  00 59      1   14   14.4      0    0    0.0        1   14   14.4
 12  00 00      1   21   18.6      0    0    0.0        1   21   18.6
 12  23 55      1   11   12.6      0    0    0.0        1   11   12.6
 13  23 15      1    3    7.8      0    0    0.0        1    3    7.8
 15  00 15      2    6   15.6      0    0    0.0        2    6   15.6
 16  00 10      1    7   10.2      0    0    0.0        1    7   10.2
 17    -
 18  03 40      1    4    8.4      0    0    0.0        1    4    8.4
 19  00 30      0    0    0.0      0    0    0.0        0    0    0.0
 19  23 55      0    0    0.0      0    0    0.0        0    0    0.0
 20  23 45      1    4    8.4      0    0    0.0        1    4    8.4
 22  00 30      1    1    6.6      0    0    0.0        1    1    6.6
 22  23 50      1    5    9.0      0    0    0.0        1    5    9.0
 24    -
 25    -
 26  01 55      0    0    0.0      2    4   14.4        2    4   14.4
 27    -
 28    -
 29    -
 30    -
 31    -

 Monthly Mean             7.2                6.2                 13.4

 --------------------------------------------------------------------

 September 1996     (k = 0.60)

 Date Time(UT)      North              South                Total
      h  m      g    f     R       g    f     R         g    f     R
  1  04 40      0    0    0.0      2    7   16.2        2    7   16.2
  1  23 45      0    0    0.0      2    6   15.6        2    6   15.6
  3  01 10      0    0    0.0      1    2    7.2        1    2    7.2
  3  23 45      0    0    0.0      1    1    6.6        1    1    6.6
  5  01 10      0    0    0.0      0    0    0.0        0    0    0.0
  6  00 05      0    0    0.0      0    0    0.0        0    0    0.0
  7    -
  8  00 36      0    0    0.0      1    5    9.0        1    5    9.0
  9    -
 10  04 50      0    0    0.0      0    0    0.0        0    0    0.0
 10  23 45      0    0    0.0      0    0    0.0        0    0    0.0
 11  23 40      1    3    7.8      0    0    0.0        1    3    7.8
 13    -
 14    -
 15  01 30      0    0    0.0      0    0    0.0        0    0    0.0
 16  00 20      0    0    0.0      0    0    0.0        0    0    0.0
 17  00 30      0    0    0.0      0    0    0.0        0    0    0.0
 18  00 00      0    0    0.0      0    0    0.0        0    0    0.0
 18  23 45      0    0    0.0      0    0    0.0        0    0    0.0
 20  00 45      0    0    0.0      0    0    0.0        0    0    0.0
 21    -
 22    -
 23  04 55      0    0    0.0      0    0    0.0        0    0    0.0
 24  01 30      0    0    0.0      0    0    0.0        0    0    0.0
 25    -
 26    -
 27  02 25      0    0    0.0      0    0    0.0        0    0    0.0
 28  00 30      0    0    0.0      0    0    0.0        0    0    0.0
 29  00 55      0    0    0.0      0    0    0.0        0    0    0.0
 30    -


 Monthly Mean             0.4                2.6                  3.0

 --------------------------------------------------------------------

 October   1996     (k = 0.60)

 Date Time(UT)      North              South                Total
      h  m      g    f     R       g    f     R         g    f     R
  1    -
  2  00 05      0    0    0.0      0    0    0.0        0    0    0.0
  3  01 10      0    0    0.0      0    0    0.0        0    0    0.0
  4  03 30      0    0    0.0      0    0    0.0        0    0    0.0
  5  04 55      0    0    0.0      0    0    0.0        0    0    0.0
  6    -
  6  23 40      0    0    0.0      0    0    0.0        0    0    0.0
  8    -
  9    -
 10    -
 11    -
 12    -
 13  01 20      0    0    0.0      0    0    0.0        0    0    0.0
 14    -
 15  00 55      0    0    0.0      0    0    0.0        0    0    0.0
 16  00 25      0    0    0.0      0    0    0.0        0    0    0.0
 17  00 25      0    0    0.0      0    0    0.0        0    0    0.0
 18  00 00      0    0    0.0      0    0    0.0        0    0    0.0
 19  00 00      0    0    0.0      0    0    0.0        0    0    0.0
 20  00 00      0    0    0.0      0    0    0.0        0    0    0.0
 20  23 50      1    1    6.6      0    0    0.0        1    1    6.6
 21  23 50      0    0    0.0      0    0    0.0        0    0    0.0
 22  23 40      0    0    0.0      0    0    0.0        0    0    0.0
 23  23 35      0    0    0.0      0    0    0.0        0    0    0.0
 25  01 00      0    0    0.0      0    0    0.0        0    0    0.0
 26  00 50      0    0    0.0      0    0    0.0        0    0    0.0
 27  00 57      0    0    0.0      1    6    9.6        1    6    9.6
 28  01 10      0    0    0.0      1    1    6.6        1    1    6.6
 28  23 45      0    0    0.0      0    0    0.0        0    0    0.0
 30  00 55      0    0    0.0      0    0    0.0        0    0    0.0
 31    -

 Monthly Mean             0.3                0.7                  1.0

 --------------------------------------------------------------------

 November  1996     (k = 0.60)

 Date Time(UT)      North              South                Total
      h  m      g    f     R       g    f     R         g    f     R
  1    -
  2    -
  3  04 40      0    0    0.0      0    0    0.0        0    0    0.0
  4  04 45      0    0    0.0      0    0    0.0        0    0    0.0
  5    -
  6  01 20      0    0    0.0      0    0    0.0        0    0    0.0
  7  00 55      0    0    0.0      0    0    0.0        0    0    0.0
  8    -
  9    -
 10    -
 11    -
 12    -
 13  01 50      1    4    8.4      0    0    0.0        1    4    8.4
 14  03 15      0    0    0.0      1    3    7.8        1    3    7.8
 15  00 15      1    4    8.4      1    2    7.2        2    6   15.6
 16  01 40      1    5    9.0      1    2    7.2        2    7   16.2
 17  00 45      1    1    6.6      1    4    8.4        2    5   15.0
 18  03 35      1    2    7.2      1    1    6.6        2    3   13.8
 19  01 40      1    1    6.6      0    0    0.0        1    1    6.6
 20    -
 21  01 40      1    2    7.2      1    1    6.6        2    3   13.8
 22  00 00      1    1    6.6      1    7   10.2        2    8   16.8
 23  00 45      1   22   19.2      1   12   13.2        2   34   32.4
 24  02 02      1   13   13.8      1   20   18.0        2   33   31.8
 25  00 20      1   20   18.0      2   49   41.4        3   69   59.4
 26  00 30      1   10   12.0      2   64   50.4        3   74   62.4
 27    -
 28  00 25      0    0    0.0      1   48   34.8        1   48   34.8
 29  01 45      0    0    0.0      1   42   31.2        1   42   31.2
 30  04 00      0    0    0.0      1   36   27.6        1   36   27.6


 Monthly Mean             6.2               13.5                 19.7

 --------------------------------------------------------------------

 December  1996     (k = 0.60)

 Date Time(UT)      North              South                Total
      h  m      g    f     R       g    f     R         g    f     R
  1  00 20      0    0    0.0      2   26   27.6        2   26   27.6
  2  00 00      0    0    0.0      1   11   12.6        1   11   12.6
  3  01 05      0    0    0.0      0    0    0.0        0    0    0.0
  4  00 45      1    1    6.6      0    0    0.0        1    1    6.6
  5  04 25      0    0    0.0      0    0    0.0        0    0    0.0
  6  00 45      0    0    0.0      0    0    0.0        0    0    0.0
  7  00 55      0    0    0.0      0    0    0.0        0    0    0.0
  8  00 00      0    0    0.0      1    5    9.0        1    5    9.0
  9  00 20      0    0    0.0      1   12   13.2        1   12   13.2
 10  02 15      0    0    0.0      1   12   13.2        1   12   13.2
 11  00 25      0    0    0.0      1   14   14.4        1   14   14.4
 12  00 30      1    3    7.8      1   16   15.6        2   19   23.4
 13    -
 14  04 54      1    2    7.2      1    9   11.4        2   11   18.6
 15  03 30      1    3    7.8      1    4    8.4        2    7   16.2
 16  01 10      1   10   12.0      2    3   13.8        3   13   25.8
 17  00 10      1    8   10.8      0    0    0.0        1    8   10.8
 18    -
 19  01 00      1   18   16.8      0    0    0.0        1   18   16.8
 20  00 55      1   11   12.6      0    0    0.0        1   11   12.6
 21  00 15      2    4   14.4      1    2    7.2        3    6   21.6
 22  00 15      2   10   18.0      1    2    7.2        3   12   25.2
 23  00 40      2    5   15.0      0    0    0.0        2    5   15.0
 24  04 10      0    0    0.0      1    2    7.2        1    2    7.2
 25  00 35      0    0    0.0      1    1    6.6        1    1    6.6
 26  00 15      0    0    0.0      0    0    0.0        0    0    0.0
 27  00 20      0    0    0.0      0    0    0.0        0    0    0.0
 28  00 25      0    0    0.0      0    0    0.0        0    0    0.0
 29  00 40      0    0    0.0      0    0    0.0        0    0    0.0
 30  00 20      0    0    0.0      0    0    0.0        0    0    0.0
 31  00 26      0    0    0.0      0    0    0.0        0    0    0.0

 Monthly Mean             4.4                5.8                 10.2

 --------------------------------------------------------------------

