 January   1950     (k = 0.70)

 Date Time(UT)      North              South                Total
      h  m      g    f     R       g    f     R         g    f     R
  1    -
  2  01 15      5   76   88.2      1    2    8.4        6   78   96.6
  3  00 51      5   84   93.8      1    2    8.4        6   86  102.2
  4  01 00      3   33   44.1      1    2    8.4        4   35   52.5
  5  03 30      5   55   73.5      1    3    9.1        6   58   82.6
  6  02 00      7   66   95.2      3   10   28.0       10   76  123.2
  7  01 30      4   41   56.7      2    5   17.5        6   46   74.2
  8  00 53      5   39   62.3      2    5   17.5        7   44   79.8
  9  00 25      4   54   65.8      2    5   17.5        6   59   83.3
 10    -
 11  01 20      5   66   81.2      2   24   30.8        7   90  112.0
 12  02 00      5   59   76.3      2   11   21.7        7   70   98.0
 13  01 30      3   54   58.8      1    3    9.1        4   57   67.9
 14    -
 15  01 30      5   51   70.7      2   11   21.7        7   62   92.4
 16  01 45      6   31   63.7      2    8   19.6        8   39   83.3
 17  01 00      7   31   70.7      1    4    9.8        8   35   80.5
 18    -
 19    -
 20  01 50      8  119  139.3      5   32   57.4       13  151  196.7
 21  01 30      7  105  122.5      2   36   39.2        9  141  161.7
 22  00 45      6   83  100.1      2   39   41.3        8  122  141.4
 23  01 25      6   73   93.1      2   26   32.2        8   99  125.3
 24  00 25      8   84  114.8      2   31   35.7       10  115  150.5
 25  00 45      9  145  164.5      3   37   46.9       12  182  211.4
 26  00 50      9  131  154.7      3   26   39.2       12  157  193.9
 27  00 40      8  121  140.7      3   22   36.4       11  143  177.1
 28  01 00      7   64   93.8      2    6   18.2        9   70  112.0
 29  01 15      6   37   67.9      2    6   18.2        8   43   86.1
 30    -
 31  00 00      4   26   46.2      2    5   17.5        6   31   63.7

 Monthly Mean            89.5               24.4                113.9

 --------------------------------------------------------------------

 February  1950     (k = 0.70)

 Date Time(UT)      North              South                Total
      h  m      g    f     R       g    f     R         g    f     R
  1  01 30      5   17   46.9      1    3    9.1        6   20   56.0
  2  00 00      3    4   23.8      1    3    9.1        4    7   32.9
  3  07 00      1    7   11.9      0    0    0.0        1    7   11.9
  4  01 26      3    5   24.5      2    4   16.8        5    9   41.3
  4  23 15      2    3   16.1      1    1    7.7        3    4   23.8
  5  23 50      3    6   25.2      2    6   18.2        5   12   43.4
  6  23 35      3    4   23.8      0    0    0.0        3    4   23.8
  8  02 00      3   15   31.5      0    0    0.0        3   15   31.5
  9  01 00      2    7   18.9      0    0    0.0        2    7   18.9
  9  23 00      3    6   25.2      1    2    8.4        4    8   33.6
 11    -
 12    -
 13  00 05      3   11   28.7      2   44   44.8        5   55   73.5
 14  00 00      7   29   69.3      2   22   29.4        9   51   98.7
 15  04 22      5   39   62.3      3   49   55.3        8   88  117.6
 16    -
 17  06 45      5  107  109.9      3   37   46.9        8  144  156.8
 17  23 46      6  103  114.1      3   30   42.0        9  133  156.1
 19  00 06      7   94  114.8      3   22   36.4       10  116  151.2
 19  23 56      9  131  154.7      2   11   21.7       11  142  176.4
 21  00 00      9  132  155.4      1    4    9.8       10  136  165.2
 22  01 45     10  112  148.4      1    4    9.8       11  116  158.2
 22  23 35     10  102  141.4      1    3    9.1       11  105  150.5
 24  00 20      8   91  119.7      0    0    0.0        8   91  119.7
 24  23 48      8   34   79.8      0    0    0.0        8   34   79.8
 26  06 00      7   30   70.0      1    2    8.4        8   32   78.4
 27  04 30      5   15   45.5      1    6   11.2        6   21   56.7
 28  00 30      5   14   44.8      4   12   36.4        9   26   81.2




 Monthly Mean            68.3               17.2                 85.5

 --------------------------------------------------------------------

 March     1950     (k = 0.70)

 Date Time(UT)      North              South                Total
      h  m      g    f     R       g    f     R         g    f     R
  1  00 27      4    9   34.3      3   16   32.2        7   25   66.5
  1  23 15      4    8   33.6      4   15   38.5        8   23   72.1
  2  23 55      5   12   43.4      3   16   32.2        8   28   75.6
  4  00 15      6   32   64.4      4   27   46.9       10   59  111.3
  4  23 25      5   30   56.0      5   48   68.6       10   78  124.6
  5  23 52      6   24   58.8      6   52   78.4       12   76  137.2
  7    -
  8  00 15      7   48   82.6      6   49   76.3       13   97  158.9
  9    -
 10    -
 11  00 10      6   75   94.5      5   47   67.9       11  122  162.4
 11  23 00      4   43   58.1      3   24   37.8        7   67   95.9
 12  23 45      5   77   88.9      2   18   26.6        7   95  115.5
 13  23 15      7   44   79.8      4   27   46.9       11   71  126.7
 14  23 15      5   36   60.2      4   27   46.9        9   63  107.1
 15  23 00      6   50   77.0      4   39   55.3       10   89  132.3
 17  01 00      5   53   72.1      2   20   28.0        7   73  100.1
 18  00 00      4   41   56.7      1   14   16.8        5   55   73.5
 19  02 15      4   50   63.0      2   12   22.4        6   62   85.4
 19  23 15      3   53   58.1      2    6   18.2        5   59   76.3
 20  23 30      3   26   39.2      2    5   17.5        5   31   56.7
 22  00 15      4   19   41.3      1   10   14.0        5   29   55.3
 23  05 00      3   18   33.6      3   25   38.5        6   43   72.1
 24  01 00      3   12   29.4      2   12   22.4        5   24   51.8
 24  23 45      4   13   37.1      4   25   45.5        8   38   82.6
 26    -
 27  01 15      3   14   30.8      3   23   37.1        6   37   67.9
 28  00 15      3   17   32.9      4   25   45.5        7   42   78.4
 29  07 10      7   66   95.2      5   26   53.2       12   92  148.4
 30    -
 31  00 30      5   44   65.8      3   37   46.9        8   81  112.7

 Monthly Mean            57.2               40.8                 98.0

 --------------------------------------------------------------------

 April     1950     (k = 0.70)

 Date Time(UT)      North              South                Total
      h  m      g    f     R       g    f     R         g    f     R
  1    -
  1  23 27      3   22   36.4      4   24   44.8        7   46   81.2
  3  02 00      4   43   58.1      3   31   42.7        7   74  100.8
  3  23 30      5   61   77.7      5   46   67.2       10  107  144.9
  5    -
  6    -
  7    -
  8  00 00      4   39   55.3      4   42   57.4        8   81  112.7
  9  00 15      4   60   70.0      3   30   42.0        7   90  112.0
  9  23 30      4   60   70.0      2   11   21.7        6   71   91.7
 11  05 30      2   52   50.4      2   13   23.1        4   65   73.5
 11  23 15      5   74   86.8      2   14   23.8        7   88  110.6
 12  23 15      3   94   86.8      1    7   11.9        4  101   98.7
 14  00 30      4  135  122.5      1    6   11.2        5  141  133.7
 15  00 00      4  140  126.0      1    3    9.1        5  143  135.1
 16  07 25      6  135  136.5      0    0    0.0        6  135  136.5
 17  00 00      6  122  127.4      0    0    0.0        6  122  127.4
 18  02 30      4  103  100.1      0    0    0.0        4  103  100.1
 18  23 30      4  102   99.4      0    0    0.0        4  102   99.4
 20    -
 21    -
 21  23 45      2   26   32.2      2   43   44.1        4   69   76.3
 23  06 30      2   11   21.7      2   30   35.0        4   41   56.7
 24  00 30      3   24   37.8      4  122  113.4        7  146  151.2
 25    -
 26  02 15      3   10   28.0      6  124  128.8        9  134  156.8
 27  03 45      1    4    9.8      6   64   86.8        7   68   96.6
 28  00 40      2   15   24.5      6  141  140.7        8  156  165.2
 29  00 30      4   33   51.1      5  108  110.6        9  141  161.7
 30  01 00      3   44   51.8      7  118  131.6       10  162  183.4


 Monthly Mean            67.8               49.8                117.7

 --------------------------------------------------------------------

 May       1950     (k = 0.70)

 Date Time(UT)      North              South                Total
      h  m      g    f     R       g    f     R         g    f     R
 30  23 30      4   57   67.9      7   97  116.9       11  154  184.8
  2  00 15      6   71   91.7      8   58   96.6       14  129  188.3
  3    -
  3  04 30      6   85  101.5      3   25   38.5        9  110  140.0
  5    -
  6    -
  6  22 15      7  113  128.1      3   14   30.8       10  127  158.9
  8    -
  8  22 30      7   70   98.0      3   38   47.6       10  108  145.6
 10    -
 10  23 30      3   30   42.0      4   21   42.7        7   51   84.7
 11  23 40      4   90   91.0      4   15   38.5        8  105  129.5
 13    -
 13  22 45      4   37   53.9      0    0    0.0        4   37   53.9
 14  22 30      2   25   31.5      0    0    0.0        2   25   31.5
 16    -
 17  01 30      4   48   61.6      1    6   11.2        5   54   72.8
 18    -
 19  00 00      3   12   29.4      4   83   86.1        7   95  115.5
 20    -
 20  23 30      3   16   32.2      3   41   49.7        6   57   81.9
 21  23 56      4   42   57.4      3   74   72.8        7  116  130.2
 22  22 23      4   61   70.7      3   44   51.8        7  105  122.5
 24  00 30      5   94  100.8      3   33   44.1        8  127  144.9
 24  22 30      6  112  120.4      4   32   50.4       10  144  170.8
 25  23 00      5  136  130.2      4   33   51.1        9  169  181.3
 26  22 30      5  111  112.7      4   19   41.3        9  130  154.0
 27  23 30      6  109  118.3      3   14   30.8        9  123  149.1
 28  22 15      6   73   93.1      2    7   18.9        8   80  112.0
 30  06 15      4   43   58.1      2    9   20.3        6   52   78.4
 31    -

 Monthly Mean            80.5               44.8                125.3

 --------------------------------------------------------------------

 June      1950     (k = 0.70)

 Date Time(UT)      North              South                Total
      h  m      g    f     R       g    f     R         g    f     R
  1    -
  2    -
  3  04 50      6   53   79.1      0    0    0.0        6   53   79.1
  4    -
  4  22 15      5   53   72.1      1    1    7.7        6   54   79.8
  5  22 45      5   42   64.4      0    0    0.0        5   42   64.4
  6  22 00      3   25   38.5      0    0    0.0        3   25   38.5
  7  22 15      6   23   58.1      2    6   18.2        8   29   76.3
  8  22 30      7   70   98.0      3   38   47.6       10  108  145.6
 10    -
 11    -
 12    -
 13    -
 14    -
 14  22 30      4   15   38.5      3   70   70.0        7   85  108.5
 16  00 10      4   10   35.0      3   75   73.5        7   85  108.5
 16  23 30      3    9   27.3      3   49   55.3        6   58   82.6
 18  02 00      3   11   28.7      2   34   37.8        5   45   66.5
 19  00 30      3   10   28.0      2   20   28.0        5   30   56.0
 20    -
 20  22 00      3   24   37.8      4   10   35.0        7   34   72.8
 22    -
 23  02 30      6   62   85.4      2   14   23.8        8   76  109.2
 23  23 00      5   49   69.3      1    4    9.8        6   53   79.1
 24  23 00      8   86  116.2      1    4    9.8        9   90  126.0
 25  22 15      5   69   83.3      2   16   25.2        7   85  108.5
 26  22 50      5   59   76.3      2   20   28.0        7   79  104.3
 28    -
 28    -
 30  04 00      2   11   21.7      3   20   35.0        5   31   56.7


 Monthly Mean            58.8               28.0                 86.8

 --------------------------------------------------------------------

 July      1950     (k = 0.70)

 Date Time(UT)      North              South                Total
      h  m      g    f     R       g    f     R         g    f     R
 30  22 35      2   10   21.0      3   25   38.5        5   35   59.5
  1  23 30      1    3    9.1      3   30   42.0        4   33   51.1
  2  22 05      2    6   18.2      2   39   41.3        4   45   59.5
  4  01 00      2    5   17.5      2    9   20.3        4   14   37.8
  4  22 30      3   32   43.4      1    3    9.1        4   35   52.5
  5  23 26      4   46   60.2      1    4    9.8        5   50   70.0
  7  00 30      4   83   86.1      2   14   23.8        6   97  109.9
  7  23 15      4   62   71.4      2   10   21.0        6   72   92.4
  8  22 15      5   46   67.2      1    4    9.8        6   50   77.0
 10  05 15      4   42   57.4      1    5   10.5        5   47   67.9
 10  22 15      5   77   88.9      1    9   13.3        6   86  102.2
 11  22 00      3   68   68.6      1    6   11.2        4   74   79.8
 12  23 00      3   70   70.0      1    5   10.5        4   75   80.5
 14  00 40      5   76   88.2      4   34   51.8        9  110  140.0
 14  22 24      3   48   54.6      4   22   43.4        7   70   98.0
 15  23 30      3   21   35.7      2   20   28.0        5   41   63.7
 16  23 06      4   40   56.0      3   21   35.7        7   61   91.7
 17  22 15      5   54   72.8      2   18   26.6        7   72   99.4
 18  22 45      5   47   67.9      2   12   22.4        7   59   90.3
 19  22 35      4   61   70.7      2    5   17.5        6   66   88.2
 21  00 40      5   91   98.7      2   10   21.0        7  101  119.7
 21  23 20      4   90   91.0      2   14   23.8        6  104  114.8
 22  23 00      4   85   87.5      2   30   35.0        6  115  122.5
 23  23 00      5   61   77.7      3   32   43.4        8   93  121.1
 24  22 40      4   33   51.1      3   32   43.4        7   65   94.5
 25  23 00      3   16   32.2      4   47   60.9        7   63   93.1
 26  23 00      3   14   30.8      5   50   70.0        8   64  100.8
 28  01 00      3   15   31.5      5   52   71.4        8   67  102.9
 29    -
 30  03 30      2    8   19.6      5   47   67.9        7   55   87.5
 31  00 00      4    8   33.6      4   70   77.0        8   78  110.6

 Monthly Mean            56.0               33.3                 89.3

 --------------------------------------------------------------------

 August    1950     (k = 0.70)

 Date Time(UT)      North              South                Total
      h  m      g    f     R       g    f     R         g    f     R
  1  01 30      4   25   45.5      3   77   74.9        7  102  120.4
  2  02 00      2   24   30.8      4  129  118.3        6  153  149.1
  3    -
  4    -
  5    -
  6  06 15      1    2    8.4      4   68   75.6        5   70   84.0
  7  05 00      1    9   13.3      4   86   88.2        5   95  101.5
  8    -
  9  01 00      2   21   28.7      5   51   70.7        7   72   99.4
 10    -
 11  01 10      2   43   44.1      4   25   45.5        6   68   89.6
 11  23 00      3   50   56.0      2    7   18.9        5   57   74.9
 12  23 00      3   49   55.3      4   24   44.8        7   73  100.1
 14  00 30      3   56   60.2      2    9   20.3        5   65   80.5
 14  23 30      3   61   63.7      2    9   20.3        5   70   84.0
 16  00 30      5   65   80.5      4   10   35.0        9   75  115.5
 16  23 30      5   84   93.8      4   14   37.8        9   98  131.6
 18  01 20      6   93  107.1      3   36   46.2        9  129  153.3
 18  22 30      5   62   78.4      3   18   33.6        8   80  112.0
 19  23 30      5   51   70.7      3   24   37.8        8   75  108.5
 21  01 00      5   40   63.0      4   18   40.6        9   58  103.6
 21  23 30      3   34   44.8      4   12   36.4        7   46   81.2
 23  00 00      4   48   61.6      5   66   81.2        9  114  142.8
 24    -
 25    -
 26  00 30      1   10   14.0      5   48   68.6        6   58   82.6
 26  23 00      2    4   16.8      4   39   55.3        6   43   72.1
 28  02 00      0    0    0.0      4   16   39.2        4   16   39.2
 29    -
 30    -
 31  00 00      2   20   28.0      3    5   24.5        5   25   52.5

 Monthly Mean            48.4               50.6                 99.0

 --------------------------------------------------------------------

 September 1950     (k = 0.70)

 Date Time(UT)      North              South                Total
      h  m      g    f     R       g    f     R         g    f     R
  1  00 30      4   54   65.8      3   10   28.0        7   64   93.8
  1  23 00      2   29   34.3      2    5   17.5        4   34   51.8
  2  22 15      2   22   29.4      3    4   23.8        5   26   53.2
  3  22 30      3   28   40.6      3    6   25.2        6   34   65.8
  4  23 00      3   13   30.1      2    5   17.5        5   18   47.6
  6  00 00      2    4   16.8      0    0    0.0        2    4   16.8
  7  23 00      1    3    9.1      2    3   16.1        3    6   25.2
  8    -
  9  00 30      3    8   26.6      1   11   14.7        4   19   41.3
  9  23 00      3    6   25.2      1   13   16.1        4   19   41.3
 10  23 23      1    2    8.4      1   19   20.3        2   21   28.7
 11  23 42      1    2    8.4      2   26   32.2        3   28   40.6
 13  00 00      2   16   25.2      2   25   31.5        4   41   56.7
 13  23 30      2   29   34.3      3   34   44.8        5   63   79.1
 14  22 30      5   27   53.9      3   42   50.4        8   69  104.3
 15  23 00      3   37   46.9      3   31   42.7        6   68   89.6
 17  00 15      4   27   46.9      3   16   32.2        7   43   79.1
 17  22 30      3   50   56.0      3   23   37.1        6   73   93.1
 19  00 00      4   35   52.5      2   37   39.9        6   72   92.4
 20    -
 21  00 00      4   26   46.2      3   16   32.2        7   42   78.4
 22    -
 23  00 00      3   21   35.7      3    7   25.9        6   28   61.6
 23  23 00      3   25   38.5      0    0    0.0        3   25   38.5
 24  23 30      3   31   42.7      1    1    7.7        4   32   50.4
 25  23 56      3   41   49.7      0    0    0.0        3   41   49.7
 26  23 30      3   21   35.7      1    2    8.4        4   23   44.1
 28  00 30      4   43   58.1      2    5   17.5        6   48   75.6
 29    -
 30  02 30      2   10   21.0      2   12   22.4        4   22   43.4


 Monthly Mean            36.1               23.2                 59.3

 --------------------------------------------------------------------

 October   1950     (k = 0.70)

 Date Time(UT)      North              South                Total
      h  m      g    f     R       g    f     R         g    f     R
  1  00 00      3    7   25.9      2   13   23.1        5   20   49.0
  2    -
  3  01 30      2   13   23.1      2   33   37.1        4   46   60.2
  4    -
  5    -
  6  00 40      3   25   38.5      1   29   27.3        4   54   65.8
  7  00 00      3   24   37.8      1   10   14.0        4   34   51.8
  8  00 00      4   48   61.6      2   10   21.0        6   58   82.6
  9  00 00      3   47   53.9      3   24   37.8        6   71   91.7
 10    -
 11    -
 12    -
 13  00 00      5   12   43.4      4   40   56.0        9   52   99.4
 14  00 00      4   17   39.9      2   60   56.0        6   77   95.9
 14  23 30      2    6   18.2      2   67   60.9        4   73   79.1
 15  23 30      3   10   28.0      3   58   61.6        6   68   89.6
 17    -
 18  00 00      1    7   11.9      3   82   78.4        4   89   90.3
 19  00 00      1    3    9.1      3   33   44.1        4   36   53.2
 20  00 40      0    0    0.0      2   36   39.2        2   36   39.2
 20  23 30      2    9   20.3      2   11   21.7        4   20   42.0
 22  05 00      1    3    9.1      1    7   11.9        2   10   21.0
 23  00 00      0    0    0.0      1   10   14.0        1   10   14.0
 23  23 30      0    0    0.0      1   24   23.8        1   24   23.8
 25    -
 25  23 45      1    9   13.3      3   25   38.5        4   34   51.8
 27  01 00      1   13   16.1      4   31   49.7        5   44   65.8
 27  23 30      2    3   16.1      2   29   34.3        4   32   50.4
 29  00 00      4   26   46.2      2   15   24.5        6   41   70.7
 30  00 30      4   26   46.2      4   28   47.6        8   54   93.8
 31    -

 Monthly Mean            25.4               37.4                 62.8

 --------------------------------------------------------------------

 November  1950     (k = 0.70)

 Date Time(UT)      North              South                Total
      h  m      g    f     R       g    f     R         g    f     R
  1  00 00      2    8   19.6      3   26   39.2        5   34   58.8
  2  00 30      1   15   17.5      3   33   44.1        4   48   61.6
  3    -
  4  02 30      3   14   30.8      3   28   40.6        6   42   71.4
  4  23 45      4   25   45.5      3   27   39.9        7   52   85.4
  6    -
  7    -
  8  00 30      3   32   43.4      2   20   28.0        5   52   71.4
  9  00 00      4   40   56.0      3   28   40.6        7   68   96.6
 10    -
 11    -
 12    -
 13  00 00      1   42   36.4      3    7   25.9        4   49   62.3
 14  00 00      1   28   26.6      3    7   25.9        4   35   52.5
 15  01 00      3   37   46.9      2    5   17.5        5   42   64.4
 16  01 00      2   46   46.2      2    8   19.6        4   54   65.8
 17  00 30      3   71   70.7      1    4    9.8        4   75   80.5
 18    -
 19  00 30      4   55   66.5      0    0    0.0        4   55   66.5
 20  00 30      2   31   35.7      0    0    0.0        2   31   35.7
 21  00 30      2   17   25.9      0    0    0.0        2   17   25.9
 22  00 00      3    7   25.9      0    0    0.0        3    7   25.9
 23  00 00      2    7   18.9      0    0    0.0        2    7   18.9
 24    -
 25  02 30      1    8   12.6      0    0    0.0        1    8   12.6
 26  03 00      1   12   15.4      2    3   16.1        3   15   31.5
 27  01 00      2   14   23.8      2   17   25.9        4   31   49.7
 28  01 00      2    6   18.2      3   30   42.0        5   36   60.2
 29    -
 30  00 15      2    4   16.8      3   47   53.9        5   51   70.7


 Monthly Mean            33.3               22.3                 55.6

 --------------------------------------------------------------------

 December  1950     (k = 0.70)

 Date Time(UT)      North              South                Total
      h  m      g    f     R       g    f     R         g    f     R
  1    -
  2  00 30      2    4   16.8      4   81   84.7        6   85  101.5
  3  01 00      1    7   11.9      4   60   70.0        5   67   81.9
  4  01 00      1    8   12.6      5   40   63.0        6   48   75.6
  5  04 30      1   10   14.0      6   23   58.1        7   33   72.1
  6  00 30      1    9   13.3      6   34   65.8        7   43   79.1
  7  00 20      3   28   40.6      3   39   48.3        6   67   88.9
  7  23 30      3   57   60.9      3   49   55.3        6  106  116.2
  9  00 00      3   61   63.7      3   34   44.8        6   95  108.5
 10  03 50      3  101   91.7      3   26   39.2        6  127  130.9
 11  05 00      4   87   88.9      2   13   23.1        6  100  112.0
 12  00 30      5   80   91.0      1    3    9.1        6   83  100.1
 13  05 40      5  142  134.4      1    7   11.9        6  149  146.3
 14  00 30      5   84   93.8      2    6   18.2        7   90  112.0
 15  01 10      3   67   67.9      2   12   22.4        5   79   90.3
 16  02 30      2   18   26.6      1    2    8.4        3   20   35.0
 17  00 30      1    4    9.8      1    2    8.4        2    6   18.2
 17  23 30      1    2    8.4      1    1    7.7        2    3   16.1
 19  05 15      1    1    7.7      0    0    0.0        1    1    7.7
 19  23 00      0    0    0.0      0    0    0.0        0    0    0.0
 21    -
 22  00 40      0    0    0.0      0    0    0.0        0    0    0.0
 23  02 45      0    0    0.0      0    0    0.0        0    0    0.0
 24  05 10      1    5   10.5      1    2    8.4        2    7   18.9
 25  01 00      1   14   16.8      1    8   12.6        2   22   29.4
 26  00 30      1   22   22.4      1    5   10.5        2   27   32.9
 26  23 45      1   30   28.0      2    7   18.9        3   37   46.9
 28  00 00      1   26   25.2      2    6   18.2        3   32   43.4
 29  00 30      1   27   25.9      1    1    7.7        2   28   33.6
 30  06 10      1   19   20.3      0    0    0.0        1   19   20.3
 31  00 00      1    8   12.6      0    0    0.0        1    8   12.6

 Monthly Mean            35.0               24.6                 59.7

 --------------------------------------------------------------------

