 January   1968     (k = 0.72)

 Date Time(UT)      North              South                Total
      h  m      g    f     R       g    f     R         g    f     R
  1  00 45      0    0    0.0      8   77  113.0        8   77  113.0
  2  01 00      0    0    0.0      8   91  123.1        8   91  123.1
  3  01 30      0    0    0.0      9   70  115.2        9   70  115.2
  4  01 00      2    6   18.7      8   82  116.6       10   88  135.4
  5  00 30      3   24   38.9      9   97  134.6       12  121  173.5
  6  00 00      2   40   43.2      7   73  103.0        9  113  146.2
  7  02 45      4   84   89.3      7   87  113.0       11  171  202.3
  8  00 30      5   87   98.6      6   60   86.4       11  147  185.0
  9  02 50      7  171  173.5      4   96   97.9       11  267  271.4
 10  00 20      5  117  120.2      6   43   74.2       11  160  194.4
 11  00 45      5  100  108.0      5   29   56.9       10  129  164.9
 12  00 30      4  113  110.2      4   25   46.8        8  138  157.0
 13  01 45      6  103  117.4      2    9   20.9        8  112  138.2
 14    -
 15  02 50      4   50   64.8      3    6   25.9        7   56   90.7
 16  02 40      3   36   47.5      4    6   33.1        7   42   80.6
 17  01 00      5   25   54.0      1    2    8.6        6   27   62.6
 18  02 50      3   19   35.3      1   10   14.4        4   29   49.7
 19  02 00      1    7   12.2      3   12   30.2        4   19   42.5
 20  00 55      2    4   17.3      2   15   25.2        4   19   42.5
 21  00 40      1    2    8.6      1   21   22.3        2   23   31.0
 22  00 45      1    1    7.9      2   16   25.9        3   17   33.8
 23  01 00      3   11   29.5      4   19   42.5        7   30   72.0
 24  00 20      3    7   26.6      5   24   53.3        8   31   79.9
 25  00 30      6   19   56.9      4   25   46.8       10   44  103.7
 26  00 30      3   29   42.5      5   23   52.6        8   52   95.0
 27  00 30      3   30   43.2      6   26   61.9        9   56  105.1
 28  01 45      4   62   73.4      2   17   26.6        6   79  100.1
 29    -
 30  00 25      8  114  139.7      3   24   38.9       11  138  178.6
 31  03 15      7  100  122.4      6   29   64.1       13  129  186.5

 Monthly Mean            58.6               61.2                119.8

 --------------------------------------------------------------------

 February  1968     (k = 0.72)

 Date Time(UT)      North              South                Total
      h  m      g    f     R       g    f     R         g    f     R
  1  02 45      8  123  146.2      5   34   60.5       13  157  206.6
  2  01 15      8  132  152.6      7   41   79.9       15  173  232.6
  3  00 30      8  113  139.0      7   56   90.7       15  169  229.7
  4  01 15      5   62   80.6      4   44   60.5        9  106  141.1
  5  00 45      7   68   99.4      5   41   65.5       12  109  164.9
  6  01 00      9   46   97.9      3   35   46.8       12   81  144.7
  7  00 30      5   31   58.3      4   31   51.1        9   62  109.4
  8  02 15      6   30   64.8      3    9   28.1        9   39   92.9
  9  01 50      7   39   78.5      3    6   25.9       10   45  104.4
 10    -
 11  01 45      4   39   56.9      2    8   20.2        6   47   77.0
 12  00 45      4   65   75.6      3   10   28.8        7   75  104.4
 13  01 00      2   59   56.9      1    7   12.2        3   66   69.1
 14  00 40      2   59   56.9      2   14   24.5        4   73   81.4
 15    -
 16  03 40      3   36   47.5      4   26   47.5        7   62   95.0
 17  00 30      2   26   33.1      5   13   45.4        7   39   78.5
 18  01 40      4   14   38.9      5   12   44.6        9   26   83.5
 19    -
 20  01 00      4    4   31.7      6   15   54.0       10   19   85.7
 21  00 30      4   21   43.9      4   12   37.4        8   33   81.4
 22  00 45      3   30   43.2      3    9   28.1        6   39   71.3
 23  00 30      2   29   35.3      3   13   31.0        5   42   66.2
 24    -
 25  01 00      5   51   72.7      4   23   45.4        9   74  118.1
 26  00 45      4   62   73.4      5   39   64.1        9  101  137.5
 27  00 30      4   74   82.1      3   36   47.5        7  110  129.6
 28  00 40      4   65   75.6      2   33   38.2        6   98  113.8
 29  05 00      3   67   69.8      5   44   67.7        8  111  137.5



 Monthly Mean            72.4               45.8                118.3

 --------------------------------------------------------------------

 March     1968     (k = 0.72)

 Date Time(UT)      North              South                Total
      h  m      g    f     R       g    f     R         g    f     R
  1  00 30      3   44   53.3      3   22   37.4        6   66   90.7
  2  00 45      2   47   48.2      3   26   40.3        5   73   88.6
  3  03 00      4   39   56.9      5   30   57.6        9   69  114.5
  4  00 30      2   19   28.1      4   16   40.3        6   35   68.4
  5  00 45      5   19   49.7      2   11   22.3        7   30   72.0
  6  00 40      4   17   41.0      3   10   28.8        7   27   69.8
  7  00 15      1    8   13.0      3   23   38.2        4   31   51.1
  8  00 00      2    6   18.7      3   21   36.7        5   27   55.4
  9  00 45      1    2    8.6      4   14   38.9        5   16   47.5
 10  00 50      1   10   14.4      4   14   38.9        5   24   53.3
 11    -
 12  00 15      4   22   44.6      4   13   38.2        8   35   82.8
 13  00 15      5   19   49.7      4   13   38.2        9   32   87.8
 14  02 50      4   16   40.3      2    8   20.2        6   24   60.5
 15  01 00      3   12   30.2      2   10   21.6        5   22   51.8
 16    -
 17  00 00      3   20   36.0      1    2    8.6        4   22   44.6
 18  01 25      3   28   41.8      1    2    8.6        4   30   50.4
 19  00 15      3   20   36.0      3    5   25.2        6   25   61.2
 20  00 50      3   20   36.0      1    1    7.9        4   21   43.9
 21  03 00      2   20   28.8      3    9   28.1        5   29   56.9
 22    -
 23    -
 24    -
 25    -
 26    -
 27    -
 28  04 00      5   48   70.6      8   60  100.8       13  108  171.4
 29    -
 30    -
 31  04 00      5   48   70.6      8   60  100.8       13  108  171.4

 Monthly Mean            38.9               37.0                 75.9

 --------------------------------------------------------------------

 April     1968     (k = 0.72)

 Date Time(UT)      North              South                Total
      h  m      g    f     R       g    f     R         g    f     R
  1    -
  2  00 10      4   17   41.0      5   31   58.3        9   48   99.4
  3  00 15      4   28   49.0      6   40   72.0       10   68  121.0
  4  00 15      3   19   35.3      4   22   44.6        7   41   79.9
  5  00 30      2   14   24.5      4   32   51.8        6   46   76.3
  6  02 15      2   19   28.1      5   37   62.6        7   56   90.7
  7  00 05      3   11   29.5      2   22   30.2        5   33   59.8
  8  00 15      4   16   40.3      2   34   38.9        6   50   79.2
  9  01 45      5   17   48.2      3   33   45.4        8   50   93.6
 10  00 20      4   31   51.1      3   28   41.8        7   59   92.9
 11    -
 12    -
 13  01 00      4   37   55.4      3    6   25.9        7   43   81.4
 14  00 15      4   31   51.1      3   11   29.5        7   42   80.6
 15  00 30      5   36   61.9      4   13   38.2        9   49  100.1
 16  00 10      5   27   55.4      5   15   46.8       10   42  102.2
 17  00 10      5   20   50.4      3   10   28.8        8   30   79.2
 18    -
 19  06 20      4    9   35.3      1    1    7.9        5   10   43.2
 20  00 30      4   13   38.2      2    4   17.3        6   17   55.4
 21  01 37      5   14   46.1      1    2    8.6        6   16   54.7
 22  02 00      2    6   18.7      1    1    7.9        3    7   26.6
 23    -
 24  00 15      3   12   30.2      1    2    8.6        4   14   38.9
 25  00 15      4   28   49.0      2    4   17.3        6   32   66.2
 26  00 15      3   12   30.2      2    5   18.0        5   17   48.2
 27  01 40      3    5   25.2      2    4   17.3        5    9   42.5
 28  03 55      3    9   28.1      2    6   18.7        5   15   46.8
 29    -
 29  23 55      4   16   40.3      2    6   18.7        6   22   59.0


 Monthly Mean            40.1               31.5                 71.6

 --------------------------------------------------------------------

 May       1968     (k = 0.72)

 Date Time(UT)      North              South                Total
      h  m      g    f     R       g    f     R         g    f     R
  1  00 00      7   45   82.8      2    4   17.3        9   49  100.1
  2  01 55      7   83  110.2      8   14   67.7       15   97  177.8
  3    -
  4  00 10      7   91  115.9      1    1    7.9        8   92  123.8
  4  23 45      8  119  143.3      1    2    8.6        9  121  151.9
  6  00 00      9   84  125.3      2    3   16.6       11   87  141.8
  7    -
  8    -
  9  00 10      7   58   92.2      2    4   17.3        9   62  109.4
 10  00 30      7   56   90.7      2    6   18.7        9   62  109.4
 11  00 30      6   34   67.7      3    7   26.6        9   41   94.3
 12  01 15      5   27   55.4      1    5   10.8        6   32   66.2
 13  05 00      5   34   60.5      2    6   18.7        7   40   79.2
 14  00 10      3   32   44.6      5   15   46.8        8   47   91.4
 15  00 40      4   17   41.0      4   10   36.0        8   27   77.0
 16  02 30      4   17   41.0      3   36   47.5        7   53   88.6
 17    -
 18    -
 19    -
 20  03 00      6   43   74.2      5   46   69.1       11   89  143.3
 21  00 15      6   67   91.4      6   59   85.7       12  126  177.1
 22    -
 23  00 45      6   68   92.2      6   53   81.4       12  121  173.5
 24  00 30      6   61   87.1      7   33   74.2       13   94  161.3
 24  23 45      7   57   91.4      9   29   85.7       16   86  177.1
 26    -
 27    -
 28  00 15      7   32   73.4      5   20   50.4       12   52  123.8
 29    -
 30  02 00      9   45   97.2      6   55   82.8       15  100  180.0
 31    -

 Monthly Mean            83.9               43.5                127.4

 --------------------------------------------------------------------

 June      1968     (k = 0.72)

 Date Time(UT)      North              South                Total
      h  m      g    f     R       g    f     R         g    f     R
  1  00 10      6   40   72.0      5   39   64.1       11   79  136.1
  2  05 10      6   37   69.8      4   22   44.6       10   59  114.5
  3  05 45      6   27   62.6      5   43   67.0       11   70  129.6
  4  00 00      5   22   51.8      5   39   64.1       10   61  115.9
  5  00 00      5   21   51.1      4   44   60.5        9   65  111.6
  6  00 45      4   20   43.2      5   53   74.2        9   73  117.4
  7  00 15      5   25   54.0      6   71   94.3       11   96  148.3
  8  00 15      3   28   41.8      5   44   67.7        8   72  109.4
  9  01 15      6   60   86.4      2   50   50.4        8  110  136.8
 10    -
 11  00 00      3   38   49.0      2   19   28.1        5   57   77.0
 12  00 20      4   46   61.9      4   20   43.2        8   66  105.1
 13  04 30      5   39   64.1      5   47   69.8       10   86  133.9
 14  04 20      6   23   59.8      3   29   42.5        9   52  102.2
 15  03 30      7   27   69.8      3   26   40.3       10   53  110.2
 16  06 15      5   20   50.4      4   45   61.2        9   65  111.6
 17  00 15      4   18   41.8      5   29   56.9        9   47   98.6
 18  03 25      3   26   40.3      5   19   49.7        8   45   90.0
 19  04 00      2   32   37.4      6   19   56.9        8   51   94.3
 20  01 45      3   49   56.9      5   11   43.9        8   60  100.8
 21  05 30      3   34   46.1      2    6   18.7        5   40   64.8
 22    -
 23  00 00      4   62   73.4      2   11   22.3        6   73   95.8
 24  00 45      5   70   86.4      2   15   25.2        7   85  111.6
 25    -
 26    -
 27  06 35      3   31   43.9      2   33   38.2        5   64   82.1
 28  06 00      2   47   48.2      2   33   38.2        4   80   86.4
 29  00 15      3   37   48.2      3   22   37.4        6   59   85.7
 30    -


 Monthly Mean            56.4               50.4                106.8

 --------------------------------------------------------------------

 July      1968     (k = 0.72)

 Date Time(UT)      North              South                Total
      h  m      g    f     R       g    f     R         g    f     R
  1    -
  2    -
  3    -
  4  00 30      2    8   20.2      0    0    0.0        2    8   20.2
  5  00 25      2    4   17.3      1    2    8.6        3    6   25.9
  6    -
  7  00 55      2   26   33.1      1    2    8.6        3   28   41.8
  8  04 30      3   38   49.0      3    5   25.2        6   43   74.2
  9  00 20      3   50   57.6      2    3   16.6        5   53   74.2
 10  05 00      3   56   61.9      3    6   25.9        6   62   87.8
 11    -
 12    -
 13  03 50      6   70   93.6      4    9   35.3       10   79  128.9
 14  00 00      6   79  100.1      4   14   38.9       10   93  139.0
 15    -
 16    -
 17    -
 18  05 40      5   36   61.9      5   11   43.9       10   47  105.8
 19  00 30      4   27   48.2      5   12   44.6        9   39   92.9
 20  00 30      4   32   51.8      4    9   35.3        8   41   87.1
 21  00 45      3   32   44.6      3   13   31.0        6   45   75.6
 22  01 00      3   29   42.5      3   27   41.0        6   56   83.5
 23  00 10      3   11   29.5      3   45   54.0        6   56   83.5
 24  00 30      2   14   24.5      4   68   77.8        6   82  102.2
 25  00 00      4   21   43.9      4   73   81.4        8   94  125.3
 26  00 45      4   22   44.6      4   52   66.2        8   74  110.9
 27  00 45      5   46   69.1      4   38   56.2        9   84  125.3
 28    -
 29  04 15      6   69   92.9      1   10   14.4        7   79  107.3
 30  00 20      7   64   96.5      1    1    7.9        8   65  104.4
 31    -

 Monthly Mean            54.1               35.6                 89.8

 --------------------------------------------------------------------

 August    1968     (k = 0.72)

 Date Time(UT)      North              South                Total
      h  m      g    f     R       g    f     R         g    f     R
  1    -
  2    -
  3  01 00      7   42   80.6      1    9   13.7        8   51   94.3
  4    -
  5  01 45      6   26   61.9      2    7   19.4        8   33   81.4
  6  00 50      5   25   54.0      1    1    7.9        6   26   61.9
  7  00 30      5   57   77.0      2    5   18.0        7   62   95.0
  8  00 30      7   75  104.4      2    4   17.3        9   79  121.7
  9  00 40      7   54   89.3      3    5   25.2       10   59  114.5
 10    -
 11  01 10      7   41   79.9      4   10   36.0       11   51  115.9
 12  00 25      4   44   60.5      6   17   55.4       10   61  115.9
 13  04 30      4   29   49.7      6   32   66.2       10   61  115.9
 14  04 20      6   46   76.3     11   77  134.6       17  123  211.0
 15  04 45      4   32   51.8     12   99  157.7       16  131  209.5
 16    -
 17  01 15      2   15   25.2     10   94  139.7       12  109  164.9
 18    -
 19  00 50      3   17   33.8      5  101  108.7        8  118  142.6
 20  00 15      3    7   26.6      6   80  100.8        9   87  127.4
 21  03 00      4    6   33.1      5   62   80.6        9   68  113.8
 22  00 45      3   13   31.0      4   59   71.3        7   72  102.2
 23    -
 24  02 35      3   17   33.8      5   29   56.9        8   46   90.7
 25  00 45      3   18   34.6      2   26   33.1        5   44   67.7
 26    -
 27    -
 28    -
 29  02 40      2   17   26.6      3   32   44.6        5   49   71.3
 30    -
 31    -

 Monthly Mean            54.2               62.5                116.7

 --------------------------------------------------------------------

 September 1968     (k = 0.72)

 Date Time(UT)      North              South                Total
      h  m      g    f     R       g    f     R         g    f     R
  1  03 23      1   17   19.4      2    3   16.6        3   20   36.0
  2  01 50      2   14   24.5      4   18   41.8        6   32   66.2
  3  01 35      3   10   28.8      5   36   61.9        8   46   90.7
  4    -
  5  00 45      2   11   22.3      5   41   65.5        7   52   87.8
  6  01 10      3    6   25.9      5   39   64.1        8   45   90.0
  7  00 30      1    3    9.4      7   27   69.8        8   30   79.2
  8    -
  9  00 00      3   16   33.1      6   27   62.6        9   43   95.8
 10  00 30      2    8   20.2      7   49   85.7        9   57  105.8
 11  00 00      2    8   20.2     10   66  119.5       12   74  139.7
 12  06 30      2   26   33.1     10  129  164.9       12  155  198.0
 13    -
 14    -
 15  07 00      4   21   43.9      4   38   56.2        8   59  100.1
 16  01 00      4   15   39.6      3   19   35.3        7   34   74.9
 17    -
 18  00 30      4    8   34.6      2   15   25.2        6   23   59.8
 19  00 45      4   14   38.9      4   13   38.2        8   27   77.0
 20  00 20      8   32   80.6      2    4   17.3       10   36   97.9
 21  00 15      6   27   62.6      0    0    0.0        6   27   62.6
 22    -
 22  23 15      7   53   88.6      4    8   34.6       11   61  123.1
 24    -
 25    -
 26    -
 27    -
 28  01 10      7   93  117.4      3    6   25.9       10   99  143.3
 29  03 30      7   91  115.9      2   14   24.5        9  105  140.4
 30  02 40      7   64   96.5      1    5   10.8        8   69  107.3


 Monthly Mean            47.8               51.0                 98.8

 --------------------------------------------------------------------

 October   1968     (k = 0.72)

 Date Time(UT)      North              South                Total
      h  m      g    f     R       g    f     R         g    f     R
  1  02 25      4   20   43.2      1    3    9.4        5   23   52.6
  2  00 30      5   19   49.7      1    3    9.4        6   22   59.0
  3    -
  4    -
  5    -
  6    -
  7    -
  8  01 10      7   67   98.6      1   13   16.6        8   80  115.2
  9    -
 10  00 00      2   16   25.9      3   18   34.6        5   34   60.5
 11    -
 12  02 45      4   13   38.2      5   31   58.3        9   44   96.5
 13    -
 14    -
 15  00 30      3   32   44.6      2   11   22.3        5   43   67.0
 16  00 30      3   32   44.6      2   15   25.2        5   47   69.8
 17    -
 18  00 20      2   62   59.0      2    7   19.4        4   69   78.5
 19  00 15      2   61   58.3      3    6   25.9        5   67   84.2
 20    -
 21    -
 22    -
 23    -
 24    -
 25  03 15      4   41   58.3      4   56   69.1        8   97  127.4
 26  00 15      7   36   76.3      4   42   59.0       11   78  135.4
 26  23 45      3   20   36.0      5   46   69.1        8   66  105.1
 28  00 30      4   24   46.1      3   41   51.1        7   65   97.2
 29  00 20      5   27   55.4      4   58   70.6        9   85  126.0
 30  00 30      3   16   33.1      3   55   61.2        6   71   94.3
 31  03 15      3   26   40.3      3   88   85.0        6  114  125.3

 Monthly Mean            50.5               42.9                 93.4

 --------------------------------------------------------------------

 November  1968     (k = 0.72)

 Date Time(UT)      North              South                Total
      h  m      g    f     R       g    f     R         g    f     R
  1  00 15      4   24   46.1      2   71   65.5        6   95  111.6
  2  00 30      2   10   21.6      2   65   61.2        4   75   82.8
  3  01 00      2    6   18.7      2   38   41.8        4   44   60.5
  4  01 10      2    5   18.0      4   37   55.4        6   42   73.4
  5  00 30      2    5   18.0      5   28   56.2        7   33   74.2
  6    -
  7  02 30      3   23   38.2      6   36   69.1        9   59  107.3
  8  00 30      3   19   35.3      5    9   42.5        8   28   77.8
  9    -
 10  01 10      5   13   45.4      5   15   46.8       10   28   92.2
 11  01 15      5   40   64.8      4    9   35.3        9   49  100.1
 12  00 50      6   38   70.6      3    8   27.4        9   46   97.9
 13  00 20      5   35   61.2      2    6   18.7        7   41   79.9
 14  01 00      5   24   53.3      1    2    8.6        6   26   61.9
 15  01 20      5   49   71.3      1    2    8.6        6   51   79.9
 16  01 40      6   64   89.3      1    2    8.6        7   66   97.9
 17  02 25      7   57   91.4      1    1    7.9        8   58   99.4
 18  01 20      5   46   69.1      1    2    8.6        6   48   77.8
 19  00 50      4   48   63.4      1    5   10.8        5   53   74.2
 20  00 10      5   47   69.8      3   18   34.6        8   65  104.4
 21  05 40      4   37   55.4      2   20   28.8        6   57   84.2
 22  01 50      1   22   23.0      2   19   28.1        3   41   51.1
 23  01 30      1   11   15.1      2   19   28.1        3   30   43.2
 24  01 00      2    6   18.7      2   40   43.2        4   46   61.9
 25  00 30      2    6   18.7      4   72   80.6        6   78   99.4
 26  01 00      1    1    7.9      3   54   60.5        4   55   68.4
 27  02 30      0    0    0.0      4   39   56.9        4   39   56.9
 28    -
 29  04 00      0    0    0.0      4   49   64.1        4   49   64.1
 30  00 40      1    2    8.6      4   39   56.9        5   41   65.5


 Monthly Mean            40.5               39.1                 79.5

 --------------------------------------------------------------------

 December  1968     (k = 0.72)

 Date Time(UT)      North              South                Total
      h  m      g    f     R       g    f     R         g    f     R
  1  01 10      1   15   18.0      5   41   65.5        6   56   83.5
  2  01 00      2   31   36.7      6   34   67.7        8   65  104.4
  3  00 20      2   32   37.4      4   24   46.1        6   56   83.5
  4    -
  5    -
  6  00 40      3   66   69.1      4   22   44.6        7   88  113.8
  7  00 45      2   53   52.6      2   14   24.5        4   67   77.0
  8  01 30      3   74   74.9      3   17   33.8        6   91  108.7
  9    -
 10  04 45      3   60   64.8      3   31   43.9        6   91  108.7
 11  00 15      6   42   73.4      3   40   50.4        9   82  123.8
 12    -
 13  00 45      3   11   29.5      2   43   45.4        5   54   74.9
 14    -
 15  01 30      3   10   28.8      2   39   42.5        5   49   71.3
 16  00 40      2   19   28.1      2   43   45.4        4   62   73.4
 17  00 20      2   15   25.2      2   23   31.0        4   38   56.2
 18  01 00      2   15   25.2      5   32   59.0        7   47   84.2
 19    -
 20  00 45      1   10   14.4      4   50   64.8        5   60   79.2
 21  00 00      3    5   25.2      6   31   65.5        9   36   90.7
 22    -
 23  00 10      3   28   41.8      5   26   54.7        8   54   96.5
 24  00 00      3   31   43.9      6   34   67.7        9   65  111.6
 25    -
 26    -
 27    -
 28  00 15      5   62   80.6      7   41   79.9       12  103  160.6
 29    -
 30  01 30      5   32   59.0      3   15   32.4        8   47   91.4
 31  02 10      5   52   73.4      3   28   41.8        8   80  115.2

 Monthly Mean            45.1               50.3                 95.4

 --------------------------------------------------------------------

