 January   1973     (k = 0.72)

 Date Time(UT)      North              South                Total
      h  m      g    f     R       g    f     R         g    f     R
  1  00 30      1   18   20.2      2    3   16.6        3   21   36.7
  2  02 45      2   20   28.8      1    3    9.4        3   23   38.2
  3  01 50      3   48   56.2      2    8   20.2        5   56   76.3
  4  02 00      3   34   46.1      4   11   36.7        7   45   82.8
  5  00 30      3   65   68.4      2    3   16.6        5   68   85.0
  6  00 10      2   73   67.0      1    2    8.6        3   75   75.6
  7    -
  8    -
  9  01 30      3   40   50.4      1    2    8.6        4   42   59.0
 10  00 30      3   35   46.8      2    6   18.7        5   41   65.5
 11  00 00      3   21   36.7      2    7   19.4        5   28   56.2
 12  00 00      2   22   30.2      3    5   25.2        5   27   55.4
 13  00 00      1    8   13.0      2    5   18.0        3   13   31.0
 14  00 30      1    3    9.4      1    2    8.6        2    5   18.0
 15    -
 16  00 15      1    6   11.5      1    1    7.9        2    7   19.4
 17  00 00      1   11   15.1      1    1    7.9        2   12   23.0
 18    -
 19  00 00      2   11   22.3      2   11   22.3        4   22   44.6
 20  01 00      1   10   14.4      2   14   24.5        3   24   38.9
 21  01 13      3   15   32.4      1   16   18.7        4   31   51.1
 22    -
 23  00 00      3   19   35.3      3   13   31.0        6   32   66.2
 24  00 30      3   18   34.6      4   15   39.6        7   33   74.2
 25  00 00      2   16   25.9      3    5   25.2        5   21   51.1
 26  00 15      1   11   15.1      0    0    0.0        1   11   15.1
 27  00 00      1    9   13.7      0    0    0.0        1    9   13.7
 28  00 15      1    2    8.6      0    0    0.0        1    2    8.6
 29  00 00      1    1    7.9      0    0    0.0        1    1    7.9
 30  00 00      1    4   10.1      0    0    0.0        1    4   10.1
 31  00 30      1    2    8.6      0    0    0.0        1    2    8.6

 Monthly Mean            28.0               14.8                 42.8

 --------------------------------------------------------------------

 February  1973     (k = 0.72)

 Date Time(UT)      North              South                Total
      h  m      g    f     R       g    f     R         g    f     R
  1  03 40      1    5   10.8      0    0    0.0        1    5   10.8
  2  00 00      0    0    0.0      2    5   18.0        2    5   18.0
  3  04 45      0    0    0.0      1    7   12.2        1    7   12.2
  4  03 45      1    1    7.9      1   11   15.1        2   12   23.0
  5  00 30      0    0    0.0      2   11   22.3        2   11   22.3
  6  00 30      2    9   20.9      1   11   15.1        3   20   36.0
  7  00 00      3    8   27.4      1    4   10.1        4   12   37.4
  8  00 00      2    6   18.7      1    4   10.1        3   10   28.8
  9  00 00      4   23   45.4      2    2   15.8        6   25   61.2
 10  00 00      3   20   36.0      1    1    7.9        4   21   43.9
 11  03 30      4   24   46.1      2    6   18.7        6   30   64.8
 12  00 00      4   29   49.7      4   10   36.0        8   39   85.7
 12  23 45      5   31   58.3      5   19   49.7       10   50  108.0
 14  01 30      5   23   52.6      4   27   48.2        9   50  100.8
 15  02 40      4   26   47.5      4   27   48.2        8   53   95.8
 16  00 00      3    9   28.1      4   39   56.9        7   48   85.0
 17  00 00      3    4   24.5      3   22   37.4        6   26   61.9
 18    -
 19    -
 20  03 00      0    0    0.0      3   17   33.8        3   17   33.8
 21  00 00      1    2    8.6      3   20   36.0        4   22   44.6
 22    -
 23  01 45      2    4   17.3      3    7   26.6        5   11   43.9
 24  00 00      2   11   22.3      4   10   36.0        6   21   58.3
 25  00 30      3   24   38.9      3    8   27.4        6   32   66.2
 26  00 00      2   30   36.0      1    3    9.4        3   33   45.4
 27  03 30      2   32   37.4      0    0    0.0        2   32   37.4
 28  00 00      2   44   46.1      2    5   18.0        4   49   64.1




 Monthly Mean            27.2               24.4                 51.6

 --------------------------------------------------------------------

 March     1973     (k = 0.72)

 Date Time(UT)      North              South                Total
      h  m      g    f     R       g    f     R         g    f     R
  1  02 10      2   22   30.2      1    6   11.5        3   28   41.8
  2  00 10      3   36   47.5      2   12   23.0        5   48   70.6
  3  01 15      3   25   39.6      1    3    9.4        4   28   49.0
  4    -
  5  00 00      1    5   10.8      1    2    8.6        2    7   19.4
  6  00 00      2    6   18.7      1    8   13.0        3   14   31.7
  7  00 00      3   10   28.8      1   16   18.7        4   26   47.5
  8  00 00      2    5   18.0      2   20   28.8        4   25   46.8
  9  00 00      2   10   21.6      3   30   43.2        5   40   64.8
 10  01 45      1    9   13.7      3   49   56.9        4   58   70.6
 11  00 10      1   24   24.5      3   65   68.4        4   89   92.9
 12    -
 13  03 47      1   21   22.3      4   60   72.0        5   81   94.3
 14  00 00      1    9   13.7      4   78   85.0        5   87   98.6
 15  03 40      2   14   24.5      4   69   78.5        6   83  103.0
 16    -
 17  01 30      2    3   16.6      4   38   56.2        6   41   72.7
 18  02 20      1    2    8.6      2   27   33.8        3   29   42.5
 19  00 00      2    7   19.4      2   22   30.2        4   29   49.7
 20  00 00      1   20   21.6      2    8   20.2        3   28   41.8
 21  00 15      1   18   20.2      0    0    0.0        1   18   20.2
 22  00 00      2   28   34.6      1    1    7.9        3   29   42.5
 23  00 00      3   30   43.2      0    0    0.0        3   30   43.2
 24  00 00      2   26   33.1      0    0    0.0        2   26   33.1
 25  00 20      2   24   31.7      0    0    0.0        2   24   31.7
 26  00 00      2   21   29.5      0    0    0.0        2   21   29.5
 27  00 00      2   16   25.9      1    2    8.6        3   18   34.6
 28  01 30      2   10   21.6      3   17   33.8        5   27   55.4
 29    -
 30  00 20      1   14   17.3      1   49   42.5        2   63   59.8
 31    -

 Monthly Mean            24.5               28.9                 53.4

 --------------------------------------------------------------------

 April     1973     (k = 0.72)

 Date Time(UT)      North              South                Total
      h  m      g    f     R       g    f     R         g    f     R
  1  00 30      3   20   36.0      1   26   25.9        4   46   61.9
  2    -
  3    -
  4    -
  5    -
  6  00 00      3   21   36.7      4   65   75.6        7   86  112.3
  7  00 10      1   13   16.6      5   45   68.4        6   58   85.0
  8  00 00      2   12   23.0     10   94  139.7       12  106  162.7
  9  00 00      1    6   11.5      6  105  118.8        7  111  130.3
 10    -
 11  00 00      1    2    8.6      6   99  114.5        7  101  123.1
 12  01 30      0    0    0.0      2   44   46.1        2   44   46.1
 13  00 35      0    0    0.0      3   49   56.9        3   49   56.9
 14  00 00      0    0    0.0      1   46   40.3        1   46   40.3
 15    -
 16    -
 17    -
 18  00 00      1    2    8.6      1    1    7.9        2    3   16.6
 19  00 05      1    8   13.0      1   10   14.4        2   18   27.4
 20  00 10      1   25   25.2      1   22   23.0        2   47   48.2
 20  23 45      1   37   33.8      1   30   28.8        2   67   62.6
 22  03 20      1   40   36.0      1   32   30.2        2   72   66.2
 23  00 00      1   56   47.5      3   31   43.9        4   87   91.4
 24    -
 25  01 30      1   33   31.0      3   19   35.3        4   52   66.2
 26    -
 27  07 50      1   35   32.4      2   45   46.8        3   80   79.2
 28  00 00      1   30   28.8      1   56   47.5        2   86   76.3
 29  00 00      1   18   20.2      2   66   61.9        3   84   82.1
 30  00 45      1   14   17.3      3   29   42.5        4   43   59.8


 Monthly Mean            21.3               53.4                 74.7

 --------------------------------------------------------------------

 May       1973     (k = 0.72)

 Date Time(UT)      North              South                Total
      h  m      g    f     R       g    f     R         g    f     R
  1  00 05      1    3    9.4      3   24   38.9        4   27   48.2
  2    -
  3  01 45      0    0    0.0      3   36   47.5        3   36   47.5
  4    -
  5  01 30      0    0    0.0      4   51   65.5        4   51   65.5
  6  00 05      1    1    7.9      4   63   74.2        5   64   82.1
  7  00 10      1    6   11.5      3  105   97.2        4  111  108.7
  8    -
  9    -
 10    -
 11  00 10      2    2   15.8      2   13   23.8        4   15   39.6
 12  00 00      1    4   10.1      1    7   12.2        2   11   22.3
 13  00 00      1    1    7.9      1    1    7.9        2    2   15.8
 14  00 15      0    0    0.0      0    0    0.0        0    0    0.0
 15  00 00      1    1    7.9      1    3    9.4        2    4   17.3
 16    -
 17    -
 18  00 15      1   28   27.4      2    9   20.9        3   37   48.2
 19  00 15      2   34   38.9      1    4   10.1        3   38   49.0
 19  23 15      2   43   45.4      0    0    0.0        2   43   45.4
 21  00 00      2   49   49.7      0    0    0.0        2   49   49.7
 22  00 00      3   52   59.0      4    4   31.7        7   56   90.7
 23  05 45      2   26   33.1      2    2   15.8        4   28   49.0
 24  00 00      2   15   25.2      3   14   31.7        5   29   56.9
 25  00 00      2   11   22.3      3   37   48.2        5   48   70.6
 26  04 20      1    5   10.8      2   29   35.3        3   34   46.1
 27  01 20      2    5   18.0      3   17   33.8        5   22   51.8
 28  00 00      1    2    8.6      2   22   30.2        3   24   38.9
 29    -
 30  00 00      1   12   15.8      1    6   11.5        2   18   27.4
 31  00 00      1    6   11.5      1    2    8.6        2    8   20.2

 Monthly Mean            19.0               28.5                 47.4

 --------------------------------------------------------------------

 June      1973     (k = 0.72)

 Date Time(UT)      North              South                Total
      h  m      g    f     R       g    f     R         g    f     R
  1  05 50      1    4   10.1      0    0    0.0        1    4   10.1
  2    -
  3  01 40      0    0    0.0      1    3    9.4        1    3    9.4
  4  00 00      0    0    0.0      4   11   36.7        4   11   36.7
  5  02 15      0    0    0.0      0    0    0.0        0    0    0.0
  6  02 25      2    6   18.7      0    0    0.0        2    6   18.7
  7    -
  7  23 50      4   18   41.8      1    3    9.4        5   21   51.1
  9  01 00      1   11   15.1      2    5   18.0        3   16   33.1
 10  03 40      3   22   37.4      1    4   10.1        4   26   47.5
 11    -
 12    -
 13    -
 14  02 50      3   38   49.0      1    2    8.6        4   40   57.6
 15    -
 16  00 00      2   36   40.3      3    3   23.8        5   39   64.1
 17    -
 18    -
 19  02 00      1   11   15.1      2    8   20.2        3   19   35.3
 20  00 00      1    7   12.2      3   23   38.2        4   30   50.4
 21  00 00      2   16   25.9      3   53   59.8        5   69   85.7
 22    -
 22  23 50      0    0    0.0      3   72   73.4        3   72   73.4
 24  00 00      0    0    0.0      3   75   75.6        3   75   75.6
 25  00 30      0    0    0.0      4   79   85.7        4   79   85.7
 26    -
 27    -
 28    -
 29    -
 30  00 00      1    3    9.4      3    9   28.1        4   12   37.4


 Monthly Mean            16.2               29.2                 45.4

 --------------------------------------------------------------------

 July      1973     (k = 0.72)

 Date Time(UT)      North              South                Total
      h  m      g    f     R       g    f     R         g    f     R
  1    -
  2  00 30      1   11   15.1      2   11   22.3        3   22   37.4
  3  00 00      1   29   28.1      2   11   22.3        3   40   50.4
  4  00 00      1   12   15.8      2   11   22.3        3   23   38.2
  5  00 30      1   24   24.5      1   20   21.6        2   44   46.1
  6  01 10      2   32   37.4      1   32   30.2        3   64   67.7
  7  00 50      2   46   47.5      1   26   25.9        3   72   73.4
  8  00 00      2   42   44.6      1   14   17.3        3   56   61.9
  9  00 00      2   41   43.9      1    1    7.9        3   42   51.8
 10  00 15      2   38   41.8      0    0    0.0        2   38   41.8
 11  00 40      2   21   29.5      0    0    0.0        2   21   29.5
 12    -
 13  00 00      1    2    8.6      0    0    0.0        1    2    8.6
 14  00 00      0    0    0.0      1    3    9.4        1    3    9.4
 15  03 30      0    0    0.0      1    5   10.8        1    5   10.8
 16  00 00      0    0    0.0      2    7   19.4        2    7   19.4
 17  00 00      0    0    0.0      2    6   18.7        2    6   18.7
 18  00 00      2    7   19.4      2   21   29.5        4   28   49.0
 19  04 00      2    8   20.2      2    6   18.7        4   14   38.9
 20  00 15      1    2    8.6      0    0    0.0        1    2    8.6
 21  01 15      1    1    7.9      1    6   11.5        2    7   19.4
 22    -
 23    -
 24  00 15      1    3    9.4      0    0    0.0        1    3    9.4
 25  00 00      1    3    9.4      1    1    7.9        2    4   17.3
 26  00 00      0    0    0.0      1    3    9.4        1    3    9.4
 27  00 00      0    0    0.0      1    5   10.8        1    5   10.8
 28    -
 29    -
 30    -
 31  00 00      1    9   13.7      1   24   24.5        2   33   38.2

 Monthly Mean            17.7               14.2                 31.9

 --------------------------------------------------------------------

 August    1973     (k = 0.72)

 Date Time(UT)      North              South                Total
      h  m      g    f     R       g    f     R         g    f     R
  1  00 00      1    6   11.5      2   19   28.1        3   25   39.6
  1  23 15      1    7   12.2      2   12   23.0        3   19   35.3
  3  00 00      1    8   13.0      2   11   22.3        3   19   35.3
  4  00 00      2    6   18.7      2   10   21.6        4   16   40.3
  5    -
  6  00 00      1   32   30.2      1    4   10.1        2   36   40.3
  7  00 00      1   49   42.5      2   10   21.6        3   59   64.1
  8  00 10      1   38   34.6      2   12   23.0        3   50   57.6
  9  00 00      2   20   28.8      2   20   28.8        4   40   57.6
 10  00 10      3   25   39.6      2   16   25.9        5   41   65.5
 11  00 05      1    2    8.6      2    2   15.8        3    4   24.5
 12  01 10      0    0    0.0      1    1    7.9        1    1    7.9
 13  02 00      0    0    0.0      0    0    0.0        0    0    0.0
 14  00 00      0    0    0.0      1    2    8.6        1    2    8.6
 15  00 00      0    0    0.0      0    0    0.0        0    0    0.0
 16  02 00      0    0    0.0      0    0    0.0        0    0    0.0
 17  00 00      0    0    0.0      0    0    0.0        0    0    0.0
 18  00 10      0    0    0.0      0    0    0.0        0    0    0.0
 19    -
 20  00 00      1    2    8.6      0    0    0.0        1    2    8.6
 21  00 00      2   10   21.6      0    0    0.0        2   10   21.6
 22  00 00      1   13   16.6      0    0    0.0        1   13   16.6
 23  00 15      1    3    9.4      0    0    0.0        1    3    9.4
 24    -
 25    -
 26  00 00      3   16   33.1      0    0    0.0        3   16   33.1
 27  00 00      3   26   40.3      0    0    0.0        3   26   40.3
 28  00 15      5   33   59.8      0    0    0.0        5   33   59.8
 29  00 05      3   34   46.1      1    8   13.0        4   42   59.0
 30  03 30      2   15   25.2      2   17   26.6        4   32   51.8
 31  01 55      7   45   82.8      2   23   31.0        9   68  113.8

 Monthly Mean            21.6               11.4                 33.0

 --------------------------------------------------------------------

 September 1973     (k = 0.72)

 Date Time(UT)      North              South                Total
      h  m      g    f     R       g    f     R         g    f     R
  1  01 45      6   38   70.6      2   42   44.6        8   80  115.2
  2    -
  3  00 15      4   51   65.5      5  116  119.5        9  167  185.0
  4  00 10      4   56   69.1      5   95  104.4        9  151  173.5
  5    -
  6    -
  7  01 15      2   24   31.7      3   77   77.0        5  101  108.7
  8  00 00      2   13   23.8      3   74   74.9        5   87   98.6
  9  00 00      2    9   20.9      4   88   92.2        6   97  113.0
 10  06 00      1    2    8.6      3   66   69.1        4   68   77.8
 11  00 00      1    2    8.6      2   45   46.8        3   47   55.4
 12  00 40      1    3    9.4      2   16   25.9        3   19   35.3
 13    -
 13  23 25      0    0    0.0      0    0    0.0        0    0    0.0
 15  00 00      1    2    8.6      0    0    0.0        1    2    8.6
 16  01 50      2    5   18.0      1    1    7.9        3    6   25.9
 16  23 15      1    8   13.0      1    2    8.6        2   10   21.6
 18    -
 19  00 00      1    4   10.1      3    4   24.5        4    8   34.6
 20    -
 21  00 00      4   12   37.4      0    0    0.0        4   12   37.4
 22    -
 22  23 15      5   37   62.6      0    0    0.0        5   37   62.6
 24  01 00      6   54   82.1      0    0    0.0        6   54   82.1
 24  23 15      7   48   85.0      0    0    0.0        7   48   85.0
 26  00 00      6   48   77.8      1    3    9.4        7   51   87.1
 27  02 40      5   44   67.7      2    8   20.2        7   52   87.8
 28  00 15      4   36   54.7      2   13   23.8        6   49   78.5
 28  23 15      6   30   64.8      3   22   37.4        9   52  102.2
 30    -


 Monthly Mean            40.5               35.7                 76.2

 --------------------------------------------------------------------

 October   1973     (k = 0.72)

 Date Time(UT)      North              South                Total
      h  m      g    f     R       g    f     R         g    f     R
  1  00 00      5   23   52.6      2   42   44.6        7   65   97.2
  2  00 30      4   17   41.0      3   52   59.0        7   69  100.1
  3  00 20      3    7   26.6      2   30   36.0        5   37   62.6
  4  00 00      2    5   18.0      3   41   51.1        5   46   69.1
  5    -
  6  00 30      2    4   17.3      3    9   28.1        5   13   45.4
  7    -
  8    -
  8  23 15      1    3    9.4      2    6   18.7        3    9   28.1
  9  23 00      0    0    0.0      1    2    8.6        1    2    8.6
 10  23 30      0    0    0.0      1    1    7.9        1    1    7.9
 12  00 00      0    0    0.0      0    0    0.0        0    0    0.0
 13    -
 14    -
 15    -
 16  03 40      0    0    0.0      1    6   11.5        1    6   11.5
 17    -
 18    -
 19    -
 20  00 00      0    0    0.0      0    0    0.0        0    0    0.0
 21    -
 22  00 00      1    2    8.6      1    8   13.0        2   10   21.6
 23  00 00      2    7   19.4      1   15   18.0        3   22   37.4
 24  00 00      2    3   16.6      1   29   28.1        3   32   44.6
 25  00 00      3    7   26.6      1   40   36.0        4   47   62.6
 26  00 00      4   13   38.2      2   41   43.9        6   54   82.1
 27    -
 28    -
 29  00 00      4   16   40.3      1   37   33.8        5   53   74.2
 30  02 10      4   14   38.9      2   21   29.5        6   35   68.4
 30  23 30      4    8   34.6      2   20   28.8        6   28   63.4

 Monthly Mean            20.4               26.1                 46.6

 --------------------------------------------------------------------

 November  1973     (k = 0.72)

 Date Time(UT)      North              South                Total
      h  m      g    f     R       g    f     R         g    f     R
  1    -
  2  00 45      1    2    8.6      2   10   21.6        3   12   30.2
  3  05 00      1    2    8.6      2    2   15.8        3    4   24.5
  4  02 40      1    1    7.9      1    2    8.6        2    3   16.6
  5  00 00      1    1    7.9      1    1    7.9        2    2   15.8
  6    -
  7  00 00      0    0    0.0      0    0    0.0        0    0    0.0
  8  00 00      0    0    0.0      0    0    0.0        0    0    0.0
  9  02 35      0    0    0.0      0    0    0.0        0    0    0.0
 10    -
 11  02 35      1    3    9.4      0    0    0.0        1    3    9.4
 12  00 00      0    0    0.0      0    0    0.0        0    0    0.0
 13  00 00      1    3    9.4      1    1    7.9        2    4   17.3
 14  00 00      1    4   10.1      0    0    0.0        1    4   10.1
 15  02 10      1    9   13.7      0    0    0.0        1    9   13.7
 16  02 15      1   13   16.6      0    0    0.0        1   13   16.6
 17  00 00      1   12   15.8      0    0    0.0        1   12   15.8
 18  00 00      1   10   14.4      0    0    0.0        1   10   14.4
 19  00 00      2    7   19.4      0    0    0.0        2    7   19.4
 20  00 15      2    5   18.0      0    0    0.0        2    5   18.0
 21  00 00      2    6   18.7      0    0    0.0        2    6   18.7
 22  00 00      1    3    9.4      2   18   27.4        3   21   36.7
 22  23 15      0    0    0.0      3   33   45.4        3   33   45.4
 24  00 15      1    1    7.9      3   33   45.4        4   34   53.3
 25  00 15      1    2    8.6      3   43   52.6        4   45   61.2
 26  00 15      1    6   11.5      4   45   61.2        5   51   72.7
 27  00 15      1   10   14.4      3   40   50.4        4   50   64.8
 28  01 45      1    8   13.0      3   33   45.4        4   41   58.3
 28  23 30      1    6   11.5      4   51   65.5        5   57   77.0
 30  00 00      1   11   15.1      4   63   74.2        5   74   89.3


 Monthly Mean            10.0               19.6                 29.6

 --------------------------------------------------------------------

 December  1973     (k = 0.72)

 Date Time(UT)      North              South                Total
      h  m      g    f     R       g    f     R         g    f     R
  1  02 15      1    2    8.6      3   37   48.2        4   39   56.9
  2  00 10      0    0    0.0      2   16   25.9        2   16   25.9
  3    -
  4  00 00      0    0    0.0      1    2    8.6        1    2    8.6
  5  00 00      0    0    0.0      0    0    0.0        0    0    0.0
  6  00 00      0    0    0.0      0    0    0.0        0    0    0.0
  7  00 00      0    0    0.0      0    0    0.0        0    0    0.0
  7  23 30      1    4   10.1      0    0    0.0        1    4   10.1
  8  23 30      1    3    9.4      0    0    0.0        1    3    9.4
 10  01 50      1    2    8.6      0    0    0.0        1    2    8.6
 11  02 35      1    2    8.6      0    0    0.0        1    2    8.6
 11  23 30      1    2    8.6      1    2    8.6        2    4   17.3
 13  04 00      1    2    8.6      0    0    0.0        1    2    8.6
 14  03 55      1    2    8.6      0    0    0.0        1    2    8.6
 15  00 15      1    1    7.9      0    0    0.0        1    1    7.9
 16  01 20      2    5   18.0      0    0    0.0        2    5   18.0
 17  00 15      2    4   17.3      1    6   11.5        3   10   28.8
 18  00 00      2    3   16.6      1   13   16.6        3   16   33.1
 19  00 15      2    5   18.0      2   17   26.6        4   22   44.6
 20  00 00      1    4   10.1      2   54   53.3        3   58   63.4
 21  00 15      1    3    9.4      2   48   49.0        3   51   58.3
 22  00 40      1    2    8.6      2   34   38.9        3   36   47.5
 23  00 15      1    2    8.6      4   34   53.3        5   36   61.9
 24  03 30      1    2    8.6      4   38   56.2        5   40   64.8
 25  00 15      1    2    8.6      4   33   52.6        5   35   61.2
 26  00 00      1    1    7.9      3   23   38.2        4   24   46.1
 27  02 10      1    1    7.9      2    9   20.9        3   10   28.8
 28  00 15      0    0    0.0      2    3   16.6        2    3   16.6
 29  00 50      0    0    0.0      0    0    0.0        0    0    0.0
 30  01 00      0    0    0.0      0    0    0.0        0    0    0.0
 31  00 45      0    0    0.0      0    0    0.0        0    0    0.0

 Monthly Mean             7.3               17.5                 24.8

 --------------------------------------------------------------------

