 January   1978     (k = 0.72)

 Date Time(UT)      North              South                Total
      h  m      g    f     R       g    f     R         g    f     R
  1    -
  2  01 55      4   51   65.5      3   39   49.7        7   90  115.2
  3  05 20      6   44   74.9      3   38   49.0        9   82  123.8
  4  00 00      5   34   60.5      2   22   30.2        7   56   90.7
  5  00 20      8   53   95.8      2   23   31.0       10   76  126.7
  6  01 00      5   33   59.8      2   27   33.8        7   60   93.6
  7  00 30      2    7   19.4      2   24   31.7        4   31   51.1
  8  03 45      1    1    7.9      3   18   34.6        4   19   42.5
  9  00 30      1    3    9.4      4    7   33.8        5   10   43.2
 10  00 20      2    3   16.6      1    2    8.6        3    5   25.2
 11  00 30      2    8   20.2      2    2   15.8        4   10   36.0
 12  00 30      1   18   20.2      2    3   16.6        3   21   36.7
 12  23 45      1   20   21.6      3    4   24.5        4   24   46.1
 14  03 00      1   17   19.4      2    6   18.7        3   23   38.2
 15  00 50      1   13   16.6      3    8   27.4        4   21   43.9
 16    -
 17  03 50      1    3    9.4      2   12   23.0        3   15   32.4
 18    -
 19  01 20      0    0    0.0      1    3    9.4        1    3    9.4
 20  00 00      0    0    0.0      1    2    8.6        1    2    8.6
 21  03 10      1    3    9.4      1    4   10.1        2    7   19.4
 22  00 30      1    3    9.4      1   15   18.0        2   18   27.4
 23  00 00      2    7   19.4      2   17   26.6        4   24   46.1
 24  00 20      2   14   24.5      2   12   23.0        4   26   47.5
 25  00 00      2   22   30.2      1    1    7.9        3   23   38.2
 26    -
 27  00 00      3   20   36.0      2   12   23.0        5   32   59.0
 28    -
 29  01 20      4   23   45.4      2   26   33.1        6   49   78.5
 30  02 15      6   31   65.5      2   44   46.1        8   75  111.6
 31  00 15      7   49   85.7      3   71   72.7       10  120  158.4

 Monthly Mean            32.4               27.2                 59.6

 --------------------------------------------------------------------

 February  1978     (k = 0.72)

 Date Time(UT)      North              South                Total
      h  m      g    f     R       g    f     R         g    f     R
  1  02 45      6   44   74.9      4   39   56.9       10   83  131.8
  2  00 15      5   59   78.5      5   70   86.4       10  129  164.9
  3  00 10      6   75   97.2      3   49   56.9        9  124  154.1
  4  00 30      6   83  103.0      3   53   59.8        9  136  162.7
  5  02 00      5   59   78.5      3   27   41.0        8   86  119.5
  6    -
  7  01 15      6   67   91.4      4   19   42.5       10   86  133.9
  8  02 00      4   48   63.4      2    3   16.6        6   51   79.9
  9    -
 10    -
 11    -
 12    -
 13  00 30      3   68   70.6      3   16   33.1        6   84  103.7
 14  06 00      4   60   72.0      2    8   20.2        6   68   92.2
 15    -
 16  00 30      3   53   59.8      2    6   18.7        5   59   78.5
 17  05 00      5   43   67.0      0    0    0.0        5   43   67.0
 18  00 15      5   45   68.4      0    0    0.0        5   45   68.4
 19  05 50      5   34   60.5      3    4   24.5        8   38   85.0
 20  00 15      4   49   64.1      0    0    0.0        4   49   64.1
 21  00 25      5   51   72.7      1    3    9.4        6   54   82.1
 21  23 45      5   51   72.7      1    2    8.6        6   53   81.4
 22  23 45      6   64   89.3      2    7   19.4        8   71  108.7
 24  00 00      6   68   92.2      4   11   36.7       10   79  128.9
 25  01 50      5   61   79.9      3   14   31.7        8   75  111.6
 26  00 45      7   58   92.2      4   19   42.5       11   77  134.6
 27  00 00      4   53   67.0      3   18   34.6        7   71  101.5
 28  00 40      5   40   64.8      5   20   50.4       10   60  115.2




 Monthly Mean            76.3               31.4                107.7

 --------------------------------------------------------------------

 March     1978     (k = 0.72)

 Date Time(UT)      North              South                Total
      h  m      g    f     R       g    f     R         g    f     R
  1    -
  2  00 06      6   35   68.4      6   23   59.8       12   58  128.2
  3  00 15      5   54   74.9      5   15   46.8       10   69  121.7
  4  00 45      5   34   60.5      4    6   33.1        9   40   93.6
  5  01 40      5   31   58.3      4   10   36.0        9   41   94.3
  6  00 10      5   61   79.9      3   11   29.5        8   72  109.4
  7  00 00      5   63   81.4      1    4   10.1        6   67   91.4
  8  00 10      6   64   89.3      1    2    8.6        7   66   97.9
  9  01 00      5   72   87.8      2    6   18.7        7   78  106.6
 10    -
 11  00 00      5   40   64.8      2   24   31.7        7   64   96.5
 12  00 45      4   26   47.5      2   23   31.0        6   49   78.5
 13  00 00      4   27   48.2      3   36   47.5        7   63   95.8
 14  00 00      3   22   37.4      2   29   35.3        5   51   72.7
 15  00 00      4   41   58.3      2   33   38.2        6   74   96.5
 16  00 00      4   27   48.2      2   42   44.6        6   69   92.9
 17  00 40      4   21   43.9      3   29   42.5        7   50   86.4
 18  00 15      4   16   40.3      2   26   33.1        6   42   73.4
 19  04 00      4   29   49.7      2   15   25.2        6   44   74.9
 20  01 00      4   32   51.8      1   15   18.0        5   47   69.8
 21    -
 22    -
 23  00 45      6   21   58.3      4   22   44.6       10   43  103.0
 24  00 30      6   18   56.2      4   16   40.3       10   34   96.5
 25  00 30      5   34   60.5      5   18   49.0       10   52  109.4
 26  00 30      3   17   33.8      3   17   33.8        6   34   67.7
 27  00 10      2   25   32.4      5   26   54.7        7   51   87.1
 28    -
 28  23 25      1    4   10.1      2   15   25.2        3   19   35.3
 30  00 45      2    7   19.4      4   16   40.3        6   23   59.8
 31  03 30      4   10   36.0      4   10   36.0        8   20   72.0

 Monthly Mean            53.8               35.1                 88.9

 --------------------------------------------------------------------

 April     1978     (k = 0.72)

 Date Time(UT)      North              South                Total
      h  m      g    f     R       g    f     R         g    f     R
  1  00 00      5   10   43.2      3   11   29.5        8   21   72.7
  2    -
  3    -
  4  00 10      7   34   74.9      3    6   25.9       10   40  100.8
  5  00 30      5   29   56.9      5    9   42.5       10   38   99.4
  6    -
  7  00 00      6   53   81.4      4   22   44.6       10   75  126.0
  8  00 00      6   70   93.6      4   27   48.2       10   97  141.8
  8  23 40      7   68   99.4      6   27   62.6       13   95  162.0
 10  01 00      8   67  105.8      5   32   59.0       13   99  164.9
 11    -
 12    -
 13    -
 13  23 30      3   62   66.2      8   38   85.0       11  100  151.2
 15  00 15      5   56   76.3      7   23   67.0       12   79  143.3
 16  04 40      5   59   78.5      4    7   33.8        9   66  112.3
 17    -
 18    -
 19  00 00      6   52   80.6      5   25   54.0       11   77  134.6
 20  00 15      5   44   67.7      5   25   54.0       10   69  121.7
 21  05 30      5   61   79.9      4   18   41.8        9   79  121.7
 22  00 15      4   59   71.3      4   14   38.9        8   73  110.2
 22  23 00      5  109  114.5      4   22   44.6        9  131  159.1
 24  01 30      4   81   87.1      4   18   41.8        8   99  128.9
 25  01 20      6   62   87.8      4   23   45.4       10   85  133.2
 26  02 00      6   91  108.7      4   27   48.2       10  118  157.0
 27  01 30      6   57   84.2      2    6   18.7        8   63  103.0
 28  00 10      5   98  106.6      1    2    8.6        6  100  115.2
 29    -
 30    -


 Monthly Mean            83.2               44.7                127.9

 --------------------------------------------------------------------

 May       1978     (k = 0.72)

 Date Time(UT)      North              South                Total
      h  m      g    f     R       g    f     R         g    f     R
  1  00 25      5   98  106.6      2   13   23.8        7  111  130.3
  2  04 15      3  102   95.0      3   24   38.9        6  126  133.9
  3  01 45      3  120  108.0      2   15   25.2        5  135  133.2
  4  00 15      4   95   97.2      1   23   23.8        5  118  121.0
  5  01 15      4   66   76.3      1   17   19.4        5   83   95.8
  6    -
  7    -
  8    -
  9    -
 10    -
 11    -
 12  00 10      4   31   51.1      3   24   38.9        7   55   90.0
 13  01 00      5   26   54.7      3   27   41.0        8   53   95.8
 14  01 10      3   25   39.6      3   35   46.8        6   60   86.4
 15  00 15      3   30   43.2      4   35   54.0        7   65   97.2
 16  00 15      5   42   66.2      4   32   51.8        9   74  118.1
 17  00 20      4   48   63.4      3   39   49.7        7   87  113.0
 18    -
 19    -
 20    -
 21  00 20      3    6   25.9      5   20   50.4        8   26   76.3
 22  02 15      3   13   31.0      4   27   48.2        7   40   79.2
 23  00 00      3   23   38.2      4   18   41.8        7   41   79.9
 24    -
 25  00 50      4   52   66.2      3   18   34.6        7   70  100.8
 25  23 45      6   85  104.4      3   13   31.0        9   98  135.4
 27  00 15      4   61   72.7      4   10   36.0        8   71  108.7
 28  00 45      4   97   98.6      3   11   29.5        7  108  128.2
 29    -
 30    -
 31  00 00      5   54   74.9      5   23   52.6       10   77  127.4

 Monthly Mean            69.1               38.8                107.9

 --------------------------------------------------------------------

 June      1978     (k = 0.72)

 Date Time(UT)      North              South                Total
      h  m      g    f     R       g    f     R         g    f     R
  1  00 00      5   65   82.8      5   31   58.3       10   96  141.1
  2  00 00      5   66   83.5      4   30   50.4        9   96  133.9
  3  00 00      5   42   66.2      5   29   56.9       10   71  123.1
  4    -
  5  00 15      2   13   23.8      2   21   29.5        4   34   53.3
  6  00 00      2   12   23.0      1   18   20.2        3   30   43.2
  7  00 40      2    4   17.3      3    9   28.1        5   13   45.4
  7  22 45      2    6   18.7      5   21   51.1        7   27   69.8
  9  00 00      3    9   28.1      3    9   28.1        6   18   56.2
 10  00 45      2    7   19.4      1    1    7.9        3    8   27.4
 11    -
 12  03 40      4   22   44.6      1    5   10.8        5   27   55.4
 13  01 30      5   33   59.8      1    4   10.1        6   37   69.8
 13  22 45      8   36   83.5      1    5   10.8        9   41   94.3
 15  00 15      8   48   92.2      0    0    0.0        8   48   92.2
 15  22 45      7   46   83.5      1    8   13.0        8   54   96.5
 16  23 45      7   51   87.1      1   11   15.1        8   62  102.2
 18  00 15     10   67  120.2      1   15   18.0       11   82  138.2
 18  23 45      8   74  110.9      3   24   38.9       11   98  149.8
 19  23 45      8   54   96.5      2   18   27.4       10   72  123.8
 20  22 30     10   44  103.7      6   28   63.4       16   72  167.0
 22  01 20      8   84  118.1      6   68   92.2       14  152  210.2
 23    -
 24    -
 25    -
 26    -
 27    -
 28    -
 28  23 00      8   93  124.6      2   63   59.8       10  156  184.3
 30  00 00      8   89  121.7      2   52   51.8       10  141  173.5


 Monthly Mean            73.2               33.7                106.8

 --------------------------------------------------------------------

 July      1978     (k = 0.72)

 Date Time(UT)      North              South                Total
      h  m      g    f     R       g    f     R         g    f     R
  1    -
  2  00 00      3   20   36.0      3   15   32.4        6   35   68.4
  3  02 25      3   20   36.0      2    8   20.2        5   28   56.2
  3  23 45      3   29   42.5      4   11   36.7        7   40   79.2
  5  04 40      4   27   48.2      1   24   24.5        5   51   72.7
  6  00 00      4   31   51.1      1   29   28.1        5   60   79.2
  6  23 30      5   18   49.0      4   43   59.8        9   61  108.7
  8  02 15      4   12   37.4      4   46   61.9        8   58   99.4
  9  02 45      4   17   41.0      4   34   53.3        8   51   94.3
  9  23 45      5   33   59.8      7   50   86.4       12   83  146.2
 11  02 15      5   62   80.6      3   40   50.4        8  102  131.0
 12  00 00      5   42   66.2      4   33   52.6        9   75  118.8
 13  00 00      4   74   82.1      2   18   27.4        6   92  109.4
 14    -
 14  23 00      4   92   95.0      3   17   33.8        7  109  128.9
 16  01 00      5   73   88.6      2    8   20.2        7   81  108.7
 16  23 15      6  101  115.9      1    8   13.0        7  109  128.9
 17  23 00      8   73  110.2      1    5   10.8        9   78  121.0
 18  23 00      8   60  100.8      4   12   37.4       12   72  138.2
 19  23 00      8   33   81.4      2    7   19.4       10   40  100.8
 20  23 00      7   23   67.0      4   11   36.7       11   34  103.7
 22    -
 22  23 45      4   14   38.9      3    5   25.2        7   19   64.1
 23  23 45      4   10   36.0      2    2   15.8        6   12   51.8
 25  00 15      6   19   56.9      2    2   15.8        8   21   72.7
 26  03 00      1    1    7.9      0    0    0.0        1    1    7.9
 26  23 15      1    1    7.9      0    0    0.0        1    1    7.9
 27  23 30      5   16   47.5      0    0    0.0        5   16   47.5
 28  23 15      4   12   37.4      1    2    8.6        5   14   46.1
 30  01 45      3   13   31.0      1    5   10.8        4   18   41.8
 30  23 00      5   17   48.2      1    9   13.7        6   26   61.9

 Monthly Mean            57.2               28.4                 85.6

 --------------------------------------------------------------------

 August    1978     (k = 0.72)

 Date Time(UT)      North              South                Total
      h  m      g    f     R       g    f     R         g    f     R
  1  04 10      2    5   18.0      1    9   13.7        3   14   31.7
  1  23 40      3   11   29.5      2   17   26.6        5   28   56.2
  2  23 30      4   13   38.2      3   18   34.6        7   31   72.7
  4  00 00      5   20   50.4      2   16   25.9        7   36   76.3
  5  00 00      5   14   46.1      6   32   66.2       11   46  112.3
  6  01 00      4   10   36.0      2   25   32.4        6   35   68.4
  7  00 00      2   11   22.3      2   46   47.5        4   57   69.8
  8  00 00      2   14   24.5      3   51   58.3        5   65   82.8
  9  00 00      3    8   27.4      3   55   61.2        6   63   88.6
 10  00 00      2   19   28.1      2   82   73.4        4  101  101.5
 11  00 00      2   23   31.0      2   61   58.3        4   84   89.3
 12  00 00      3   18   34.6      2   44   46.1        5   62   80.6
 13  00 00      5   22   51.8      3   38   49.0        8   60  100.8
 13  23 30      7   27   69.8      3   55   61.2       10   82  131.0
 15  00 00      5   22   51.8      3   35   46.8        8   57   98.6
 16  00 10      3    8   27.4      2   21   29.5        5   29   56.9
 17  00 00      2   23   31.0      1    4   10.1        3   27   41.0
 18    -
 19  03 15      3   17   33.8      1   20   21.6        4   37   55.4
 20  01 20      2   11   22.3      1    7   12.2        3   18   34.6
 21  00 00      3    4   24.5      3   22   37.4        6   26   61.9
 22  00 00      3    6   25.9      3   15   32.4        6   21   58.3
 22  23 30      1    4   10.1      3   27   41.0        4   31   51.1
 24  00 00      2    7   19.4      2   16   25.9        4   23   45.4
 25  00 15      3    5   25.2      3   24   38.9        6   29   64.1
 25  23 30      3    3   23.8      3   14   31.7        6   17   55.4
 27  00 00      5   19   49.7      3    9   28.1        8   28   77.8
 28  00 15      4   18   41.8      2   11   22.3        6   29   64.1
 29  00 00      4   28   49.0      3   10   28.8        7   38   77.8
 30  00 25      7   39   78.5      3    7   26.6       10   46  105.1
 31  00 15      7   66   97.9      2   23   31.0        9   89  128.9

 Monthly Mean            37.3               37.3                 74.6

 --------------------------------------------------------------------

 September 1978     (k = 0.72)

 Date Time(UT)      North              South                Total
      h  m      g    f     R       g    f     R         g    f     R
  1    -
  1  23 00      7   90  115.2      4   63   74.2       11  153  189.4
  3  00 00      3   90   86.4      5   62   80.6        8  152  167.0
  4  02 00      3   60   64.8      5   70   86.4        8  130  151.2
  5    -
  6  03 45      4   52   66.2      6   94  110.9       10  146  177.1
  7  01 45      6   52   80.6      5   74   89.3       11  126  169.9
  8  00 00      6   50   79.2      4   95   97.2       10  145  176.4
  9  00 15      6   49   78.5      2   84   74.9        8  133  153.4
 10  00 40      4   39   56.9      2   50   50.4        6   89  107.3
 11    -
 12    -
 13    -
 13    -
 15    -
 16    -
 17  00 10      7   69  100.1      3   26   40.3       10   95  140.4
 17  23 30      9   85  126.0      3   38   49.0       12  123  175.0
 19  03 20      7   98  121.0      5   39   64.1       12  137  185.0
 20  01 00      7  100  122.4      4   34   53.3       11  134  175.7
 21    -
 22  03 15      7  115  133.2      2   42   44.6        9  157  177.8
 23    -
 24  02 45      7   94  118.1      6   48   77.8       13  142  195.8
 25  00 15      7   63   95.8      7   52   87.8       14  115  183.6
 26  06 00      6   38   70.6      9   49  100.1       15   87  170.6
 27    -
 28    -
 29    -
 30    -


 Monthly Mean            94.7               73.8                168.5

 --------------------------------------------------------------------

 October   1978     (k = 0.72)

 Date Time(UT)      North              South                Total
      h  m      g    f     R       g    f     R         g    f     R
  1  00 30      5   40   64.8      5   37   62.6       10   77  127.4
  2  00 00      6   34   67.7      4   27   48.2       10   61  115.9
  3  00 00      4   20   43.2      5   46   69.1        9   66  112.3
  4  00 00      7   25   68.4      6   44   74.9       13   69  143.3
  5    -
  6    -
  6  23 45      7   24   67.7      3   33   45.4       10   57  113.0
  8  01 30      3   16   33.1      6   39   71.3        9   55  104.4
  8  23 40      4   25   46.8      7   57   91.4       11   82  138.2
 10  02 15      6   29   64.1      7   58   92.2       13   87  156.2
 11  01 20      6   23   59.8      8   45   90.0       14   68  149.8
 12  01 20      8   30   79.2     11   60  122.4       19   90  201.6
 12  23 30      5   20   50.4      6   81  101.5       11  101  151.9
 14  00 10      8   64  103.7      7  113  131.8       15  177  235.4
 15    -
 16  00 30      8   56   97.9      7   75  104.4       15  131  202.3
 17  00 15      6   42   73.4      7   59   92.9       13  101  166.3
 18  00 15     10   57  113.0      4   49   64.1       14  106  177.1
 19    -
 20  03 30      8   85  118.8      5   70   86.4       13  155  205.2
 20  23 30      8   60  100.8      5   48   70.6       13  108  171.4
 22  00 30      8   59  100.1      4   35   54.0       12   94  154.1
 23  00 20      9   67  113.0      4   20   43.2       13   87  156.2
 24  02 00      6   52   80.6      7   21   65.5       13   73  146.2
 25  01 00      6   32   66.2      4   15   39.6       10   47  105.8
 25  23 50      7   34   74.9      6   18   56.2       13   52  131.0
 27  01 30      7   57   91.4      5   13   45.4       12   70  136.8
 28    -
 29    -
 30  00 10      7   43   81.4      8   40   86.4       15   83  167.8
 31  05 30      6   18   56.2      6   28   63.4       12   46  119.5

 Monthly Mean            76.7               74.9                151.6

 --------------------------------------------------------------------

 November  1978     (k = 0.72)

 Date Time(UT)      North              South                Total
      h  m      g    f     R       g    f     R         g    f     R
  1  00 10      6   20   57.6      6   41   72.7       12   61  130.3
  2  00 30      3   18   34.6      7   77  105.8       10   95  140.4
  3  01 45      6   17   55.4      7   95  118.8       13  112  174.2
  4  00 30      4   23   45.4      7  108  128.2       11  131  173.5
  5  00 05      4   18   41.8      5   86   97.9        9  104  139.7
  6  00 00      3    9   28.1      6  126  133.9        9  135  162.0
  7  00 30      2    8   20.2      6   96  112.3        8  104  132.5
  8  03 00      2   13   23.8      4   42   59.0        6   55   82.8
  9  00 15      3   31   43.9      6   69   92.9        9  100  136.8
 10  01 40      4   38   56.2      5   67   84.2        9  105  140.4
 10  23 00      3   48   56.2      2   50   50.4        5   98  106.6
 12    -
 12    -
 14  02 15      5   43   67.0      3    7   26.6        8   50   93.6
 15  03 30      3   20   36.0      2    9   20.9        5   29   56.9
 16  00 15      5   27   55.4      4    7   33.8        9   34   89.3
 17    -
 18  00 25      5   25   54.0      8   37   84.2       13   62  138.2
 19  02 40      3   18   34.6      6   31   65.5        9   49  100.1
 20  00 00      3   14   31.7      4   15   39.6        7   29   71.3
 21  00 00      3   13   31.0      5   15   46.8        8   28   77.8
 22  02 20      3    8   27.4      6   23   59.8        9   31   87.1
 23  00 30      3    6   25.9      6   27   62.6        9   33   88.6
 24  03 15      4    8   34.6      4   22   44.6        8   30   79.2
 25  00 00      5   11   43.9      5   16   47.5       10   27   91.4
 26  23 15      5   20   50.4      6   10   50.4       11   30  100.8
 27    -
 28  00 15      6   58   85.0      5   18   49.0       11   76  133.9
 29  01 40      5   39   64.1      3   17   33.8        8   56   97.9
 30  00 15      5   36   61.9      3   30   43.2        8   66  105.1


 Monthly Mean            44.8               67.9                112.7

 --------------------------------------------------------------------

 December  1978     (k = 0.72)

 Date Time(UT)      North              South                Total
      h  m      g    f     R       g    f     R         g    f     R
  1  00 30      6   31   65.5      3   46   54.7        9   77  120.2
  2  01 00      5   20   50.4      2   48   49.0        7   68   99.4
  3    -
  4  02 15      4   13   38.2      4   82   87.8        8   95  126.0
  5  00 00      4   10   36.0      4   84   89.3        8   94  125.3
  6  03 15      5   14   46.1      4   91   94.3        9  105  140.4
  7  00 00      5   15   46.8      7   97  120.2       12  112  167.0
  8  00 10      4   19   42.5      6   89  107.3       10  108  149.8
  9  00 30      4   33   52.6      7   88  113.8       11  121  166.3
 10    -
 11  05 15      3   52   59.0      7   93  117.4       10  145  176.4
 12  00 00      3   48   56.2      8  112  138.2       11  160  194.4
 13  00 25      3   72   73.4      8  125  147.6       11  197  221.0
 14  04 10      2   60   57.6      9  124  154.1       11  184  211.7
 15  03 45      2   34   38.9      8   81  115.9       10  115  154.8
 16  00 00      4   42   59.0      8   92  123.8       12  134  182.9
 17  04 00      6   66   90.7      7   84  110.9       13  150  201.6
 18    -
 19    -
 20  02 50      8   43   88.6      2   16   25.9       10   59  114.5
 21  00 15      6   40   72.0      2   12   23.0        8   52   95.0
 22  01 00      5   31   58.3      4    9   35.3        9   40   93.6
 23    -
 24  00 30      7   22   66.2      3    6   25.9       10   28   92.2
 24  23 45      5   37   62.6      4   14   38.9        9   51  101.5
 26  00 15      5   27   55.4      3   22   37.4        8   49   92.9
 27    -
 28    -
 29  01 30      2   31   36.7     10   80  129.6       12  111  166.3
 30  01 00      3   38   49.0      9  111  144.7       12  149  193.7
 31  01 00      3   33   45.4      8  109  136.1       11  142  181.4

 Monthly Mean            56.1               92.6                148.7

 --------------------------------------------------------------------

