 January   1970     (k = 0.72)

 Date Time(UT)      North              South                Total
      h  m      g    f     R       g    f     R         g    f     R
  1  01 30      5   41   65.5      3   34   46.1        8   75  111.6
  2    -
  3    -
  4    -
  5  02 00      4   36   54.7      1    5   10.8        5   41   65.5
  6  01 15      4   22   44.6      0    0    0.0        4   22   44.6
  7  01 50      2   12   23.0      0    0    0.0        2   12   23.0
  8  05 40      3    8   27.4      1    2    8.6        4   10   36.0
  9  01 10      1    1    7.9      3   12   30.2        4   13   38.2
 10  01 40      0    0    0.0      5   42   66.2        5   42   66.2
 11  02 15      1    1    7.9      7   40   79.2        8   41   87.1
 11  23 30      2    4   17.3      8   85  118.8       10   89  136.1
 13  00 10      2    6   18.7      9   87  127.4       11   93  146.2
 14  00 45      2    9   20.9      9   83  124.6       11   92  145.4
 15    -
 16  01 30      3   12   30.2     10   82  131.0       13   94  161.3
 17  00 30      2   18   27.4     10   69  121.7       12   87  149.0
 18  01 50      4   30   50.4     13   99  164.9       17  129  215.3
 19  00 00      3   32   44.6      9   58  106.6       12   90  151.2
 20  01 00      2   27   33.8     11   49  114.5       13   76  148.3
 21  01 15      2   22   30.2      7   44   82.1        9   66  112.3
 22  00 10      3   18   34.6      9   37   91.4       12   55  126.0
 23  04 15      2    4   17.3      5   27   55.4        7   31   72.7
 24  00 00      2    3   16.6      5   24   53.3        7   27   69.8
 25  01 50      1    2    8.6      7   48   85.0        8   50   93.6
 26  04 45      1    2    8.6      6   93  110.2        7   95  118.8
 27  00 15      2    3   16.6      9  107  141.8       11  110  158.4
 28  00 15      1    6   11.5     10  105  147.6       11  111  159.1
 29  04 00      1   10   14.4      9  139  164.9       10  149  179.3
 30    -
 31  00 00      1   14   17.3      8   72  109.4        9   86  126.7

 Monthly Mean            25.0               88.1                113.2

 --------------------------------------------------------------------

 February  1970     (k = 0.72)

 Date Time(UT)      North              South                Total
      h  m      g    f     R       g    f     R         g    f     R
  1  00 27      1   11   15.1      9   67  113.0       10   78  128.2
  2  00 30      2   11   22.3      8   21   72.7       10   32   95.0
  3  00 30      2   13   23.8      8   25   75.6       10   38   99.4
  4  00 30      1    7   12.2      4   17   41.0        5   24   53.3
  5  01 10      2    3   16.6      3   12   30.2        5   15   46.8
  6  00 30      2    2   15.8      6   27   62.6        8   29   78.5
  7  00 30      2    3   16.6      6   29   64.1        8   32   80.6
  8    -
  9  00 15      1   32   30.2      6   53   81.4        7   85  111.6
  9  23 30      1   41   36.7      7   28   70.6        8   69  107.3
 11  03 00      2   54   53.3      9   52  102.2       11  106  155.5
 12  02 35      3   98   92.2      9   84  125.3       12  182  217.4
 13  00 30      2   45   46.8      7   82  109.4        9  127  156.2
 14  00 30      1   38   34.6      7   78  106.6        8  116  141.1
 15  00 40      2   27   33.8      6   71   94.3        8   98  128.2
 16  02 30      2   15   25.2      6   65   90.0        8   80  115.2
 17  01 00      2    7   19.4      6   70   93.6        8   77  113.0
 18  00 30      2   13   23.8     10  111  151.9       12  124  175.7
 19  01 00      2   12   23.0      8   97  127.4       10  109  150.5
 20  04 10      3   11   29.5      6  101  115.9        9  112  145.4
 21    -
 22  06 30      5   30   57.6      5   68   85.0       10   98  142.6
 23    -
 24  00 00      5   69   85.7      9   55  104.4       14  124  190.1
 25    -
 26    -
 27  00 30      5   66   83.5      5   38   63.4       10  104  146.9
 28    -




 Monthly Mean            36.3               90.0                126.3

 --------------------------------------------------------------------

 March     1970     (k = 0.72)

 Date Time(UT)      North              South                Total
      h  m      g    f     R       g    f     R         g    f     R
  1  02 05      5   79   92.9      4   23   45.4        9  102  138.2
  2  01 15      5   61   79.9      4   20   43.2        9   81  123.1
  3  00 00      4   49   64.1      5   15   46.8        9   64  110.9
  4    -
  5  00 30      3   26   40.3      6   32   66.2        9   58  106.6
  6  00 00      3   25   39.6      7   36   76.3       10   61  115.9
  7  00 00      3   25   39.6      7   50   86.4       10   75  126.0
  8  01 15      4   11   36.7      3   56   61.9        7   67   98.6
  9  00 30      5   12   44.6      6   62   87.8       11   74  132.5
 10  01 30      3   13   31.0      6   69   92.9        9   82  123.8
 11    -
 12    -
 13    -
 14  01 00      3    7   26.6      4   42   59.0        7   49   85.7
 15    -
 16  06 15      2    3   16.6      4   14   38.9        6   17   55.4
 17  00 00      1    1    7.9      3   12   30.2        4   13   38.2
 18  00 45      0    0    0.0      3   11   29.5        3   11   29.5
 19  00 30      2    3   16.6      3    7   26.6        5   10   43.2
 20  00 40      4   11   36.7      3    8   27.4        7   19   64.1
 21  01 30      5   34   60.5      5   12   44.6       10   46  105.1
 21  23 45      4   45   61.2      4    7   33.8        8   52   95.0
 23  00 45      5   69   85.7      3   12   30.2        8   81  115.9
 24  00 30      5   77   91.4      3   15   32.4        8   92  123.8
 25  00 15      5   68   85.0      4   28   49.0        9   96  133.9
 26  02 20      5   76   90.7      8   30   79.2       13  106  169.9
 27  00 30      5   60   79.2      6   14   53.3       11   74  132.5
 27  23 45      7   61   94.3      4   12   37.4       11   73  131.8
 29  01 35      6   30   64.8      4   23   45.4       10   53  110.2
 30    -
 31  01 45      5   24   53.3      5   25   54.0       10   49  107.3

 Monthly Mean            53.6               51.1                104.7

 --------------------------------------------------------------------

 April     1970     (k = 0.72)

 Date Time(UT)      North              South                Total
      h  m      g    f     R       g    f     R         g    f     R
  1  01 00      4   30   50.4      4   25   46.8        8   55   97.2
  2    -
  3    -
  4  02 00      3   22   37.4      4   28   49.0        7   50   86.4
  5    -
  6  00 15      4   27   48.2      7   71  101.5       11   98  149.8
  7  05 45      4   39   56.9      4   61   72.7        8  100  129.6
  8  00 30      5   45   68.4      5   64   82.1       10  109  150.5
  9  05 45      5   69   85.7      5   65   82.8       10  134  168.5
 10    -
 11    -
 12  05 15      6   69   92.9      7   50   86.4       13  119  179.3
 13  00 30      4   58   70.6      7   48   85.0       11  106  155.5
 14  00 45      3   38   49.0      7   38   77.8       10   76  126.7
 15  00 20      3   38   49.0      6   30   64.8        9   68  113.8
 16  01 10      4   33   52.6      6   17   55.4       10   50  108.0
 17  00 15      3   35   46.8      3   14   31.7        6   49   78.5
 18    -
 19    -
 20    -
 21  01 00      5   24   53.3      3   24   38.9        8   48   92.2
 22    -
 23  00 30      2   19   28.1      3   24   38.9        5   43   67.0
 23  23 30      5   24   53.3      3   18   34.6        8   42   87.8
 25    -
 26    -
 26  23 30      4   14   38.9      4   23   45.4        8   37   84.2
 28    -
 29  01 15      3   21   36.7      5   41   65.5        8   62  102.2
 30    -


 Monthly Mean            54.0               62.3                116.3

 --------------------------------------------------------------------

 May       1970     (k = 0.72)

 Date Time(UT)      North              South                Total
      h  m      g    f     R       g    f     R         g    f     R
  1  00 15      3   35   46.8      7   58   92.2       10   93  139.0
  1  23 30      3   34   46.1      7   45   82.8       10   79  128.9
  3    -
  4  00 40      4   40   57.6      8   28   77.8       12   68  135.4
  5    -
  6    -
  7    -
  8    -
  9  05 30      4   21   43.9      3    9   28.1        7   30   72.0
 10    -
 11    -
 12  00 15      6   43   74.2      5   23   52.6       11   66  126.7
 13  02 45      5   58   77.8      3   31   43.9        8   89  121.7
 14    -
 15  01 00      4   73   81.4      5   60   79.2        9  133  160.6
 15  23 45      3   69   71.3      6   80  100.8        9  149  172.1
 17    -
 18  01 30      5  104  110.9      6   68   92.2       11  172  203.0
 19  01 15      3   92   87.8      6   63   88.6        9  155  176.4
 20    -
 21  00 30      8   81  115.9      6   29   64.1       14  110  180.0
 22  00 00      5   67   84.2      6   32   66.2       11   99  150.5
 23  02 30      5   77   91.4      4   29   49.7        9  106  141.1
 24  04 00      4   35   54.0      4   31   51.1        8   66  105.1
 25  01 00      5   50   72.0      4   60   72.0        9  110  144.0
 26  05 30      4   29   49.7      5   64   82.1        9   93  131.8
 27  04 30      7   26   69.1      7   76  105.1       14  102  174.2
 28  04 10      4   17   41.0      6   72   95.0       10   89  136.1
 29    -
 30  01 30      5   45   68.4      5   67   84.2       10  112  152.6
 30  23 50      4   42   59.0      5   56   76.3        9   98  135.4

 Monthly Mean            70.1               74.2                144.3

 --------------------------------------------------------------------

 June      1970     (k = 0.72)

 Date Time(UT)      North              South                Total
      h  m      g    f     R       g    f     R         g    f     R
  1  06 15      3   20   36.0      4   34   53.3        7   54   89.3
  2  00 00      4   21   43.9      4   36   54.7        8   57   98.6
  3    -
  3  23 30      1    8   13.0      3    9   28.1        4   17   41.0
  5    -
  6  00 30      1    1    7.9      3    8   27.4        4    9   35.3
  7  01 10      1    5   10.8      4    8   34.6        5   13   45.4
  7  23 30      2   12   23.0      2   10   21.6        4   22   44.6
  8  23 45      3   23   38.2      3    7   26.6        6   30   64.8
 10    -
 11    -
 12    -
 12  23 45      5   85   97.2      1    2    8.6        6   87  105.8
 14    -
 15    -
 16    -
 17    -
 18    -
 19    -
 20  01 45      6   29   64.1      3    7   26.6        9   36   90.7
 21    -
 22    -
 23    -
 24    -
 25    -
 26    -
 27  01 15      6   35   68.4      3   12   30.2        9   47   98.6
 28  00 15      5   47   69.8      3   18   34.6        8   65  104.4
 29  02 15      6   56   83.5      5   29   56.9       11   85  140.4
 30    -


 Monthly Mean            46.3               33.6                 79.9

 --------------------------------------------------------------------

 July      1970     (k = 0.72)

 Date Time(UT)      North              South                Total
      h  m      g    f     R       g    f     R         g    f     R
  1    -
  2    -
  3  00 00      6   57   84.2      4   50   64.8       10  107  149.0
  4    -
  5    -
  6    -
  7    -
  8    -
  9    -
 10  00 50      5   13   45.4      2   23   31.0        7   36   76.3
 11    -
 11  23 45      3   23   38.2      2   12   23.0        5   35   61.2
 13  00 10      3   14   31.7      2   11   22.3        5   25   54.0
 14    -
 15    -
 16    -
 17    -
 18  00 00      4   23   45.4      2    3   16.6        6   26   61.9
 19  03 05      4   43   59.8      7   17   62.6       11   60  122.4
 20  00 30      3   40   50.4      4   16   40.3        7   56   90.7
 21  00 00      4   54   67.7      6   14   53.3       10   68  121.0
 22    -
 23  00 00      6   68   92.2      4    9   35.3       10   77  127.4
 24  01 00      5   74   89.3      4   14   38.9        9   88  128.2
 25  04 40      6  114  125.3      4   26   47.5       10  140  172.8
 26  03 10      6  113  124.6      4   20   43.2       10  133  167.8
 27  07 00      7  129  143.3      5   27   55.4       12  156  198.7
 28  01 00      8  122  145.4      5   32   59.0       13  154  204.5
 29  00 00     10   96  141.1      4   21   43.9       14  117  185.0
 30    -
 31  04 30      7   66   97.9      4   36   54.7       11  102  152.6

 Monthly Mean            86.4               43.2                129.6

 --------------------------------------------------------------------

 August    1970     (k = 0.72)

 Date Time(UT)      North              South                Total
      h  m      g    f     R       g    f     R         g    f     R
  1  01 15      5   38   63.4      3   22   37.4        8   60  100.8
  2  00 15      4   38   56.2      2   22   30.2        6   60   86.4
  3    -
  4    -
  4  23 30      3   36   47.5      2    3   16.6        5   39   64.1
  6  00 15      4   45   61.2      1    1    7.9        5   46   69.1
  7    -
  8  00 30      4   44   60.5      2   20   28.8        6   64   89.3
  9  00 30      3   59   64.1      1   23   23.8        4   82   87.8
  9  23 45      3   49   56.9      1   25   25.2        4   74   82.1
 11  00 00      3   52   59.0      1   11   15.1        4   63   74.2
 12  01 45      3   41   51.1      1    6   11.5        4   47   62.6
 13  04 50      4   83   88.6      3    4   24.5        7   87  113.0
 14    -
 14  23 00      3   51   58.3      4   19   42.5        7   70  100.8
 16  02 50      2   51   51.1      4   55   68.4        6  106  119.5
 17  01 15      3   27   41.0      3   33   45.4        6   60   86.4
 18  03 00      4   20   43.2      4   27   48.2        8   47   91.4
 19  01 45      5   26   54.7      6   28   63.4       11   54  118.1
 19  23 30      5   28   56.2      5   26   54.7       10   54  110.9
 21  00 30      5   51   72.7      5   19   49.7       10   70  122.4
 21  23 50      6   55   82.8      2    7   19.4        8   62  102.2
 23  00 15      7   63   95.8      1   17   19.4        8   80  115.2
 24  00 15      7   61   94.3      3   22   37.4       10   83  131.8
 25  00 15      9   56  105.1      2   21   29.5       11   77  134.6
 26  00 15      8   42   87.8      2   16   25.9       10   58  113.8
 27  02 00      9   66  112.3      2   18   27.4       11   84  139.7
 28  00 00      7   39   78.5      1   15   18.0        8   54   96.5
 28  23 30      7   50   86.4      3   13   31.0       10   63  117.4
 30    -
 31  03 50      7   41   79.9      3    8   27.4       10   49  107.3

 Monthly Mean            69.6               31.9                101.4

 --------------------------------------------------------------------

 September 1970     (k = 0.72)

 Date Time(UT)      North              South                Total
      h  m      g    f     R       g    f     R         g    f     R
  1  00 30      6   49   78.5      2    8   20.2        8   57   98.6
  1  23 45      6   44   74.9      3   10   28.8        9   54  103.7
  3  00 15      8   55   97.2      3    8   27.4       11   63  124.6
  4  03 30      6   88  106.6      3    9   28.1        9   97  134.6
  5  00 30      6   79  100.1      4    7   33.8       10   86  133.9
  6  01 15      6  100  115.2      7   16   61.9       13  116  177.1
  7  03 00      5   83   95.8      8   25   75.6       13  108  171.4
  8    -
  9  00 00      8   71  108.7      4   20   43.2       12   91  151.9
 10  00 00      8   41   87.1      7   26   69.1       15   67  156.2
 11  04 15      4   23   45.4      6   28   63.4       10   51  108.7
 12    -
 13  01 00      3   10   28.8      5   12   44.6        8   22   73.4
 14    -
 15  02 15      2   10   21.6      6   20   57.6        8   30   79.2
 16    -
 17    -
 18    -
 19    -
 20    -
 21  03 55      6   62   87.8      4   14   38.9       10   76  126.7
 22  00 30     11  140  180.0      1    4   10.1       12  144  190.1
 23    -
 24    -
 25    -
 26    -
 27  00 00      8   98  128.2      2   10   21.6       10  108  149.8
 28    -
 29    -
 30  00 00      7   50   86.4      3   13   31.0       10   63  117.4


 Monthly Mean            90.1               41.0                131.1

 --------------------------------------------------------------------

 October   1970     (k = 0.72)

 Date Time(UT)      North              South                Total
      h  m      g    f     R       g    f     R         g    f     R
  1    -
  2  00 00      5   13   45.4      2    7   19.4        7   20   64.8
  3    -
  4    -
  5    -
  6  01 30      2   24   31.7      1   44   38.9        3   68   70.6
  7  00 30      3   28   41.8      4   52   66.2        7   80  108.0
  8  00 15      3   24   38.9      2   82   73.4        5  106  112.3
  9  00 15      2   14   24.5      2   64   60.5        4   78   85.0
 10    -
 11    -
 12    -
 13  03 30      5   75   90.0      5   31   58.3       10  106  148.3
 14    -
 15  02 30      5   77   91.4      4   22   44.6        9   99  136.1
 16  00 30      7   96  119.5      3   15   32.4       10  111  151.9
 17    -
 18    -
 19    -
 20  00 30      8   88  121.0      1    2    8.6        9   90  129.6
 21  00 00      6   50   79.2      2    6   18.7        8   56   97.9
 22  00 00      7   73  103.0      1    4   10.1        8   77  113.0
 23  00 15      7   77  105.8      2    4   17.3        9   81  123.1
 24  00 30      7  110  129.6      2    4   17.3        9  114  146.9
 25  04 15      5  141  137.5      2    3   16.6        7  144  154.1
 26    -
 27    -
 28    -
 29    -
 30  00 40      9  173  189.4      4   16   40.3       13  189  229.7
 31  00 15      8  109  136.1      3   13   31.0       11  122  167.0

 Monthly Mean            92.8               34.6                127.4

 --------------------------------------------------------------------

 November  1970     (k = 0.72)

 Date Time(UT)      North              South                Total
      h  m      g    f     R       g    f     R         g    f     R
  1    -
  2  01 30      8   54   96.5      3   30   43.2       11   84  139.7
  3  01 00      6   24   60.5      4   21   43.9       10   45  104.4
  4  00 45      5   29   56.9      6   75   97.2       11  104  154.1
  5  00 15      2   25   32.4      6   76   97.9        8  101  130.3
  6  04 50      4   23   45.4      5   43   67.0        9   66  112.3
  7  00 10      3   27   41.0      7   92  116.6       10  119  157.7
  8  01 45      5   14   46.1      6   79  100.1       11   93  146.2
  9  00 35      3   13   31.0      3   52   59.0        6   65   90.0
 10  00 30      5   28   56.2      4   45   61.2        9   73  117.4
 11  00 00      5   39   64.1      7   20   64.8       12   59  128.9
 12  03 40      4   67   77.0      2   21   29.5        6   88  106.6
 13  01 00      5   74   89.3      2   19   28.1        7   93  117.4
 13  23 15      5  116  119.5      3   16   33.1        8  132  152.6
 15    -
 16  00 00      6  167  163.4      1   37   33.8        7  204  197.3
 17    -
 18  05 45      7  238  221.8      1   38   34.6        8  276  256.3
 19    -
 20    -
 21  00 10      8  133  153.4      1    9   13.7        9  142  167.0
 22  02 15     10  135  169.2      3    6   25.9       13  141  195.1
 23    -
 24  00 00      7   69  100.1      2   17   26.6        9   86  126.7
 25  00 40      6   23   59.8      3   16   33.1        9   39   92.9
 26    -
 27    -
 27  23 45      5   31   58.3      3   14   31.7        8   45   90.0
 29  03 00      4   29   49.7      3    7   26.6        7   36   76.3
 30  00 40      6   37   69.8      7   27   69.8       13   64  139.7


 Monthly Mean            84.6               51.7                136.3

 --------------------------------------------------------------------

 December  1970     (k = 0.72)

 Date Time(UT)      North              South                Total
      h  m      g    f     R       g    f     R         g    f     R
  1  00 30      6   45   75.6      5   25   54.0       11   70  129.6
  2    -
  3  01 05      5   30   57.6      4   21   43.9        9   51  101.5
  4  00 00      4   28   49.0      4   35   54.0        8   63  103.0
  5  00 00      3   27   41.0      4   52   66.2        7   79  107.3
  6    -
  7  00 45      5   55   75.6      4   65   75.6        9  120  151.2
  8  00 45      5   47   69.8      4   46   61.9        9   93  131.8
  9  01 15      5   88   99.4      2   34   38.9        7  122  138.2
 10  01 15      7  119  136.1      4   35   54.0       11  154  190.1
 11  01 15      9  130  158.4      7   53   88.6       16  183  247.0
 12    -
 13  04 15      4   60   72.0      2   18   27.4        6   78   99.4
 14  01 30      8   72  109.4      1   19   20.9        9   91  130.3
 15  01 15      7   54   89.3      3   13   31.0       10   67  120.2
 16  01 15      8   68  106.6      3   19   35.3       11   87  141.8
 17    -
 18  01 15      6   54   82.1      5   13   45.4       11   67  127.4
 19    -
 20    -
 21  01 15      5   87   98.6      3   41   51.1        8  128  149.8
 22  01 30      7   82  109.4      2   39   42.5        9  121  151.9
 23    -
 24  04 10      8   87  120.2      1   37   33.8        9  124  154.1
 25    -
 26    -
 27  00 45      7   34   74.9      1    4   10.1        8   38   85.0
 28  01 30      6   24   60.5      2    8   20.2        8   32   80.6
 29  03 00      5   23   52.6      2   12   23.0        7   35   75.6
 30    -
 31    -

 Monthly Mean            86.9               43.9                130.8

 --------------------------------------------------------------------

