 January   1980     (k = 0.72)

 Date Time(UT)      North              South                Total
      h  m      g    f     R       g    f     R         g    f     R
  1  01 30      4   23   45.4      7   88  113.8       11  111  159.1
  2  02 15      5   28   56.2      5   57   77.0       10   85  133.2
  3    -
  4  01 00      4   40   57.6      6   55   82.8       10   95  140.4
  5  02 10      7   50   86.4      5   51   72.7       12  101  159.1
  6  05 45      7   52   87.8      7   34   74.9       14   86  162.7
  7  00 20      7  107  127.4      8   58   99.4       15  165  226.8
  8  00 15      7   83  110.2      7   56   90.7       14  139  200.9
  9    -
 10  00 00      9   94  132.5      7   50   86.4       16  144  218.9
 11  00 10     10  113  153.4      4   51   65.5       14  164  218.9
 12  01 45      8   93  124.6      4   48   63.4       12  141  187.9
 13    -
 14  00 20      7   79  107.3      5   47   69.8       12  126  177.1
 15  01 00      6   45   75.6      4   62   73.4       10  107  149.0
 16  02 00      7   49   85.7      6   63   88.6       13  112  174.2
 17  00 30      5   34   60.5      6   48   77.8       11   82  138.2
 18  00 10      5   34   60.5      6   54   82.1       11   88  142.6
 19  00 30      6   44   74.9      6   59   85.7       12  103  160.6
 20  00 45      4   43   59.8      4   30   50.4        8   73  110.2
 21  00 30      3   41   51.1      5   53   74.2        8   94  125.3
 22  00 10      4   40   57.6      6   48   77.8       10   88  135.4
 23  01 10      2   30   36.0      6   57   84.2        8   87  120.2
 24  00 00      3   26   40.3      6   40   72.0        9   66  112.3
 25  00 00      3   20   36.0      6   44   74.9        9   64  110.9
 26  00 15      4   28   49.0      5   31   58.3        9   59  107.3
 26  23 30      5   20   50.4      4   25   46.8        9   45   97.2
 28  00 50      6   35   68.4      6   37   69.8       12   72  138.2
 29    -
 30    -
 31  00 45      7   71  101.5      3   25   39.6       10   96  141.1

 Monthly Mean            76.8               75.1                151.8

 --------------------------------------------------------------------

 February  1980     (k = 0.72)

 Date Time(UT)      North              South                Total
      h  m      g    f     R       g    f     R         g    f     R
  1  00 15      7   82  109.4      4   36   54.7       11  118  164.2
  1  23 45      7   74  103.7      2   54   53.3        9  128  157.0
  3  03 00      8   86  119.5      3   75   75.6       11  161  195.1
  4  00 20      9   64  110.9      4   86   90.7       13  150  201.6
  5  03 45      7   46   83.5      4   91   94.3       11  137  177.8
  6  03 30      6   35   68.4      4   77   84.2       10  112  152.6
  7  00 10      8   62  102.2      5   83   95.8       13  145  198.0
  8  01 40      6   57   84.2      4   59   71.3       10  116  155.5
  9  00 40      6   32   66.2      5   73   88.6       11  105  154.8
 10  00 40      5   36   61.9      4   66   76.3        9  102  138.2
 11  00 15      5   69   85.7      4   61   72.7        9  130  158.4
 12  00 00      5   63   81.4      6   36   69.1       11   99  150.5
 13  00 30      4   42   59.0      4   29   49.7        8   71  108.7
 14  06 40      3   47   55.4      4   26   47.5        7   73  103.0
 15  00 00      3   76   76.3      5   47   69.8        8  123  146.2
 16  00 00      3   80   79.2      5   53   74.2        8  133  153.4
 17  00 20      4   50   64.8      6   39   71.3       10   89  136.1
 18  00 10      4   72   80.6      5   38   63.4        9  110  144.0
 19    -
 20  01 30      4   16   40.3      6   43   74.2       10   59  114.5
 21  00 00      2   25   32.4      4   36   54.7        6   61   87.1
 22  00 15      2   24   31.7      6   49   78.5        8   73  110.2
 23  00 00      1   36   33.1      5   32   59.0        6   68   92.2
 24  01 50      3   30   43.2      4   17   41.0        7   47   84.2
 24  23 30      3   37   48.2      5   24   53.3        8   61  101.5
 26  02 30      4   25   46.8      5   23   52.6        9   48   99.4
 27  00 10      8   47   91.4      5   41   65.5       13   88  157.0
 28    -
 29  00 00      7   32   73.4      9   68  113.8       16  100  187.2



 Monthly Mean            71.6               70.2                141.8

 --------------------------------------------------------------------

 March     1980     (k = 0.72)

 Date Time(UT)      North              South                Total
      h  m      g    f     R       g    f     R         g    f     R
  1    -
  2  00 50      5   18   49.0      7   46   83.5       12   64  132.5
  3    -
  4  00 15      5   15   46.8      5   31   58.3       10   46  105.1
  5    -
  6    -
  7    -
  8  00 00      6   17   55.4      4   30   50.4       10   47  105.8
  9    -
 10  00 00      2    4   17.3      3   15   32.4        5   19   49.7
 11  05 00      1    2    8.6      5   21   51.1        6   23   59.8
 12  00 15      1    2    8.6      4   23   45.4        5   25   54.0
 13  00 00      4    6   33.1      4   32   51.8        8   38   85.0
 14    -
 14  23 45      3    8   27.4      2   10   21.6        5   18   49.0
 16  00 15      2    5   18.0      8   19   71.3       10   24   89.3
 17  04 00      0    0    0.0      6   16   54.7        6   16   54.7
 18  00 00      2    2   15.8      6   20   57.6        8   22   73.4
 19    -
 20  00 15      3   14   31.7      8   54   96.5       11   68  128.2
 21  03 15      3   21   36.7      5   51   72.7        8   72  109.4
 22    -
 23  01 45      5   33   59.8      6   38   70.6       11   71  130.3
 24  02 30      9   45   97.2      6   49   78.5       15   94  175.7
 25  04 00     11   53  117.4      6   39   71.3       17   92  188.6
 26  00 00     10   65  118.8      7   40   79.2       17  105  198.0
 27  00 00      9   62  109.4      5   32   59.0       14   94  168.5
 28  00 15      8   82  116.6      9   44   96.5       17  126  213.1
 29  00 30      6   84  103.7      4   26   47.5       10  110  151.2
 30  00 15     10  129  164.9      5   30   57.6       15  159  222.5
 31    -

 Monthly Mean            58.9               62.3                121.1

 --------------------------------------------------------------------

 April     1980     (k = 0.72)

 Date Time(UT)      North              South                Total
      h  m      g    f     R       g    f     R         g    f     R
  1    -
  2  02 00      8   53   95.8      4   13   38.2       12   66  133.9
  3  00 45      9   65  111.6      3   13   31.0       12   78  142.6
  4  00 00      5   50   72.0      4   13   38.2        9   63  110.2
  5  00 00      4   75   82.8      2   14   24.5        6   89  107.3
  6  05 30      6   77   98.6      3   13   31.0        9   90  129.6
  7  00 45      5   68   85.0      5   14   46.1       10   82  131.0
  8  05 40      3  131  115.9      6   36   69.1        9  167  185.0
  9    -
 10  00 10      3  113  103.0      6   53   81.4        9  166  184.3
 11  01 00      4   84   89.3      5   91  101.5        9  175  190.8
 12  00 10      5   78   92.2      4  113  110.2        9  191  202.3
 13    -
 14    -
 15    -
 16    -
 17    -
 18  00 00      2   21   29.5      6   67   91.4        8   88  121.0
 19  00 00      4   27   48.2      7   75  104.4       11  102  152.6
 20  04 15      5   25   54.0      6   76   97.9       11  101  151.9
 21    -
 22  04 40      4   22   44.6      4   58   70.6        8   80  115.2
 23  04 10      3    9   28.1      3   46   54.7        6   55   82.8
 23  23 30      2    7   19.4      4   67   77.0        6   74   96.5
 25  03 40      1    4   10.1      5   56   76.3        6   60   86.4
 26  00 00      4   10   36.0      6   84  103.7       10   94  139.7
 27  00 30      4   14   38.9      4   92   95.0        8  106  133.9
 28  00 20      6   19   56.9      4   79   85.7       10   98  142.6
 29  01 30      4    7   33.8      3   74   74.9        7   81  108.7
 30    -


 Monthly Mean            64.1               71.6                135.6

 --------------------------------------------------------------------

 May       1980     (k = 0.72)

 Date Time(UT)      North              South                Total
      h  m      g    f     R       g    f     R         g    f     R
  1  00 20      3   14   31.7      7  108  128.2       10  122  159.8
  2  00 00      5   16   47.5      4  100  100.8        9  116  148.3
  3  00 00      3   20   36.0      5  131  130.3        8  151  166.3
  3  23 05      5   45   68.4      5  115  118.8       10  160  187.2
  5  01 45      5   28   56.2      6   84  103.7       11  112  159.8
  6  00 15      6   28   63.4      7   84  110.9       13  112  174.2
  7  00 30      4   37   55.4      8   78  113.8       12  115  169.2
  8    -
  9    -
 10  01 15      3   19   35.3      7   68   99.4       10   87  134.6
 11  00 00      1    7   12.2      8   85  118.8        9   92  131.0
 12  00 15      2    7   19.4      9   89  128.9       11   96  148.3
 13  06 15      3   10   28.8      7   94  118.1       10  104  146.9
 14  00 15      4   12   37.4      7  111  130.3       11  123  167.8
 15    -
 16    -
 17  03 30      4   32   51.8      7   67   98.6       11   99  150.5
 18  06 30      5   34   60.5      9   94  132.5       14  128  193.0
 19  00 00      4   38   56.2     11  110  158.4       15  148  214.6
 19  23 40      5   47   69.8     11  111  159.1       16  158  229.0
 21    -
 22  03 10      4   35   54.0     13  126  184.3       17  161  238.3
 22  23 15      5   89  100.1     11  184  211.7       16  273  311.8
 23  23 30      4   64   74.9      8  146  162.7       12  210  237.6
 25    -
 26    -
 27  00 00      4   62   73.4      8  115  140.4       12  177  213.8
 28  00 00      3   47   55.4     10  130  165.6       13  177  221.0
 29  00 00      3   58   63.4      9  141  166.3       12  199  229.7
 30    -
 31    -

 Monthly Mean            52.3              135.5                187.9

 --------------------------------------------------------------------

 June      1980     (k = 0.72)

 Date Time(UT)      North              South                Total
      h  m      g    f     R       g    f     R         g    f     R
  1    -
  2  01 30      4    8   34.6      4   89   92.9        8   97  127.4
  3  04 30      2    4   17.3      6   72   95.0        8   76  112.3
  4  03 45      3    8   27.4      7  105  126.0       10  113  153.4
  4  23 20      6   26   61.9      6   62   87.8       12   88  149.8
  5  23 30      5   30   57.6      6   60   86.4       11   90  144.0
  6  23 15      4   28   49.0      6   78   99.4       10  106  148.3
  8    -
  9    -
 10    -
 10  23 20      5   59   78.5      7  100  122.4       12  159  200.9
 11  23 20      6   89  107.3      6   79  100.1       12  168  207.4
 13  04 00      7   67   98.6      5   45   68.4       12  112  167.0
 13  23 45      7   85  111.6      6   58   85.0       13  143  196.6
 15  00 45      6   44   74.9      6   26   61.9       12   70  136.8
 16  01 30      5   77   91.4      6   25   61.2       11  102  152.6
 17    -
 18    -
 19  00 00      4   58   70.6      7   61   94.3       11  119  164.9
 20    -
 21    -
 22    -
 23  03 40      5   35   61.2      9  152  174.2       14  187  235.4
 24  01 45      6   34   67.7     10  140  172.8       16  174  240.5
 24  23 30      5   37   62.6     12  167  206.6       17  204  269.3
 26    -
 27    -
 27  23 30      4   30   50.4     13   92  159.8       17  122  210.2
 29    -
 30  04 55      3   16   33.1      2   33   38.2        5   49   71.3


 Monthly Mean            64.2              107.4                171.6

 --------------------------------------------------------------------

 July      1980     (k = 0.72)

 Date Time(UT)      North              South                Total
      h  m      g    f     R       g    f     R         g    f     R
  1    -
  2    -
  3  00 00      4   26   47.5      6   58   85.0       10   84  132.5
  4  05 20      2   20   28.8      7   35   75.6        9   55  104.4
  5    -
  6    -
  7    -
  8    -
  9    -
 10    -
 11    -
 12  00 00      5   41   65.5      4   24   46.1        9   65  111.6
 13  00 40      4   41   58.3      5   38   63.4        9   79  121.7
 14  00 00      5   46   69.1      5   79   92.9       10  125  162.0
 14  23 20      7   31   72.7      5   90  100.8       12  121  173.5
 16    -
 17    -
 18    -
 19  05 00      7   63   95.8      9  138  164.2       16  201  259.9
 20  00 00      9   55  104.4     12   81  144.7       21  136  249.1
 21  00 00      7   70  100.8     10   97  141.8       17  167  242.6
 22  00 30      6   59   85.7     12   99  157.7       18  158  243.4
 23  05 30      6   38   70.6      8   76  112.3       14  114  182.9
 23  23 40      5   29   56.9      8   97  127.4       13  126  184.3
 25  03 15      8   26   76.3      8   59  100.1       16   85  176.4
 26  00 00      7   27   69.8      6   45   75.6       13   72  145.4
 27    -
 28  04 20      6   36   69.1      7   32   73.4       13   68  142.6
 29    -
 30    -
 31  01 30      4   19   42.5      6   13   52.6       10   32   95.0

 Monthly Mean            69.6              100.8                170.5

 --------------------------------------------------------------------

 August    1980     (k = 0.72)

 Date Time(UT)      North              South                Total
      h  m      g    f     R       g    f     R         g    f     R
  1  04 00      5   13   45.4      4    6   33.1        9   19   78.5
  2    -
  3    -
  4    -
  5    -
  6    -
  7  03 50      2   10   21.6      3   21   36.7        5   31   58.3
  8    -
  8  23 30      5   30   57.6      5   39   64.1       10   69  121.7
 10  00 10      6   44   74.9      6   32   66.2       12   76  141.1
 10  23 30      9   58  106.6      7   49   85.7       16  107  192.2
 11  23 45      8   68  106.6      7   46   83.5       15  114  190.1
 12  23 35      8   77  113.0      8   29   78.5       16  106  191.5
 13  23 35      9   64  110.9      7   29   71.3       16   93  182.2
 15  00 00      9   80  122.4      9   49  100.1       18  129  222.5
 16    -
 17  01 15     10   84  132.5      9   63  110.2       19  147  242.6
 18    -
 19  03 30      7   90  115.2      6   35   68.4       13  125  183.6
 20    -
 21    -
 22    -
 23    -
 24  01 45      8   85  118.8      3   14   31.7       11   99  150.5
 25    -
 26    -
 27    -
 27  23 45      6   55   82.8      3   43   52.6        9   98  135.4
 29    -
 30    -
 31    -

 Monthly Mean            92.9               67.8                160.8

 --------------------------------------------------------------------

 September 1980     (k = 0.72)

 Date Time(UT)      North              South                Total
      h  m      g    f     R       g    f     R         g    f     R
  1  00 00      7   71  101.5      6  113  124.6       13  184  226.1
  2    -
  2  23 45      9   88  128.2      7   94  118.1       16  182  246.2
  4  00 15      8  118  142.6      7   98  121.0       15  216  263.5
  4  23 45      8  141  159.1      4   70   79.2       12  211  238.3
  6    -
  7  03 35      7   84  110.9      2   20   28.8        9  104  139.7
  8    -
  9    -
 10    -
 11    -
 12  00 00      8   74  110.9      4   28   49.0       12  102  159.8
 12  23 30      6   67   91.4      4   26   47.5       10   93  139.0
 14  01 30      5   47   69.8      2   23   31.0        7   70  100.8
 15  01 45      4   29   49.7      3   27   41.0        7   56   90.7
 15  23 45      6   28   63.4      3   27   41.0        9   55  104.4
 17  00 00      2   14   24.5      4   39   56.9        6   53   81.4
 18    -
 19    -
 20    -
 21  02 05      3   76   76.3      6   64   89.3        9  140  165.6
 22  00 40      3   61   65.5      6   58   85.0        9  119  150.5
 23    -
 24    -
 25    -
 26    -
 27    -
 28  00 40      7   56   90.7      6   45   75.6       13  101  166.3
 29  00 15      8   60  100.8      4   40   57.6       12  100  158.4
 30  00 00      7   67   98.6      3   30   43.2       10   97  141.8


 Monthly Mean            92.8               68.0                160.8

 --------------------------------------------------------------------

 October   1980     (k = 0.72)

 Date Time(UT)      North              South                Total
      h  m      g    f     R       g    f     R         g    f     R
  1  00 00      7   74  103.7      3   16   33.1       10   90  136.8
  1  23 30      9   86  126.7      4   20   43.2       13  106  169.9
  3  00 00      8   82  116.6      3   12   30.2       11   94  146.9
  4  00 00      7   67   98.6      4   18   41.8       11   85  140.4
  4  23 30      9   59  107.3      4   10   36.0       13   69  143.3
  6  00 15      8   53   95.8      5   11   43.9       13   64  139.7
  7    -
  8  01 50      6   51   79.9      7   35   75.6       13   86  155.5
  9  02 15      3   75   75.6      9   84  125.3       12  159  200.9
 10    -
 11    -
 12  01 48      6  137  141.8      8  117  141.8       14  254  283.7
  0    -
 14  00 45      5  138  135.4     10  118  157.0       15  256  292.3
 14  23 30      7   95  118.8      7  143  153.4       14  238  272.2
 16    -
 17  00 40      6   42   73.4     10  105  147.6       16  147  221.0
 18  00 10      5   26   54.7      6   87  105.8       11  113  160.6
 19    -
 20    -
 21    -
 22  00 55      5   46   69.1      4  107  105.8        9  153  175.0
 23  00 15      3   38   49.0      3   99   92.9        6  137  141.8
 24  00 40      3   31   43.9      3   74   74.9        6  105  118.8
 25    -
 26  00 30      2   15   25.2      3   64   67.7        5   79   92.9
 27  00 20      3   27   41.0      5   61   79.9        8   88  121.0
 28  00 00      6   61   87.1      4   47   62.6       10  108  149.8
 29  00 00      7   79  107.3      2   30   36.0        9  109  143.3
 30  00 00      9  109  143.3      3   33   45.4       12  142  188.6
 31  00 00     10  116  155.5      2   46   47.5       12  162  203.0

 Monthly Mean            93.2               79.4                172.6

 --------------------------------------------------------------------

 November  1980     (k = 0.72)

 Date Time(UT)      North              South                Total
      h  m      g    f     R       g    f     R         g    f     R
  1  00 30     10  137  170.6      2   26   33.1       12  163  203.8
  1  23 30     12  134  182.9      4   29   49.7       16  163  232.6
  3  01 15      9  121  151.9      4   18   41.8       13  139  193.7
  4  00 20      9  168  185.8      3   22   37.4       12  190  223.2
  5  02 30      9  109  143.3      4   30   50.4       13  139  193.7
  6  00 15      7  157  163.4      5   66   83.5       12  223  247.0
  7    -
  8  03 30      5  100  108.0      3  105   97.2        8  205  205.2
  9  02 45      4   62   73.4      3  121  108.7        7  183  182.2
 10    -
 11  00 15      4   34   53.3      6  145  147.6       10  179  200.9
 12  04 30      2   19   28.1      3  115  104.4        5  134  132.5
 13    -
 14  03 20      3   20   36.0      3   94   89.3        6  114  125.3
 15  00 10      4   23   45.4      2   86   76.3        6  109  121.7
 16    -
 17    -
 18  00 00      9   96  133.9      3   17   33.8       12  113  167.8
 19  01 30     10   80  129.6      4   20   43.2       14  100  172.8
 20  00 15      7  106  126.7      4    8   34.6       11  114  161.3
 21  03 30      7  119  136.1      2    7   19.4        9  126  155.5
 22    -
 23  02 30      5   85   97.2      3   10   28.8        8   95  126.0
 24    -
 25    -
 26  00 00      6   51   79.9      5   18   49.0       11   69  128.9
 27  00 15     10   57  113.0      6   42   73.4       16   99  186.5
 28    -
 29  03 15      9   89  128.9      4   46   61.9       13  135  190.8
 30    -


 Monthly Mean           114.4               63.2                177.6

 --------------------------------------------------------------------

 December  1980     (k = 0.72)

 Date Time(UT)      North              South                Total
      h  m      g    f     R       g    f     R         g    f     R
  1  00 45     10   90  136.8      6   56   83.5       16  146  220.3
  2    -
  3  01 00     10   55  111.6      7   89  114.5       17  144  226.1
  4  00 30      4   28   49.0      6   73   95.8       10  101  144.7
  5  00 30      4   26   47.5      4   72   80.6        8   98  128.2
  6  00 15      4   19   42.5      6   61   87.1       10   80  129.6
  7  00 15      2   15   25.2      4   52   66.2        6   67   91.4
  8  00 10      3    7   26.6      5   30   57.6        8   37   84.2
  9  01 00      2    5   18.0     11   44  110.9       13   49  128.9
 10  01 15      5   19   49.7      9   37   91.4       14   56  141.1
 11  02 25      7   49   85.7      9   57  105.8       16  106  191.5
 12    -
 13  00 00      6   83  103.0      7   28   70.6       13  111  173.5
 14  00 30      6  109  121.7      7   41   79.9       13  150  201.6
 14  23 45      8  120  144.0      8   39   85.7       16  159  229.7
 16  00 00     10  130  165.6      7   38   77.8       17  168  243.4
 17  00 20     10  136  169.9      3   32   44.6       13  168  214.6
 18  02 50      7  121  137.5      5   39   64.1       12  160  201.6
 19  01 40      7  100  122.4      5   36   61.9       12  136  184.3
 20  00 10      7   75  104.4      7   39   78.5       14  114  182.9
 21  00 20     11   52  116.6      8   32   80.6       19   84  197.3
 22  00 15     11   80  136.8      5   42   66.2       16  122  203.0
 23    -
 24    -
 25  00 15      9   59  107.3      9   55  104.4       18  114  211.7
 26  00 30      7   70  100.8      9   79  121.7       16  149  222.5
 27  00 10      7   53   88.6      7   67   98.6       14  120  187.2
 28  01 00      8   43   88.6      7   75  104.4       15  118  193.0
 29  00 30      9   67  113.0      6  107  120.2       15  174  233.3
 30  00 00      9   59  107.3      4   68   77.8       13  127  185.0
 31  00 50     10   49  107.3      4   72   80.6       14  121  187.9

 Monthly Mean            97.3               85.6                182.9

 --------------------------------------------------------------------

