 January   1974     (k = 0.72)

 Date Time(UT)      North              South                Total
      h  m      g    f     R       g    f     R         g    f     R
  1  01 45      1    2    8.6      0    0    0.0        1    2    8.6
  2  01 45      0    0    0.0      1   13   16.6        1   13   16.6
  3  01 30      0    0    0.0      1   15   18.0        1   15   18.0
  4  00 15      0    0    0.0      1   11   15.1        1   11   15.1
  5  00 50      0    0    0.0      1    6   11.5        1    6   11.5
  5  23 45      0    0    0.0      0    0    0.0        0    0    0.0
  7  00 30      0    0    0.0      0    0    0.0        0    0    0.0
  8  00 15      1    9   13.7      1    2    8.6        2   11   22.3
  9  00 10      1   13   16.6      1    2    8.6        2   15   25.2
 10  00 15      2   11   22.3      1    2    8.6        3   13   31.0
 11  00 15      2   10   21.6      2   10   21.6        4   20   43.2
 12  00 00      2   16   25.9      3   12   30.2        5   28   56.2
 13  01 10      1   11   15.1      3   17   33.8        4   28   49.0
 14  00 35      1    5   10.8      3   22   37.4        4   27   48.2
 15  01 05      2    8   20.2      5   20   50.4        7   28   70.6
 16  00 30      1    2    8.6      5   21   51.1        6   23   59.8
 16  23 00      2    4   17.3      5   20   50.4        7   24   67.7
 18  00 00      2    2   15.8      5   23   52.6        7   25   68.4
 19  00 00      1    2    8.6      5   29   56.9        6   31   65.5
 20  00 00      2    5   18.0      4   17   41.0        6   22   59.0
 21    -
 22  00 15      1    8   13.0      2    6   18.7        3   14   31.7
 23  00 15      1   16   18.7      2   13   23.8        3   29   42.5
 24  00 30      1    5   10.8      1    2    8.6        2    7   19.4
 25  00 00      0    0    0.0      0    0    0.0        0    0    0.0
 26  00 20      0    0    0.0      0    0    0.0        0    0    0.0
 27  00 00      0    0    0.0      1    2    8.6        1    2    8.6
 28  00 15      0    0    0.0      0    0    0.0        0    0    0.0
 28  23 45      0    0    0.0      0    0    0.0        0    0    0.0
 30  01 00      0    0    0.0      0    0    0.0        0    0    0.0
 31    -

 Monthly Mean             9.2               19.7                 28.9

 --------------------------------------------------------------------

 February  1974     (k = 0.72)

 Date Time(UT)      North              South                Total
      h  m      g    f     R       g    f     R         g    f     R
  1  01 00      0    0    0.0      0    0    0.0        0    0    0.0
  2  00 00      0    0    0.0      0    0    0.0        0    0    0.0
  3  00 55      0    0    0.0      1    1    7.9        1    1    7.9
  4  00 00      0    0    0.0      0    0    0.0        0    0    0.0
  5  02 00      0    0    0.0      1    1    7.9        1    1    7.9
  6    -
  7    -
  8  04 15      1    2    8.6      0    0    0.0        1    2    8.6
  9  00 00      1    4   10.1      1    6   11.5        2   10   21.6
 10  00 15      1    4   10.1      1   12   15.8        2   16   25.9
 11  00 30      1    1    7.9      1    8   13.0        2    9   20.9
 12  00 15      0    0    0.0      1    8   13.0        1    8   13.0
 13  00 10      1    1    7.9      3   13   31.0        4   14   38.9
 14  03 10      0    0    0.0      3    9   28.1        3    9   28.1
 15  05 15      0    0    0.0      4   17   41.0        4   17   41.0
 16  00 15      0    0    0.0      4   30   50.4        4   30   50.4
 17  00 55      0    0    0.0      4   28   49.0        4   28   49.0
 18  00 15      0    0    0.0      4   51   65.5        4   51   65.5
 19  00 00      0    0    0.0      3   47   55.4        3   47   55.4
 20  06 10      0    0    0.0      3   33   45.4        3   33   45.4
 21  05 15      0    0    0.0      3   37   48.2        3   37   48.2
 22  00 00      0    0    0.0      3   26   40.3        3   26   40.3
 23    -
 24    -
 25    -
 25  23 45      1    6   11.5      1    2    8.6        2    8   20.2
 27  00 00      3   22   37.4      0    0    0.0        3   22   37.4
 28  04 15      4   15   39.6      0    0    0.0        4   15   39.6




 Monthly Mean             5.8               23.1                 28.9

 --------------------------------------------------------------------

 March     1974     (k = 0.72)

 Date Time(UT)      North              South                Total
      h  m      g    f     R       g    f     R         g    f     R
  1  04 00      3    9   28.1      0    0    0.0        3    9   28.1
  2  00 10      1    9   13.7      0    0    0.0        1    9   13.7
  3  01 45      1    1    7.9      0    0    0.0        1    1    7.9
  4  00 15      1    2    8.6      0    0    0.0        1    2    8.6
  5  00 00      1    5   10.8      0    0    0.0        1    5   10.8
  6    -
  7    -
  8    -
  9  00 00      1    2    8.6      0    0    0.0        1    2    8.6
 10  05 30      2   12   23.0      0    0    0.0        2   12   23.0
 11  03 00      2   34   38.9      1    2    8.6        3   36   47.5
 12  00 15      2   21   29.5      1    5   10.8        3   26   40.3
 13  00 15      1    6   11.5      1    3    9.4        2    9   20.9
 13  23 15      0    0    0.0      2    4   17.3        2    4   17.3
 15  02 00      0    0    0.0      4   10   36.0        4   10   36.0
 16  00 00      1    2    8.6      4   11   36.7        5   13   45.4
 17  01 25      0    0    0.0      2    5   18.0        2    5   18.0
 18    -
 19  02 30      0    0    0.0      3   13   31.0        3   13   31.0
 20  00 15      0    0    0.0      2    6   18.7        2    6   18.7
 21  00 50      0    0    0.0      2    4   17.3        2    4   17.3
 21  23 30      0    0    0.0      2    3   16.6        2    3   16.6
 23  00 10      1   12   15.8      1    2    8.6        2   14   24.5
 24  00 00      1    9   13.7      1    3    9.4        2   12   23.0
 25  05 00      1    1    7.9      1    2    8.6        2    3   16.6
 26    -
 27    -
 28  04 30      1    6   11.5      1    3    9.4        2    9   20.9
 29  00 00      1    6   11.5      1    4   10.1        2   10   21.6
 30  00 00      1   10   14.4      2    3   16.6        3   13   31.0
 31  00 50      1    3    9.4      2    5   18.0        3    8   27.4

 Monthly Mean            10.9               12.0                 23.0

 --------------------------------------------------------------------

 April     1974     (k = 0.72)

 Date Time(UT)      North              South                Total
      h  m      g    f     R       g    f     R         g    f     R
  1  00 00      1    4   10.1      1    4   10.1        2    8   20.2
  2  00 00      1    8   13.0      1    9   13.7        2   17   26.6
  3  00 00      1    7   12.2      1    7   12.2        2   14   24.5
  4  00 00      1    2    8.6      1    4   10.1        2    6   18.7
  5  00 00      1    2    8.6      1    3    9.4        2    5   18.0
  6  00 00      1   28   27.4      0    0    0.0        1   28   27.4
  6  23 25      1   18   20.2      1    2    8.6        2   20   28.8
  8    -
  9    -
 10    -
 11  05 14      0    0    0.0      4   57   69.8        4   57   69.8
 12  00 50      0    0    0.0      3   85   82.8        3   85   82.8
 12  23 25      0    0    0.0      3   98   92.2        3   98   92.2
 13  23 30      0    0    0.0      3   90   86.4        3   90   86.4
 15  00 00      0    0    0.0      4  140  129.6        4  140  129.6
 16    -
 17  00 00      1    1    7.9      4   73   81.4        5   74   89.3
 18  02 40      1    3    9.4      4   24   46.1        5   27   55.4
 19  00 30      1    1    7.9      4   34   53.3        5   35   61.2
 20  00 15      0    0    0.0      3   24   38.9        3   24   38.9
 21    -
 22  00 45      1    5   10.8      3    3   23.8        4    8   34.6
 23  05 45      0    0    0.0      1    2    8.6        1    2    8.6
 24  00 10      0    0    0.0      1    9   13.7        1    9   13.7
 25  00 15      0    0    0.0      1   27   26.6        1   27   26.6
 26  00 45      0    0    0.0      1   24   24.5        1   24   24.5
 27  00 00      0    0    0.0      1   25   25.2        1   25   25.2
 27  23 30      0    0    0.0      1    6   11.5        1    6   11.5
 29  01 30      0    0    0.0      1    3    9.4        1    3    9.4
 30  00 15      2    2   15.8      2    6   18.7        4    8   34.6


 Monthly Mean             6.1               36.3                 42.3

 --------------------------------------------------------------------

 May       1974     (k = 0.72)

 Date Time(UT)      North              South                Total
      h  m      g    f     R       g    f     R         g    f     R
  1  01 30      0    0    0.0      3   10   28.8        3   10   28.8
  2  02 30      1   10   14.4      3   34   46.1        4   44   60.5
  3  00 00      2   14   24.5      6   61   87.1        8   75  111.6
  4  00 00      2   10   21.6      4   69   78.5        6   79  100.1
  4  23 45      2   10   21.6      5   55   75.6        7   65   97.2
  5  23 30      1    6   11.5      5   93  103.0        6   99  114.5
  7  00 00      2    6   18.7      5  106  112.3        7  112  131.0
  8  00 00      1    1    7.9     10  119  157.7       11  120  165.6
  9    -
 10    -
 10  23 45      0    0    0.0      6   52   80.6        6   52   80.6
 12  00 00      3    5   25.2      4   18   41.8        7   23   67.0
 13  00 00      2    4   17.3      4   15   39.6        6   19   56.9
 14  00 00      2    4   17.3      3   19   35.3        5   23   52.6
 15    -
 16  03 10      1    9   13.7      0    0    0.0        1    9   13.7
 17  00 20      1    4   10.1      0    0    0.0        1    4   10.1
 18  00 20      1    2    8.6      0    0    0.0        1    2    8.6
 19    -
 20  00 00      0    0    0.0      0    0    0.0        0    0    0.0
 21  00 20      0    0    0.0      0    0    0.0        0    0    0.0
 22    -
 23  00 00      0    0    0.0      1    7   12.2        1    7   12.2
 24  03 10      0    0    0.0      0    0    0.0        0    0    0.0
 25  00 00      0    0    0.0      0    0    0.0        0    0    0.0
 26  00 00      1    4   10.1      1    4   10.1        2    8   20.2
 27  00 00      0    0    0.0      1   21   22.3        1   21   22.3
 28  00 00      1    2    8.6      2   18   27.4        3   20   36.0
 29  00 00      0    0    0.0      2   19   28.1        2   19   28.1
 30  02 20      0    0    0.0      2    5   18.0        2    5   18.0
 31  01 00      0    0    0.0      4   14   38.9        4   14   38.9

 Monthly Mean             8.9               40.1                 49.0

 --------------------------------------------------------------------

 June      1974     (k = 0.72)

 Date Time(UT)      North              South                Total
      h  m      g    f     R       g    f     R         g    f     R
 31  23 15      0    0    0.0      4   44   60.5        4   44   60.5
  2    -
  3  00 30      0    0    0.0      3   65   68.4        3   65   68.4
  4    -
  5    -
  6  04 30      1   17   19.4      3   37   48.2        4   54   67.7
  7  00 15      1   11   15.1      3   47   55.4        4   58   70.6
  8  00 00      2   19   28.1      2   31   36.7        4   50   64.8
  9  00 00      2   40   43.2      2   16   25.9        4   56   69.1
 10    -
 11    -
 12  01 40      2   42   44.6      0    0    0.0        2   42   44.6
 13  01 45      1   22   23.0      1    2    8.6        2   24   31.7
 14    -
 15  00 00      1   23   23.8      2   13   23.8        3   36   47.5
 16  02 15      1    4   10.1      1    3    9.4        2    7   19.4
 17  01 30      1    6   11.5      1    8   13.0        2   14   24.5
 18  00 30      1    2    8.6      1    7   12.2        2    9   20.9
 19    -
 20  01 00      0    0    0.0      2   21   29.5        2   21   29.5
 21    -
 22  02 15      0    0    0.0      1    9   13.7        1    9   13.7
 22  23 40      0    0    0.0      1    5   10.8        1    5   10.8
 24  02 00      1    4   10.1      0    0    0.0        1    4   10.1
 25  00 00      1    2    8.6      0    0    0.0        1    2    8.6
 26  00 00      0    0    0.0      1    1    7.9        1    1    7.9
 27    -
 28    -
 29  00 00      0    0    0.0      3   16   33.1        3   16   33.1
 30    -


 Monthly Mean            13.0               24.1                 37.0

 --------------------------------------------------------------------

 July      1974     (k = 0.72)

 Date Time(UT)      North              South                Total
      h  m      g    f     R       g    f     R         g    f     R
  1    -
  2    -
  3    -
  4    -
  5    -
  6    -
  7    -
  8  02 45      0    0    0.0      4   45   61.2        4   45   61.2
  9  00 30      0    0    0.0      4   26   47.5        4   26   47.5
 10  00 15      0    0    0.0      4   22   44.6        4   22   44.6
 11    -
 12    -
 13  00 45      0    0    0.0      2   19   28.1        2   19   28.1
 14    -
 15    -
 16    -
 17    -
 18    -
 19    -
 20  04 50      0    0    0.0      4   43   59.8        4   43   59.8
 21    -
 22  00 00      0    0    0.0      4   24   46.1        4   24   46.1
 23  00 00      0    0    0.0      4   39   56.9        4   39   56.9
 24    -
 25  00 30      0    0    0.0      4   57   69.8        4   57   69.8
 26  00 00      0    0    0.0      5   62   80.6        5   62   80.6
 27  00 00      0    0    0.0      4   55   68.4        4   55   68.4
 28  00 10      0    0    0.0      5   42   66.2        5   42   66.2
 29  00 45      0    0    0.0      4   29   49.7        4   29   49.7
 29  23 50      0    0    0.0      4   33   52.6        4   33   52.6
 31  00 00      0    0    0.0      3   30   43.2        3   30   43.2

 Monthly Mean             0.0               55.3                 55.3

 --------------------------------------------------------------------

 August    1974     (k = 0.72)

 Date Time(UT)      North              South                Total
      h  m      g    f     R       g    f     R         g    f     R
  1  05 15      0    0    0.0      3   24   38.9        3   24   38.9
  2  00 00      0    0    0.0      3   24   38.9        3   24   38.9
  3  00 00      0    0    0.0      2   15   25.2        2   15   25.2
  4  00 15      0    0    0.0      3    9   28.1        3    9   28.1
  5  00 00      0    0    0.0      2    3   16.6        2    3   16.6
  6  00 15      0    0    0.0      2    8   20.2        2    8   20.2
  7  00 15      0    0    0.0      3   16   33.1        3   16   33.1
  8  00 15      0    0    0.0      3   23   38.2        3   23   38.2
  9  00 00      0    0    0.0      3   31   43.9        3   31   43.9
 10  00 00      1    3    9.4      3   22   37.4        4   25   46.8
 10  23 45      1    3    9.4      3   37   48.2        4   40   57.6
 12  00 00      2    3   16.6      4   49   64.1        6   52   80.6
 13  00 00      4   13   38.2      5   40   64.8        9   53  103.0
 14  00 15      2    3   16.6      6   40   72.0        8   43   88.6
 15  02 10      2    5   18.0      5   20   50.4        7   25   68.4
 15  23 45      1    7   12.2      6   19   56.9        7   26   69.1
 17    -
 18  04 40      1    8   13.0      3    8   27.4        4   16   40.3
 19  00 00      1   11   15.1      4   14   38.9        5   25   54.0
 20  00 00      2    4   17.3      3    6   25.9        5   10   43.2
 21  00 20      1    3    9.4      2    7   19.4        3   10   28.8
 22  00 30      1    4   10.1      2   12   23.0        3   16   33.1
 23  00 00      1    5   10.8      2   20   28.8        3   25   39.6
 24  00 00      1   10   14.4      2   14   24.5        3   24   38.9
 25    -
 26    -
 27  00 00      0    0    0.0      2    4   17.3        2    4   17.3
 27  23 45      1    2    8.6      1    2    8.6        2    4   17.3
 29  01 58      1    2    8.6      0    0    0.0        1    2    8.6
 30  00 00      1    2    8.6      0    0    0.0        1    2    8.6
 31  01 00      1    2    8.6      0    0    0.0        1    2    8.6

 Monthly Mean             8.7               31.8                 40.5

 --------------------------------------------------------------------

 September 1974     (k = 0.72)

 Date Time(UT)      North              South                Total
      h  m      g    f     R       g    f     R         g    f     R
  1    -
  2  01 00      0    0    0.0      1    4   10.1        1    4   10.1
  3  00 00      0    0    0.0      3    6   25.9        3    6   25.9
  4    -
  5  00 00      1    4   10.1      5   19   49.7        6   23   59.8
  6  00 00      2    6   18.7      5   15   46.8        7   21   65.5
  7  00 25      0    0    0.0      5   11   43.9        5   11   43.9
  7  23 40      1    4   10.1      3    8   27.4        4   12   37.4
  8  22 15      1    4   10.1      4    7   33.8        5   11   43.9
 10  01 00      2   17   26.6      5   13   45.4        7   30   72.0
 11  00 30      2   17   26.6      4   16   40.3        6   33   67.0
 12    -
 13  03 00      1   24   24.5      3   23   38.2        4   47   62.6
 14  00 00      1   43   38.2      3   31   43.9        4   74   82.1
 15  00 20      1   35   32.4      2   22   30.2        3   57   62.6
 16    -
 17    -
 18    -
 19  00 00      2   25   32.4      2    5   18.0        4   30   50.4
 20  00 00      1   16   18.7      1    1    7.9        2   17   26.6
 21  00 30      2   14   24.5      0    0    0.0        2   14   24.5
 22    -
 23  00 30      0    0    0.0      0    0    0.0        0    0    0.0
 24    -
 24  23 40      1    9   13.7      0    0    0.0        1    9   13.7
 26    -
 27    -
 28  01 15      2    6   18.7      1    2    8.6        3    8   27.4
 29  01 35      1    2    8.6      1    7   12.2        2    9   20.9
 30  00 00      1    5   10.8      4   37   55.4        5   42   66.2


 Monthly Mean            16.2               26.9                 43.1

 --------------------------------------------------------------------

 October   1974     (k = 0.72)

 Date Time(UT)      North              South                Total
      h  m      g    f     R       g    f     R         g    f     R
  1  03 30      1    9   13.7      3   21   36.7        4   30   50.4
  2  04 45      1   18   20.2      2   24   31.7        3   42   51.8
  3    -
  4  00 30      2    9   20.9      3   18   34.6        5   27   55.4
  5  00 25      3   16   33.1      3   25   39.6        6   41   72.7
  6  03 00      5   21   51.1      4   15   39.6        9   36   90.7
  6  22 30      5   42   66.2      3   26   40.3        8   68  106.6
  8  04 45      5   80   93.6      2   37   41.0        7  117  134.6
  9  00 00      5   80   93.6      2   36   40.3        7  116  133.9
 10  00 30      4  106  105.1      4   37   55.4        8  143  160.6
 11  04 10      4  154  139.7      2   24   31.7        6  178  171.4
 12    -
 13    -
 14  00 15      2  108   92.2      1    7   12.2        3  115  104.4
 15  00 00      2   89   78.5      0    0    0.0        2   89   78.5
 16  02 40      2   51   51.1      0    0    0.0        2   51   51.1
 17  02 00      2   31   36.7      0    0    0.0        2   31   36.7
 18  02 30      1   13   16.6      0    0    0.0        1   13   16.6
 19  01 50      1    6   11.5      0    0    0.0        1    6   11.5
 20    -
 21  01 15      1    8   13.0      0    0    0.0        1    8   13.0
 22    -
 23  02 45      0    0    0.0      1    3    9.4        1    3    9.4
 24  00 00      0    0    0.0      0    0    0.0        0    0    0.0
 25  00 20      0    0    0.0      1    4   10.1        1    4   10.1
 25  23 10      0    0    0.0      2    8   20.2        2    8   20.2
 27    -
 28  00 00      2    2   15.8      2    9   20.9        4   11   36.7
 28  23 30      0    0    0.0      2    5   18.0        2    5   18.0
 30    -
 31    -

 Monthly Mean            41.4               20.9                 62.4

 --------------------------------------------------------------------

 November  1974     (k = 0.72)

 Date Time(UT)      North              South                Total
      h  m      g    f     R       g    f     R         g    f     R
  1  00 00      2    4   17.3      2    5   18.0        4    9   35.3
  2  00 15      2    3   16.6      1    3    9.4        3    6   25.9
  3    -
  4  00 45      2   22   30.2      1    2    8.6        3   24   38.9
  5    -
  6  00 15      2   12   23.0      1    4   10.1        3   16   33.1
  7  01 45      2   11   22.3      0    0    0.0        2   11   22.3
  8  00 00      2    7   19.4      1    1    7.9        3    8   27.4
  9  01 10      0    0    0.0      0    0    0.0        0    0    0.0
 10  03 45      4   11   36.7      0    0    0.0        4   11   36.7
 11  00 00      2    6   18.7      0    0    0.0        2    6   18.7
 12  02 15      2   13   23.8      0    0    0.0        2   13   23.8
 13  00 00      1    7   12.2      0    0    0.0        1    7   12.2
 14  03 40      1    4   10.1      0    0    0.0        1    4   10.1
 15  00 15      2    4   17.3      0    0    0.0        2    4   17.3
 15  23 35      2    2   15.8      2   16   25.9        4   18   41.8
 17    -
 18  01 00      1   10   14.4      0    0    0.0        1   10   14.4
 19  00 33      2   16   25.9      0    0    0.0        2   16   25.9
 20  00 00      3   23   38.2      0    0    0.0        3   23   38.2
 21  00 10      3   17   33.8      0    0    0.0        3   17   33.8
 22  00 00      2   25   32.4      0    0    0.0        2   25   32.4
 23  03 35      2   21   29.5      0    0    0.0        2   21   29.5
 24  00 30      4   29   49.7      0    0    0.0        4   29   49.7
 25  00 10      4   30   50.4      0    0    0.0        4   30   50.4
 26  01 30      2    5   18.0      0    0    0.0        2    5   18.0
 27  00 00      2   12   23.0      0    0    0.0        2   12   23.0
 28  02 30      1   15   18.0      0    0    0.0        1   15   18.0
 28  23 00      1   15   18.0      0    0    0.0        1   15   18.0
 30  02 30      1    1    7.9      0    0    0.0        1    1    7.9


 Monthly Mean            23.1                3.0                 26.0

 --------------------------------------------------------------------

 December  1974     (k = 0.72)

 Date Time(UT)      North              South                Total
      h  m      g    f     R       g    f     R         g    f     R
  1  00 00      0    0    0.0      0    0    0.0        0    0    0.0
  2    -
  3  01 30      0    0    0.0      0    0    0.0        0    0    0.0
  4  00 00      0    0    0.0      0    0    0.0        0    0    0.0
  5  00 00      1    4   10.1      0    0    0.0        1    4   10.1
  5  23 15      1    3    9.4      0    0    0.0        1    3    9.4
  7  00 15      0    0    0.0      0    0    0.0        0    0    0.0
  8  00 00      0    0    0.0      0    0    0.0        0    0    0.0
  9  00 30      0    0    0.0      0    0    0.0        0    0    0.0
 10    -
 11    -
 11  23 30      1   20   21.6      0    0    0.0        1   20   21.6
 13  00 00      2   23   31.0      0    0    0.0        2   23   31.0
 14  00 30      4   19   42.5      0    0    0.0        4   19   42.5
 15    -
 16  00 30      2   28   34.6      0    0    0.0        2   28   34.6
 17  00 00      2   13   23.8      0    0    0.0        2   13   23.8
 18  02 45      3   14   31.7      0    0    0.0        3   14   31.7
 19  00 15      3   10   28.8      1    1    7.9        4   11   36.7
 20  04 30      3   15   32.4      1    4   10.1        4   19   42.5
 21  00 30      3   15   32.4      1    1    7.9        4   16   40.3
 22  00 15      3    8   27.4      0    0    0.0        3    8   27.4
 23  01 00      3   12   30.2      0    0    0.0        3   12   30.2
 24  03 00      2    7   19.4      0    0    0.0        2    7   19.4
 25  02 10      1    2    8.6      0    0    0.0        1    2    8.6
 25  23 45      1    2    8.6      0    0    0.0        1    2    8.6
 27  01 45      1    2    8.6      0    0    0.0        1    2    8.6
 28  02 00      2    7   19.4      0    0    0.0        2    7   19.4
 29    -
 30  03 00      2    3   16.6      1    6   11.5        3    9   28.1
 31  01 00      1    1    7.9      1   12   15.8        2   13   23.8

 Monthly Mean            17.1                2.0                 19.2

 --------------------------------------------------------------------

