 January   1943     (k = 0.60)

 Date Time(UT)      North              South                Total
      h  m      g    f     R       g    f     R         g    f     R
  1    -
  2    -
  3  03 45      1    2    7.2      0    0    0.0        1    2    7.2
  4  00 12      1    3    7.8      0    0    0.0        1    3    7.8
  5    -
  6  02 46      0    0    0.0      0    0    0.0        0    0    0.0
  7  00 55      0    0    0.0      1    2    7.2        1    2    7.2
  8  03 44      0    0    0.0      1    9   11.4        1    9   11.4
  9    -
 10    -
 11    -
 12    -
 13  02 10      0    0    0.0      1    7   10.2        1    7   10.2
 14    -
 15    -
 16    -
 17    -
 18    -
 19  03 48      0    0    0.0      2    5   15.0        2    5   15.0
 20  04 07      1    2    7.2      1   11   12.6        2   13   19.8
 21  02 45      2    4   14.4      1   11   12.6        3   15   27.0
 22    -
 23  01 31      2    5   15.0      1    7   10.2        3   12   25.2
 24    -
 25    -
 26    -
 27    -
 28    -
 29    -
 30    -
 31    -

 Monthly Mean             5.2                7.9                 13.1

 --------------------------------------------------------------------

 February  1943     (k = 0.60)

 Date Time(UT)      North              South                Total
      h  m      g    f     R       g    f     R         g    f     R
  1    -
  2    -
  3    -
  4    -
  5  01 00      1    2    7.2      0    0    0.0        1    2    7.2
  6    -
  7    -
  8    -
  9  01 50      1   24   20.4      1    1    6.6        2   25   27.0
 10  02 15      1   62   43.2      1    1    6.6        2   63   49.8
 11    -
 12  02 09      1   44   32.4      0    0    0.0        1   44   32.4
 13  02 10      1   38   28.8      0    0    0.0        1   38   28.8
 14    -
 15  02 21      1   19   17.4      0    0    0.0        1   19   17.4
 16    -
 17  04 35      1    8   10.8      0    0    0.0        1    8   10.8
 18  01 05      2    5   15.0      0    0    0.0        2    5   15.0
 19    -
 20    -
 21    -
 22  01 10      3   51   48.6      0    0    0.0        3   51   48.6
 23  01 01      3   80   66.0      0    0    0.0        3   80   66.0
 24  04 22      2  109   77.4      0    0    0.0        2  109   77.4
 25    -
 26  01 09      2  103   73.8      0    0    0.0        2  103   73.8
 27  01 06      2  109   77.4      0    0    0.0        2  109   77.4
 28    -




 Monthly Mean            39.9                1.0                 40.9

 --------------------------------------------------------------------

 March     1943     (k = 0.60)

 Date Time(UT)      North              South                Total
      h  m      g    f     R       g    f     R         g    f     R
  1    -
  2    -
  3  00 55      1   19   17.4      0    0    0.0        1   19   17.4
  4  02 14      1    8   10.8      0    0    0.0        1    8   10.8
  5  01 02      1    9   11.4      0    0    0.0        1    9   11.4
  6  02 37      1   16   15.6      0    0    0.0        1   16   15.6
  6  23 30      1   38   28.8      0    0    0.0        1   38   28.8
  8  04 49      1   16   15.6      0    0    0.0        1   16   15.6
  9  01 51      1   64   44.4      0    0    0.0        1   64   44.4
 10  01 25      1   84   56.4      0    0    0.0        1   84   56.4
 11  01 24      1   75   51.0      0    0    0.0        1   75   51.0
 12  02 43      2   70   54.0      0    0    0.0        2   70   54.0
 13  00 59      2   65   51.0      0    0    0.0        2   65   51.0
 14  04 53      1   28   22.8      0    0    0.0        1   28   22.8
 15  01 02      2   19   23.4      0    0    0.0        2   19   23.4
 16  01 12      2    6   15.6      0    0    0.0        2    6   15.6
 17  01 54      0    0    0.0      0    0    0.0        0    0    0.0
 18  01 12      1    3    7.8      0    0    0.0        1    3    7.8
 19  01 20      1    6    9.6      1    1    6.6        2    7   16.2
 20    -
 21    -
 22    -
 23  01 01      2   23   25.8      0    0    0.0        2   23   25.8
 24    -
 25  03 45      2   70   54.0      0    0    0.0        2   70   54.0
 26  01 34      2   33   31.8      0    0    0.0        2   33   31.8
 27    -
 28    -
 29  01 04      2    7   16.2      1    7   10.2        3   14   26.4
 30  07 35      1    3    7.8      1   23   19.8        2   26   27.6


 Monthly Mean            26.0                1.7                 27.6

 --------------------------------------------------------------------

 April     1943     (k = 0.60)

 Date Time(UT)      North              South                Total
      h  m      g    f     R       g    f     R         g    f     R
  1    -
  2  01 25      2   14   20.4      2   10   18.0        4   24   38.4
  3  00 55      1    9   11.4      2   10   18.0        3   19   29.4
  4    -
  5  07 20      1   15   15.0      1    3    7.8        2   18   22.8
  6  03 45      1   18   16.8      2    3   13.8        3   21   30.6
  7    -
  8    -
  9  01 11      1   16   15.6      1    4    8.4        2   20   24.0
 10  00 23      1   12   13.2      1    9   11.4        2   21   24.6
 11    -
 12    -
 13  02 04      0    0    0.0      1   28   22.8        1   28   22.8
 14  02 45      0    0    0.0      1   20   18.0        1   20   18.0
 15  02 09      1    2    7.2      1   24   20.4        2   26   27.6
 16  01 35      1    2    7.2      1   21   18.6        2   23   25.8
 17  02 21      1   11   12.6      1   17   16.2        2   28   28.8
 18  05 31      1   39   29.4      1   10   12.0        2   49   41.4
 19    -
 20  00 32      1   71   48.6      1    3    7.8        2   74   56.4
 21  00 13      1   89   59.4      0    0    0.0        1   89   59.4
 22  02 59      1   83   55.8      0    0    0.0        1   83   55.8
 23  00 46      1   82   55.2      0    0    0.0        1   82   55.2
 24    -
 25  05 02      1   65   45.0      0    0    0.0        1   65   45.0
 26  04 23      1   28   22.8      0    0    0.0        1   28   22.8
 27    -
 28  03 31      1    3    7.8      0    0    0.0        1    3    7.8
 29    -
 30  04 20      1    5    9.0      0    0    0.0        1    5    9.0


 Monthly Mean            22.6                9.7                 32.3

 --------------------------------------------------------------------

 May       1943     (k = 0.60)

 Date Time(UT)      North              South                Total
      h  m      g    f     R       g    f     R         g    f     R
  1  00 00      1    6    9.6      0    0    0.0        1    6    9.6
  2  04 56      1   10   12.0      0    0    0.0        1   10   12.0
  3  00 48      1   12   13.2      0    0    0.0        1   12   13.2
  4  00 44      1   10   12.0      0    0    0.0        1   10   12.0
  5  00 34      1    6    9.6      0    0    0.0        1    6    9.6
  6  05 42      1    4    8.4      0    0    0.0        1    4    8.4
  7  00 51      1    3    7.8      0    0    0.0        1    3    7.8
  8  00 08      1    3    7.8      0    0    0.0        1    3    7.8
  9  01 02      1    2    7.2      1    7   10.2        2    9   17.4
 10  00 23      0    0    0.0      1    2    7.2        1    2    7.2
 11  00 13      0    0    0.0      0    0    0.0        0    0    0.0
 12  00 17      1    5    9.0      0    0    0.0        1    5    9.0
 13  01 21      1   11   12.6      0    0    0.0        1   11   12.6
 14  00 26      1   17   16.2      0    0    0.0        1   17   16.2
 15    -
 16    -
 17    -
 18    -
 19  01 04      1   14   14.4      1    9   11.4        2   23   25.8
 20    -
 21  02 20      1    9   11.4      0    0    0.0        1    9   11.4
 22  00 00      1    9   11.4      0    0    0.0        1    9   11.4
 22  23 50      1    7   10.2      0    0    0.0        1    7   10.2
 24    -
 25    -
 26  00 45      2    6   15.6      0    0    0.0        2    6   15.6
 27    -
 28    -
 29    -
 30  00 00      2    9   17.4      0    0    0.0        2    9   17.4
 31    -

 Monthly Mean            10.3                1.4                 11.7

 --------------------------------------------------------------------

 June      1943     (k = 0.60)

 Date Time(UT)      North              South                Total
      h  m      g    f     R       g    f     R         g    f     R
  1  00 58      2    5   15.0      0    0    0.0        2    5   15.0
  2  01 25      1    3    7.8      0    0    0.0        1    3    7.8
  3    -
  4  04 27      0    0    0.0      0    0    0.0        0    0    0.0
  5    -
  6    -
  7  00 21      0    0    0.0      0    0    0.0        0    0    0.0
  8  03 33      1    2    7.2      0    0    0.0        1    2    7.2
  9    -
 10  00 00      1    3    7.8      0    0    0.0        1    3    7.8
 11  00 36      1    5    9.0      0    0    0.0        1    5    9.0
 11  23 56      1    7   10.2      0    0    0.0        1    7   10.2
 13  07 03      2   10   18.0      0    0    0.0        2   10   18.0
 14  02 50      2   13   19.8      0    0    0.0        2   13   19.8
 15    -
 16  02 48      1    5    9.0      0    0    0.0        1    5    9.0
 17  00 43      2    9   17.4      0    0    0.0        2    9   17.4
 18    -
 19    -
 20    -
 21  06 08      0    0    0.0      0    0    0.0        0    0    0.0
 22  01 49      0    0    0.0      0    0    0.0        0    0    0.0
 23  01 23      0    0    0.0      1    8   10.8        1    8   10.8
 24  01 04      0    0    0.0      1   13   13.8        1   13   13.8
 25  02 00      0    0    0.0      1    4    8.4        1    4    8.4
 26  00 42      0    0    0.0      1    5    9.0        1    5    9.0
 27    -
 27    -
 29    -
 30    -


 Monthly Mean             6.7                2.3                  9.1

 --------------------------------------------------------------------

 July      1943     (k = 0.60)

 Date Time(UT)      North              South                Total
      h  m      g    f     R       g    f     R         g    f     R
  1    -
  2  02 19      0    0    0.0      0    0    0.0        0    0    0.0
  3    -
  4    -
  5  00 35      0    0    0.0      0    0    0.0        0    0    0.0
  6  05 32      0    0    0.0      0    0    0.0        0    0    0.0
  7  06 18      0    0    0.0      0    0    0.0        0    0    0.0
  8    -
  9  01 36      2   40   36.0      0    0    0.0        2   40   36.0
 10  00 05      2   50   42.0      0    0    0.0        2   50   42.0
 11    -
 12  00 40      1   62   43.2      0    0    0.0        1   62   43.2
 12  23 34      2   55   45.0      0    0    0.0        2   55   45.0
 13  23 35      1   35   27.0      0    0    0.0        1   35   27.0
 14  23 55      1   23   19.8      0    0    0.0        1   23   19.8
 16  02 20      1   17   16.2      0    0    0.0        1   17   16.2
 16  23 42      1   12   13.2      0    0    0.0        1   12   13.2
 18    -
 19  05 50      1    6    9.6      0    0    0.0        1    6    9.6
 20  04 50      0    0    0.0      0    0    0.0        0    0    0.0
 21  04 29      0    0    0.0      1    3    7.8        1    3    7.8
 22  00 27      0    0    0.0      0    0    0.0        0    0    0.0
 22  23 40      0    0    0.0      0    0    0.0        0    0    0.0
 24    -
 25    -
 26  00 08      0    0    0.0      1    8   10.8        1    8   10.8
 27  00 10      1    4    8.4      0    0    0.0        1    4    8.4
 28  00 49      2   12   19.2      0    0    0.0        2   12   19.2
 29  01 46      2   11   18.6      0    0    0.0        2   11   18.6
 30  03 45      1    3    7.8      1    4    8.4        2    7   16.2
 31  00 32      1    4    8.4      0    0    0.0        1    4    8.4

 Monthly Mean            13.7                1.2                 14.8

 --------------------------------------------------------------------

 August    1943     (k = 0.60)

 Date Time(UT)      North              South                Total
      h  m      g    f     R       g    f     R         g    f     R
  1  00 00      0    0    0.0      0    0    0.0        0    0    0.0
  2  01 12      2    5   15.0      0    0    0.0        2    5   15.0
  3  03 55      1    3    7.8      0    0    0.0        1    3    7.8
  4  00 45      1    3    7.8      0    0    0.0        1    3    7.8
  5    -
  5  23 50      2   12   19.2      0    0    0.0        2   12   19.2
  7  00 50      2    9   17.4      0    0    0.0        2    9   17.4
  8  08 45      2   10   18.0      0    0    0.0        2   10   18.0
  8  22 54      2   11   18.6      1    3    7.8        3   14   26.4
 10  01 12      1    7   10.2      1    4    8.4        2   11   18.6
 11  01 34      1    5    9.0      1    5    9.0        2   10   18.0
 12  00 28      1    4    8.4      1    5    9.0        2    9   17.4
 13  00 14      1    7   10.2      1    7   10.2        2   14   20.4
 13  23 25      2   10   18.0      1    7   10.2        3   17   28.2
 15    -
 16  01 13      1    7   10.2      1    4    8.4        2   11   18.6
 16  23 36      1    6    9.6      1    4    8.4        2   10   18.0
 18  00 12      2    8   16.8      2    6   15.6        4   14   32.4
 19  00 15      1    8   10.8      2    5   15.0        3   13   25.8
 20  02 19      2    6   15.6      2    6   15.6        4   12   31.2
 20  23 39      1    4    8.4      3    8   22.8        4   12   31.2
 22  02 35      1    2    7.2      1    8   10.8        2   10   18.0
 22  23 40      1    2    7.2      1    5    9.0        2    7   16.2
 24  01 55      1    2    7.2      1    2    7.2        2    4   14.4
 25  00 52      0    0    0.0      0    0    0.0        0    0    0.0
 26  00 30      0    0    0.0      0    0    0.0        0    0    0.0
 27    -
 27  23 45      0    0    0.0      1   14   14.4        1   14   14.4
 29  01 00      0    0    0.0      1   10   12.0        1   10   12.0
 30  00 17      0    0    0.0      1    2    7.2        1    2    7.2
 31  02 32      0    0    0.0      0    0    0.0        0    0    0.0

 Monthly Mean             9.0                7.2                 16.2

 --------------------------------------------------------------------

 September 1943     (k = 0.60)

 Date Time(UT)      North              South                Total
      h  m      g    f     R       g    f     R         g    f     R
  1  01 15      0    0    0.0      0    0    0.0        0    0    0.0
  2    -
  3  01 13      0    0    0.0      0    0    0.0        0    0    0.0
  4    -
  5    -
  6    -
  7    -
  8  02 20      1   47   34.2      0    0    0.0        1   47   34.2
  9  01 50      1   62   43.2      0    0    0.0        1   62   43.2
 10    -
 11  01 05      2   36   33.6      0    0    0.0        2   36   33.6
 12    -
 13  00 00      0    0    0.0      0    0    0.0        0    0    0.0
 14    -
 15  01 00      0    0    0.0      0    0    0.0        0    0    0.0
 16  02 00      0    0    0.0      0    0    0.0        0    0    0.0
 17  01 00      0    0    0.0      0    0    0.0        0    0    0.0
 18  00 00      0    0    0.0      1    8   10.8        1    8   10.8
 19    -
 20    -
 21  02 10      0    0    0.0      1   12   13.2        1   12   13.2
 22  00 00      0    0    0.0      1   10   12.0        1   10   12.0
 23  01 40      0    0    0.0      1    3    7.8        1    3    7.8
 24    -
 25    -
 26    -
 27    -
 27  23 30      1    8   10.8      0    0    0.0        1    8   10.8
 29    -
 30  02 00      1    6    9.6      0    0    0.0        1    6    9.6


 Monthly Mean             8.8                2.9                 11.7

 --------------------------------------------------------------------

 October   1943     (k = 0.60)

 Date Time(UT)      North              South                Total
      h  m      g    f     R       g    f     R         g    f     R
  1    -
  2    -
  3    -
  4  01 00      1   14   14.4      0    0    0.0        1   14   14.4
  5  02 00      1    6    9.6      0    0    0.0        1    6    9.6
  6    -
  6  23 40      1    9   11.4      0    0    0.0        1    9   11.4
  8    -
  9    -
 10    -
 11    -
 12  00 00      0    0    0.0      1    1    6.6        1    1    6.6
 13  03 00      0    0    0.0      0    0    0.0        0    0    0.0
 14  00 00      0    0    0.0      0    0    0.0        0    0    0.0
 15  00 20      0    0    0.0      0    0    0.0        0    0    0.0
 16  00 20      0    0    0.0      0    0    0.0        0    0    0.0
 17    -
 18  01 40      0    0    0.0      1    2    7.2        1    2    7.2
 19  00 25      0    0    0.0      1    2    7.2        1    2    7.2
 19  23 50      0    0    0.0      0    0    0.0        0    0    0.0
 21    -
 21  23 40      0    0    0.0      0    0    0.0        0    0    0.0
 23  04 40      0    0    0.0      0    0    0.0        0    0    0.0
 24    -
 25    -
 26  00 00      1    4    8.4      0    0    0.0        1    4    8.4
 26  23 40      1    6    9.6      0    0    0.0        1    6    9.6
 28  01 07      1    4    8.4      0    0    0.0        1    4    8.4
 29  00 02      1   11   12.6      0    0    0.0        1   11   12.6
 30  02 24      1    8   10.8      0    0    0.0        1    8   10.8
 31  00 15      1    3    7.8      0    0    0.0        1    3    7.8

 Monthly Mean             4.9                1.1                  6.0

 --------------------------------------------------------------------

 November  1943     (k = 0.60)

 Date Time(UT)      North              South                Total
      h  m      g    f     R       g    f     R         g    f     R
 31  23 25      1    2    7.2      0    0    0.0        1    2    7.2
  1  23 53      1    2    7.2      0    0    0.0        1    2    7.2
  2  23 50      1    2    7.2      0    0    0.0        1    2    7.2
  4    -
  5  00 00      1    2    7.2      0    0    0.0        1    2    7.2
  6  04 50      0    0    0.0      0    0    0.0        0    0    0.0
  7    -
  8  01 00      0    0    0.0      0    0    0.0        0    0    0.0
  9    -
 10  02 05      0    0    0.0      0    0    0.0        0    0    0.0
 11  05 35      0    0    0.0      0    0    0.0        0    0    0.0
 12  01 50      0    0    0.0      0    0    0.0        0    0    0.0
 13  02 15      0    0    0.0      0    0    0.0        0    0    0.0
 14  00 30      0    0    0.0      1   13   13.8        1   13   13.8
 15  01 20      0    0    0.0      1    5    9.0        1    5    9.0
 16    -
 17  00 45      0    0    0.0      3   16   27.6        3   16   27.6
 18  01 00      0    0    0.0      0    0    0.0        0    0    0.0
 19  02 25      0    0    0.0      0    0    0.0        0    0    0.0
 20  01 15      0    0    0.0      0    0    0.0        0    0    0.0
 21  00 30      1    6    9.6      0    0    0.0        1    6    9.6
 22  01 05      1   10   12.0      0    0    0.0        1   10   12.0
 23  01 20      1   11   12.6      0    0    0.0        1   11   12.6
 24    -
 25  00 55      1   22   19.2      0    0    0.0        1   22   19.2
 26  00 55      1   13   13.8      0    0    0.0        1   13   13.8
 27  00 25      1   10   12.0      0    0    0.0        1   10   12.0
 28    -
 29  01 25      2   12   19.2      0    0    0.0        2   12   19.2
 30  00 20      2   13   19.8      0    0    0.0        2   13   19.8


 Monthly Mean             6.1                2.1                  8.2

 --------------------------------------------------------------------

 December  1943     (k = 0.60)

 Date Time(UT)      North              South                Total
      h  m      g    f     R       g    f     R         g    f     R
  1  01 15      2   12   19.2      0    0    0.0        2   12   19.2
  2  01 10      2   13   19.8      0    0    0.0        2   13   19.8
  3  05 30      2   15   21.0      0    0    0.0        2   15   21.0
  4  00 50      1   12   13.2      0    0    0.0        1   12   13.2
  5    -
  6    -
  7    -
  8  00 45      1    6    9.6      0    0    0.0        1    6    9.6
  9  00 55      1    4    8.4      1    2    7.2        2    6   15.6
 10  01 25      1    3    7.8      1    6    9.6        2    9   17.4
 11  01 15      1    5    9.0      1    4    8.4        2    9   17.4
 12  00 30      1    7   10.2      0    0    0.0        1    7   10.2
 13  00 25      1    2    7.2      0    0    0.0        1    2    7.2
 14  00 35      2    4   14.4      1    7   10.2        3   11   24.6
 15    -
 16    -
 17  01 20      1    2    7.2      1   21   18.6        2   23   25.8
 18  01 35      1    1    6.6      1   20   18.0        2   21   24.6
 19    -
 20  00 35      1    1    6.6      1   29   23.4        2   30   30.0
 21    -
 22  01 15      0    0    0.0      1   35   27.0        1   35   27.0
 23  01 45      0    0    0.0      1   24   20.4        1   24   20.4
 24    -
 25    -
 26    -
 27  00 35      0    0    0.0      0    0    0.0        0    0    0.0
 28  01 20      0    0    0.0      0    0    0.0        0    0    0.0
 29  00 50      0    0    0.0      0    0    0.0        0    0    0.0
 30  01 10      0    0    0.0      0    0    0.0        0    0    0.0
 31  00 40      0    0    0.0      0    0    0.0        0    0    0.0

 Monthly Mean             7.6                6.8                 14.4

 --------------------------------------------------------------------

