 January   1992     (k = 0.60)

 Date Time(UT)      North              South                Total
      h  m      g    f     R       g    f     R         g    f     R
  1  01 00      0    0    0.0      9  118  124.8        9  118  124.8
  2  00 50      0    0    0.0      7  223  175.8        7  223  175.8
  3  00 20      2    5   15.0      8  177  154.2       10  182  169.2
  4  00 30      4   13   31.8      6  161  132.6       10  174  164.4
  5  00 56      3    9   23.4      8  105  111.0       11  114  134.4
  6    -
  7    -
  8  00 55      7   87   94.2      5  100   90.0       12  187  184.2
  9    -
 10  01 15      8   59   83.4      4  111   90.6       12  170  174.0
 11  00 50      7   59   77.4      6  124  110.4       13  183  187.8
 12  05 12      5   42   55.2      6   81   84.6       11  123  139.8
 13  01 05      6   31   54.6      7   92   97.2       13  123  151.8
 14  01 50      3   17   28.2      6   77   82.2        9   94  110.4
 15  04 00      2    9   17.4      7   67   82.2        9   76   99.6
 16  00 53      1    9   11.4      6   81   84.6        7   90   96.0
 17  04 00      2   19   23.4      7   52   73.2        9   71   96.6
 18  00 40      1    4    8.4      4   32   43.2        5   36   51.6
 19  00 40      2    7   16.2      3   17   28.2        5   24   44.4
 20  00 40      5   41   54.6      5   14   38.4       10   55   93.0
 21  00 30      3   45   45.0      7   19   53.4       10   64   98.4
 22  01 00      3   53   49.8     10   38   82.8       13   91  132.6
 23  00 10      2   49   41.4     10   33   79.8       12   82  121.2
 24  00 10      2   28   28.8      9   28   70.8       11   56   99.6
 25  01 18      4   31   42.6      7   39   65.4       11   70  108.0
 26  03 20      5   31   48.6      7   55   75.0       12   86  123.6
 27  01 53      5   47   58.2      9  115  123.0       14  162  181.2
 28  01 33      5   55   63.0      9  137  136.2       14  192  199.2
 29  02 10      5   44   56.4      7  102  103.2       12  146  159.6
 30    -
 31    -

 Monthly Mean            39.5               92.0                131.6

 --------------------------------------------------------------------

 February  1992     (k = 0.60)

 Date Time(UT)      North              South                Total
      h  m      g    f     R       g    f     R         g    f     R
  1    -
  2  06 20      5   41   54.6      9  107  118.2       14  148  172.8
  3    -
  4  04 50      3   19   29.4      9  171  156.6       12  190  186.0
  5  03 50      4   15   33.0     10  180  168.0       14  195  201.0
  6  00 45      5   21   42.6     14  195  201.0       19  216  243.6
  7  00 30      3   19   29.4     11  142  151.2       14  161  180.6
  8  05 00      4   44   50.4     10  141  144.6       14  185  195.0
  9  00 36      4   58   58.8     10   87  112.2       14  145  171.0
 10  00 35      4   96   81.6      7  101  102.6       11  197  184.2
 11  00 45      3  100   78.0      7   95   99.0       10  195  177.0
 12  00 25      4  101   84.6      7   61   78.6       11  162  163.2
 13  00 35      4  101   84.6      8   62   85.2       12  163  169.8
 14  00 15      3   78   64.8      8   50   78.0       11  128  142.8
 15  00 10      3   46   45.6      7   68   82.8       10  114  128.4
 16  00 30      3   34   38.4      7   64   80.4       10   98  118.8
 17  00 25      3   34   38.4      6   81   84.6        9  115  123.0
 18  03 55      2   20   24.0      9  103  115.8       11  123  139.8
 19  00 30      4   24   38.4      5   65   69.0        9   89  107.4
 20    -
 21  00 40      6   64   74.4     10   79  107.4       16  143  181.8
 22  00 15      5   85   81.0     11   66  105.6       16  151  186.6
 23  02 25      7   59   77.4      6   43   61.8       13  102  139.2
 24    -
 25  00 30      7  121  114.6      8   48   76.8       15  169  191.4
 26  00 55      8  133  127.8      7   43   67.8       15  176  195.6
 27  00 45      9  126  129.6      7   46   69.6       16  172  199.2
 28  00 15      7  140  126.0     10   80  108.0       17  220  234.0
 29  00 10      7  100  102.0      9   76   99.6       16  176  201.6



 Monthly Mean            68.4              105.0                173.4

 --------------------------------------------------------------------

 March     1992     (k = 0.60)

 Date Time(UT)      North              South                Total
      h  m      g    f     R       g    f     R         g    f     R
  1    -
  2    -
  3    -
  4  00 10      6   13   43.8      6   38   58.8       12   51  102.6
  5    -
  6  01 55      5   23   43.8      2   21   24.6        7   44   68.4
  7  00 10      7   20   54.0      3   23   31.8       10   43   85.8
  8  00 17      5   14   38.4      4   42   49.2        9   56   87.6
  9  00 20      4   13   31.8      6   82   85.2       10   95  117.0
 10  02 05      5   16   39.6      8   74   92.4       13   90  132.0
 11  01 50      4   11   30.6      8   81   96.6       12   92  127.2
 12    -
 13  00 20      3    9   23.4      9   89  107.4       12   98  130.8
 14  00 30      4   14   32.4     11   91  120.6       15  105  153.0
 15  01 00      2    6   15.6      7   75   87.0        9   81  102.6
 16    -
 17    -
 18    -
 19    -
 20  01 25      4   28   40.8      4   13   31.8        8   41   72.6
 21    -
 22  00 35      4   38   46.8      8   31   66.6       12   69  113.4
 23    -
 24  00 35      6   59   71.4      5   22   43.2       11   81  114.6
 25    -
 26    -
 27    -
 28    -
 29    -
 30  01 20      1   75   51.0      6   82   85.2        7  157  136.2
 31  01 07      1   82   55.2      6  106   99.6        7  188  154.8

 Monthly Mean            41.2               72.0                113.2

 --------------------------------------------------------------------

 April     1992     (k = 0.60)

 Date Time(UT)      North              South                Total
      h  m      g    f     R       g    f     R         g    f     R
  1    -
  2  00 52      2   63   49.8      4   73   67.8        6  136  117.6
  3  00 47      2   48   40.8      5   54   62.4        7  102  103.2
  4  00 57      3   40   42.0      3   50   48.0        6   90   90.0
  5    -
  6  00 20      1    9   11.4      4   52   55.2        5   61   66.6
  7    -
  8  00 40      0    0    0.0      3   53   49.8        3   53   49.8
  9  00 10      0    0    0.0      5   61   66.6        5   61   66.6
 10    -
 11    -
 12  03 50      1    2    7.2      5   28   46.8        6   30   54.0
 13  00 38      1   16   15.6      4   59   59.4        5   75   75.0
 14  00 35      2   36   33.6      5   56   63.6        7   92   97.2
 15  01 15      2   27   28.2      5   55   63.0        7   82   91.2
 16  05 15      2   17   22.2      5   67   70.2        7   84   92.4
 17  00 45      3   16   27.6      5  117  100.2        8  133  127.8
 18  00 32      3   10   24.0      6  100   96.0        9  110  120.0
 19    -
 20  00 40      4   17   34.2      7  149  131.4       11  166  165.6
 21  00 00      4   19   35.4      9  162  151.2       13  181  186.6
 22    -
 23  00 05      1   18   16.8      9  142  139.2       10  160  156.0
 24  00 10      3   47   46.2      8  131  126.6       11  178  172.8
 25  00 00      5   54   62.4     10   93  115.8       15  147  178.2
 26  01 50      3   31   36.6      7   38   64.8       10   69  101.4
 27  00 45      5   46   57.6      5   34   50.4       10   80  108.0
 28  00 00      4   33   43.8      5   33   49.8        9   66   93.6
 29  00 35      3   18   28.8      5   43   55.8        8   61   84.6
 30    -


 Monthly Mean            30.2               78.8                109.0

 --------------------------------------------------------------------

 May       1992     (k = 0.60)

 Date Time(UT)      North              South                Total
      h  m      g    f     R       g    f     R         g    f     R
  1  00 25      3   22   31.2      3   52   49.2        6   74   80.4
  1  23 50      3   18   28.8      3   27   34.2        6   45   63.0
  3  01 25      1   15   15.0      4   36   45.6        5   51   60.6
  4  01 45      2   14   20.4      7   38   64.8        9   52   85.2
  5  01 25      2   18   22.8      4   47   52.2        6   65   75.0
  6  00 35      1    9   11.4      4   53   55.8        5   62   67.2
  7    -
  8  00 05      0    0    0.0      5   63   67.8        5   63   67.8
  9    -
 10    -
 11  01 30      1   24   20.4      4   27   40.2        5   51   60.6
 12  00 30      1    7   10.2      5   40   54.0        6   47   64.2
 13    -
 14  01 40      0    0    0.0      7   35   63.0        7   35   63.0
 15    -
 16    -
 17  00 35      0    0    0.0      6   12   43.2        6   12   43.2
 18    -
 19  00 15      1   18   16.8      5   23   43.8        6   41   60.6
 20    -
 21  00 25      2   51   42.6      6   33   55.8        8   84   98.4
 22  01 40      2   62   49.2      4   45   51.0        6  107  100.2
 23  00 25      2   29   29.4      5   28   46.8        7   57   76.2
 24  01 35      1   41   30.6      5   33   49.8        6   74   80.4
 25  01 40      2   52   43.2      5   20   42.0        7   72   85.2
 26  00 20      3   41   42.6      4    8   28.8        7   49   71.4
 27  02 30      4   35   45.0      3   11   24.6        7   46   69.6
 28  05 45      3   21   30.6      1    4    8.4        4   25   39.0
 28  23 50      4   18   34.8      1    2    7.2        5   20   42.0
 30    -
 31    -

 Monthly Mean            25.0               44.2                 69.2

 --------------------------------------------------------------------

 June      1992     (k = 0.60)

 Date Time(UT)      North              South                Total
      h  m      g    f     R       g    f     R         g    f     R
  1  00 30      2   18   22.8      1    6    9.6        3   24   32.4
  2  00 23      2   32   31.2      1   10   12.0        3   42   43.2
  3  00 40      4   48   52.8      2   13   19.8        6   61   72.6
  4  00 25      4   64   62.4      2   18   22.8        6   82   85.2
  5    -
  6  00 25      4   39   47.4      3   10   24.0        7   49   71.4
  7    -
  8    -
  9    -
 10    -
 11    -
 12  01 15      4   59   59.4      6   25   51.0       10   84  110.4
 13    -
 14  02 10      3   10   24.0      3    8   22.8        6   18   46.8
 15    -
 16  00 12      3   14   26.4      6   34   56.4        9   48   82.8
 17    -
 18    -
 19    -
 20    -
 21    -
 22  00 00      3   46   45.6      2   32   31.2        5   78   76.8
 23    -
 24    -
 24  23 50      5   26   45.6      1   16   15.6        6   42   61.2
 26  00 05      5   30   48.0      1    8   10.8        6   38   58.8
 27    -
 27  23 45      3   24   32.4      1    3    7.8        4   27   40.2
 29  00 05      6   22   49.2      1    3    7.8        7   25   57.0
 30    -


 Monthly Mean            42.1               22.4                 64.5

 --------------------------------------------------------------------

 July      1992     (k = 0.60)

 Date Time(UT)      North              South                Total
      h  m      g    f     R       g    f     R         g    f     R
  1  00 00      5   60   66.0      1    8   10.8        6   68   76.8
  2    -
  3    -
  4  02 30      3  117   88.2      0    0    0.0        3  117   88.2
  5    -
  6    -
  7  00 25      2  100   72.0      3   25   33.0        5  125  105.0
  8  00 30      2   64   50.4      6   48   64.8        8  112  115.2
  9  00 35      1   32   25.2      7  100  102.0        8  132  127.2
 10  00 10      1   24   20.4      8  149  137.4        9  173  157.8
 11  05 40      2    9   17.4      6   79   83.4        8   88  100.8
 12  01 20      2    6   15.6      7   67   82.2        9   73   97.8
 13    -
 14    -
 15    -
 16  05 17      5   51   60.6      5   89   83.4       10  140  144.0
 17    -
 18    -
 19  00 00      5   47   58.2      4   27   40.2        9   74   98.4
 20  00 10      3   50   48.0      2    5   15.0        5   55   63.0
 20  23 45      4   45   51.0      2   20   24.0        6   65   75.0
 22  03 45      3   32   37.2      3   19   29.4        6   51   66.6
 23  00 25      3   55   51.0      2   10   18.0        5   65   69.0
 24  01 00      3   32   37.2      3    7   22.2        6   39   59.4
 25  01 25      3   23   31.8      2   10   18.0        5   33   49.8
 26  00 55      3   16   27.6      3   12   25.2        6   28   52.8
 27  02 55      4   13   31.8      2   34   32.4        6   47   64.2
 28  00 30      3   10   24.0      2   32   31.2        5   42   55.2
 29  00 25      2    6   15.6      2    9   17.4        4   15   33.0
 30  00 10      4   18   34.8      1    8   10.8        5   26   45.6
 30  23 50      4   24   38.4      1   16   15.6        5   40   54.0

 Monthly Mean            41.0               40.8                 81.8

 --------------------------------------------------------------------

 August    1992     (k = 0.60)

 Date Time(UT)      North              South                Total
      h  m      g    f     R       g    f     R         g    f     R
  1  00 50      2   18   22.8      2   13   19.8        4   31   42.6
  2    -
  3    -
  4    -
  5    -
  6  00 45      4   42   49.2      4   78   70.8        8  120  120.0
  7  00 55      3   12   25.2      4   99   83.4        7  111  108.6
  7  23 43      1    6    9.6      6   65   75.0        7   71   84.6
  9  04 50      1    1    6.6      6   65   75.0        7   66   81.6
 10  00 40      1    1    6.6      6   90   90.0        7   91   96.6
 11  01 45      1    1    6.6      7   51   72.6        8   52   79.2
 12    -
 13  05 50      1   16   15.6      3   18   28.8        4   34   44.4
 14  00 00      3   35   39.0      3   53   49.8        6   88   88.8
 15  00 40      3   40   42.0      2   33   31.8        5   73   73.8
 16  01 35      4   53   55.8      2   20   24.0        6   73   79.8
 17  03 45      4  119   95.4      2   11   18.6        6  130  114.0
 18  00 15      4  119   95.4      2    3   13.8        6  122  109.2
 18  23 50      4   89   77.4      1    1    6.6        5   90   84.0
 20  01 10      3  116   87.6      1    2    7.2        4  118   94.8
 21  01 15      2   74   56.4      1    3    7.8        3   77   64.2
 22  00 40      1   46   33.6      1    3    7.8        2   49   41.4
 23  00 06      1   38   28.8      1    2    7.2        2   40   36.0
 24  01 25      2   28   28.8      1    3    7.8        3   31   36.6
 25  00 35      3    4   20.4      2    5   15.0        5    9   35.4
 26  00 50      3   10   24.0      1    4    8.4        4   14   32.4
 27  02 15      2   26   27.6      2    4   14.4        4   30   42.0
 28  00 40      3   44   44.4      0    0    0.0        3   44   44.4
 29  00 40      2   24   26.4      1    4    8.4        3   28   34.8
 30  01 35      2   22   25.2      2   11   18.6        4   33   43.8
 31  01 20      2   21   24.6      1   18   16.8        3   39   41.4

 Monthly Mean            37.5               30.0                 67.5

 --------------------------------------------------------------------

 September 1992     (k = 0.60)

 Date Time(UT)      North              South                Total
      h  m      g    f     R       g    f     R         g    f     R
  1  00 30      1   15   15.0      3   34   38.4        4   49   53.4
  2  00 30      1    1    6.6      5   58   64.8        6   59   71.4
  3  00 15      0    0    0.0      5   59   65.4        5   59   65.4
  4  00 25      1    2    7.2      3   76   63.6        4   78   70.8
  5  02 40      1    3    7.8      2   62   49.2        3   65   57.0
  6  01 00      1   11   12.6      3   63   55.8        4   74   68.4
  7  01 05      2    7   16.2      1   68   46.8        3   75   63.0
  8  00 50      2   13   19.8      2   63   49.8        4   76   69.6
  9  00 35      3   32   37.2      2   35   33.0        5   67   70.2
 10  05 35      2   53   43.8      2    9   17.4        4   62   61.2
 11  01 20      4   67   64.2      3    5   21.0        7   72   85.2
 12  00 05      1   30   24.0      4   10   30.0        5   40   54.0
 13  05 40      3   42   43.2      4   25   39.0        7   67   82.2
 13  23 50      3   75   63.0      3   42   43.2        6  117  106.2
 15    -
 16  01 55      4   63   61.8      4   15   33.0        8   78   94.8
 17  04 35      2   44   38.4      5   13   37.8        7   57   76.2
 18  01 05      1   37   28.2      4   22   37.2        5   59   65.4
 19  04 30      2   14   20.4      4   19   35.4        6   33   55.8
 20  00 00      3   17   28.2      5   44   56.4        8   61   84.6
 21  00 55      4   12   31.2      5   45   57.0        9   57   88.2
 22  00 30      2   15   21.0      4   65   63.0        6   80   84.0
 23  00 40      2   18   22.8      5   58   64.8        7   76   87.6
 24  02 20      2   17   22.2      7   74   86.4        9   91  108.6
 25  01 00      3   14   26.4      8   31   66.6       11   45   93.0
 26    -
 27  00 30      3   11   24.6      7   36   63.6       10   47   88.2
 28  00 10      3   10   24.0      5   43   55.8        8   53   79.8
 29    -
 30  03 15      4   41   48.6      4   26   39.6        8   67   88.2


 Monthly Mean            28.1               48.7                 76.8

 --------------------------------------------------------------------

 October   1992     (k = 0.60)

 Date Time(UT)      North              South                Total
      h  m      g    f     R       g    f     R         g    f     R
  1    -
  2  04 10      5   51   60.6      7   46   69.6       12   97  130.2
  3    -
  4  01 20      6   56   69.6      5   40   54.0       11   96  123.6
  5    -
  6  00 45      6   55   69.0      5   71   72.6       11  126  141.6
  6  23 50      5   44   56.4      4   85   75.0        9  129  131.4
  8    -
  9  00 25      3   32   37.2      5   65   69.0        8   97  106.2
 10  00 20      5   13   37.8      5   47   58.2       10   60   96.0
 11    -
 12    -
 13    -
 13    -
 15    -
 16  00 30      3   24   32.4      2   17   22.2        5   41   54.6
 17    -
 18  04 08      3   24   32.4      3   29   35.4        6   53   67.8
 19    -
 20    -
 21  01 55      2   92   67.2      3   49   47.4        5  141  114.6
 22  00 15      2  120   84.0      4   77   70.2        6  197  154.2
 23  01 40      2   99   71.4      4   72   67.2        6  171  138.6
 24    -
 25  02 43      4   27   40.2      5   67   70.2        9   94  110.4
 26  00 30      4   32   43.2      5  117  100.2        9  149  143.4
 27  00 10      4   22   37.2      7  134  122.4       11  156  159.6
 28  00 20      4    9   29.4      6  105   99.0       10  114  128.4
 29    -
 30  01 10      3   15   27.0      5  133  109.8        8  148  136.8
 30  23 56      2    6   15.6      5   85   81.0        7   91   96.6

 Monthly Mean            47.7               72.0                119.7

 --------------------------------------------------------------------

 November  1992     (k = 0.60)

 Date Time(UT)      North              South                Total
      h  m      g    f     R       g    f     R         g    f     R
  1  00 02      1    7   10.2      6   55   69.0        7   62   79.2
  2  00 45      1   18   16.8      7   74   86.4        8   92  103.2
  3  00 28      1   14   14.4      4   51   54.6        5   65   69.0
  4  01 35      2    5   15.0      7   72   85.2        9   77  100.2
  5  03 20      3    4   20.4      8   87  100.2       11   91  120.6
  6    -
  7    -
  8  00 07      1   11   12.6      4   44   50.4        5   55   63.0
  9    -
 10  04 20      2   30   30.0      2   36   33.6        4   66   63.6
 11  00 25      4   38   46.8      2   44   38.4        6   82   85.2
 12  00 10      4   35   45.0      3   43   43.8        7   78   88.8
 13  00 00      2   30   30.0      4   28   40.8        6   58   70.8
 14  02 22      2   12   19.2      5   18   40.8        7   30   60.0
 15  02 45      2    9   17.4      5   26   45.6        7   35   63.0
 16  00 40      2   19   23.4      4   29   41.4        6   48   64.8
 17  04 30      3   20   30.0      6   59   71.4        9   79  101.4
 18  00 50      1   14   14.4     10   79  107.4       11   93  121.8
 19  00 30      1    9   11.4      8  100  108.0        9  109  119.4
 20    -
 21    -
 22  00 05      0    0    0.0      7   59   77.4        7   59   77.4
 23  03 10      1    3    7.8     11  101  126.6       12  104  134.4
 24  00 10      2   13   19.8      9   79  101.4       11   92  121.2
 25  00 20      2   20   24.0      8   81   96.6       10  101  120.6
 26  00 10      2   24   26.4      9   53   85.8       11   77  112.2
 27  00 10      2   41   36.6      8   51   78.6       10   92  115.2
 28    -
 29  02 25      2   22   25.2      6   32   55.2        8   54   80.4
 30  00 10      2   49   41.4      4   28   40.8        6   77   82.2


 Monthly Mean            22.4               70.0                 92.4

 --------------------------------------------------------------------

 December  1992     (k = 0.60)

 Date Time(UT)      North              South                Total
      h  m      g    f     R       g    f     R         g    f     R
  1    -
  2  00 50      2   50   42.0      3   13   25.8        5   63   67.8
  3    -
  4  01 15      2   22   25.2      6   16   45.6        8   38   70.8
  5  00 25      3   16   27.6      3   11   24.6        6   27   52.2
  6    -
  7    -
  8  03 50      1    2    7.2      5   31   48.6        6   33   55.8
  9  01 10      1    2    7.2      7   70   84.0        8   72   91.2
 10  00 50      1    6    9.6      6  115  105.0        7  121  114.6
 11  00 20      1    4    8.4      6  113  103.8        7  117  112.2
 12  01 20      1    5    9.0      6  121  108.6        7  126  117.6
 13  00 45      1    6    9.6      6  120  108.0        7  126  117.6
 14  00 35      1    3    7.8      7  111  108.6        8  114  116.4
 15  00 40      2    7   16.2      9  113  121.8       11  120  138.0
 16  00 50      1    6    9.6      7   77   88.2        8   83   97.8
 17  00 50      1    3    7.8      9   95  111.0       10   98  118.8
 18  01 10      2    5   15.0      8   65   87.0       10   70  102.0
 19  00 20      1    2    7.2      6   67   76.2        7   69   83.4
 20  00 32      4   16   33.6      6   36   57.6       10   52   91.2
 21  01 30      3   20   30.0      4   45   51.0        7   65   81.0
 22  01 00      3   20   30.0      4   36   45.6        7   56   75.6
 23  02 10      2    8   16.8      5   46   57.6        7   54   74.4
 24  01 20      2    6   15.6      5   38   52.8        7   44   68.4
 25  00 10      3   21   30.6      7   49   71.4       10   70  102.0
 26  00 20      5   36   51.6      5   24   44.4       10   60   96.0
 27  00 45      3   35   39.0      4   17   34.2        7   52   73.2
 28    -
 29  02 15      3   52   49.2      4   23   37.8        7   75   87.0
 30  00 36      3   17   28.2      3    6   21.6        6   23   49.8
 31  00 30      3   14   26.4      2    8   16.8        5   22   43.2

 Monthly Mean            21.5               66.8                 88.4

 --------------------------------------------------------------------

