 January   1981     (k = 0.72)

 Date Time(UT)      North              South                Total
      h  m      g    f     R       g    f     R         g    f     R
  1    -
  2  04 38      9   34   89.3      3   13   31.0       12   47  120.2
  3  00 20      5   38   63.4      4   14   38.9        9   52  102.2
  4  00 20      7   34   74.9      3   11   29.5       10   45  104.4
  5  02 00      4   46   61.9      5   20   50.4        9   66  112.3
  6  01 00      5   26   54.7      3   19   35.3        8   45   90.0
  7  01 00      7   17   62.6      3   25   39.6       10   42  102.2
  8  00 20      7   24   67.7      3   40   50.4       10   64  118.1
  9  00 40      7   38   77.8      3   58   63.4       10   96  141.1
 10  00 20      7   56   90.7      3   66   69.1       10  122  159.8
 11  01 00      8   56   97.9      3   40   50.4       11   96  148.3
 12  00 20      6   40   72.0      7   43   81.4       13   83  153.4
 13  00 30      6   54   82.1      6   43   74.2       12   97  156.2
 14  00 30      8   49   92.9      9   36   90.7       17   85  183.6
 15  01 00      6   33   67.0      4   18   41.8       10   51  108.7
 16  00 30      9   55  104.4      4   30   50.4       13   85  154.8
 17  00 00     10   50  108.0      3   24   38.9       13   74  146.9
 18  01 00      8   47   91.4      3   21   36.7       11   68  128.2
 19  00 00      4   43   59.8      2   18   27.4        6   61   87.1
 20  01 00      4   51   65.5      4   29   49.7        8   80  115.2
 21  00 30      7   48   85.0      6   33   67.0       13   81  151.9
 22  00 30      4   32   51.8      5   32   59.0        9   64  110.9
 23  00 30      8   43   88.6      6   46   76.3       14   89  164.9
 24  00 00      6   20   57.6      5   44   67.7       11   64  125.3
 25    -
 26    -
 27  00 30      5   29   56.9      8   60  100.8       13   89  157.7
 28  00 30      5   28   56.2     10   70  122.4       15   98  178.6
 29  01 00      7   41   79.9     11   97  149.0       18  138  229.0
 30  00 30      6   37   69.8     11   78  135.4       17  115  205.2
 31  00 15      6   44   74.9     10   89  136.1       16  133  211.0

 Monthly Mean            75.2               66.5                141.7

 --------------------------------------------------------------------

 February  1981     (k = 0.72)

 Date Time(UT)      North              South                Total
      h  m      g    f     R       g    f     R         g    f     R
  1    -
  2  00 15      5   44   67.7      8  117  141.8       13  161  209.5
  3  02 45      6   31   65.5     10   79  128.9       16  110  194.4
  4  01 00      7   40   79.2      7   63   95.8       14  103  175.0
  5  00 00      8   40   86.4      9   82  123.8       17  122  210.2
  6  01 00     11   66  126.7      9   78  121.0       20  144  247.7
  7  03 30      7   47   84.2      7   41   79.9       14   88  164.2
  8  01 50      5   50   72.0      5   49   71.3       10   99  143.3
  9  00 30      6   66   90.7      4   27   48.2       10   93  139.0
 10  00 30      6   77   98.6      4   30   50.4       10  107  149.0
 11  00 30      8   94  125.3      5   29   56.9       13  123  182.2
 12  01 00      8   71  108.7      5   18   49.0       13   89  157.7
 13  00 15      6   88  106.6      4   25   46.8       10  113  153.4
 14    -
 15    -
 16  00 30      6   88  106.6      2   17   26.6        8  105  133.2
 17    -
 18  00 15      6  103  117.4      1   13   16.6        7  116  133.9
 19  00 15      7   92  116.6      1   10   14.4        8  102  131.0
 20    -
 21  00 00      8   68  106.6      4   21   43.9       12   89  150.5
 22  00 20      8   67  105.8      3   26   40.3       11   93  146.2
 23    -
 24    -
 25  01 20      3   23   38.2      5   28   56.2        8   51   94.3
 26  00 30      4   24   46.1      5   84   96.5        9  108  142.6
 27  00 15      4   26   47.5      6  102  116.6       10  128  164.2
 28  00 00      4   10   36.0      9  105  140.4       13  115  176.4




 Monthly Mean            87.3               74.5                161.8

 --------------------------------------------------------------------

 March     1981     (k = 0.72)

 Date Time(UT)      North              South                Total
      h  m      g    f     R       g    f     R         g    f     R
  1  00 00      3   15   32.4      7  131  144.7       10  146  177.1
  2  01 45      4   23   45.4      8  118  142.6       12  141  187.9
  3  00 00      5   21   51.1      8  101  130.3       13  122  181.4
  4    -
  5  00 00      6   24   60.5      5  109  114.5       11  133  175.0
  6  00 15      8   32   80.6      7   72  102.2       15  104  182.9
  7  00 15     10   40  100.8      5   61   79.9       15  101  180.7
  8  00 30      9   32   87.8      4   50   64.8       13   82  152.6
  9    -
 10  00 00      8   59  100.1      5   37   62.6       13   96  162.7
 11  00 15      7   62   95.0      4   37   55.4       11   99  150.5
 12  01 00      8   75  111.6      5   35   61.2       13  110  172.8
 12  23 30      8   86  119.5      5   38   63.4       13  124  182.9
 14    -
 15  03 35      5   37   62.6      3   32   44.6        8   69  107.3
 16  00 30      9   57  105.8      4   41   58.3       13   98  164.2
 16  23 30      6   65   90.0      4   26   47.5       10   91  137.5
 18  00 30      9   85  126.0      3   12   30.2       12   97  156.2
 19  00 00      7  104  125.3      2    3   16.6        9  107  141.8
 20  01 30      8   99  128.9      1    2    8.6        9  101  137.5
 21    -
 22  02 45      6   94  110.9      3   22   37.4        9  116  148.3
 23  00 30      7  108  128.2      5   25   54.0       12  133  182.2
 24  00 30      7  122  138.2      3   24   38.9       10  146  177.1
 25    -
 26  02 30      7   77  105.8      6   23   59.8       13  100  165.6
 26  23 15      6   61   87.1      7   31   72.7       13   92  159.8
 28  04 10      6   63   88.6      6   38   70.6       12  101  159.1
 29  01 15      9   80  122.4      7   45   82.8       16  125  205.2
 30    -
 31    -

 Monthly Mean            96.0               68.5                164.5

 --------------------------------------------------------------------

 April     1981     (k = 0.72)

 Date Time(UT)      North              South                Total
      h  m      g    f     R       g    f     R         g    f     R
  1    -
  2    -
  3  00 30     10   68  121.0      6   30   64.8       16   98  185.8
  4    -
  5    -
  6    -
  7  00 30     12  116  169.9      2   14   24.5       14  130  194.4
  8  00 15     12  134  182.9      4   22   44.6       16  156  227.5
  9  01 00     11  218  236.2      3   10   28.8       14  228  265.0
 10  05 00      8  160  172.8      3    6   25.9       11  166  198.7
 11  00 15      9  168  185.8      4    8   34.6       13  176  220.3
 12  00 10     10  144  175.7      4    8   34.6       14  152  210.2
 13    -
 14  00 30      9  122  152.6      3   27   41.0       12  149  193.7
 15  00 30     11  136  177.1      5   40   64.8       16  176  241.9
 16    -
 17  00 00     10  144  175.7      7   40   79.2       17  184  254.9
 18  00 15     11  144  182.9      5   47   69.8       16  191  252.7
 19    -
 20  00 30     11  116  162.7      4   53   67.0       15  169  229.7
 21  00 30     13  104  168.5      5   40   64.8       18  144  233.3
 22  01 40     10   69  121.7      4   36   54.7       14  105  176.4
 23  00 45      9   61  108.7      4   19   42.5       13   80  151.2
 24  00 00      8   59  100.1      5   20   50.4       13   79  150.5
 25    -
 26  00 10      6   72   95.0      3   11   29.5        9   83  124.6
 27  00 30      9   65  111.6      2    5   18.0       11   70  129.6
 27  23 45      5   66   83.5      2    8   20.2        7   74  103.7
 29  01 20      9   72  116.6      2    5   18.0       11   77  134.6
 30    -


 Monthly Mean           150.0               43.9                193.9

 --------------------------------------------------------------------

 May       1981     (k = 0.72)

 Date Time(UT)      North              South                Total
      h  m      g    f     R       g    f     R         g    f     R
  1  00 30     11   71  130.3      4   13   38.2       15   84  168.5
  1  22 45     11   88  142.6      6   22   59.0       17  110  201.6
  3  00 30     11   67  127.4      4   28   49.0       15   95  176.4
  3  23 00     12  105  162.0      5   24   53.3       17  129  215.3
  5    -
  6    -
  7    -
  8  00 30     14  157  213.8      7   35   75.6       21  192  289.4
  9  00 30     11  104  154.1      7   24   67.7       18  128  221.8
 10    -
 11    -
 12    -
 13  00 30     11  124  168.5      5   15   46.8       16  139  215.3
 14  00 15     11  126  169.9      4   11   36.7       15  137  206.6
 14  23 45     10  130  165.6      4   18   41.8       14  148  207.4
 16  00 30      8  123  146.2      5   18   49.0       13  141  195.1
 17    -
 18  01 00      6  110  122.4      4   27   48.2       10  137  170.6
 19    -
 20    -
 21  00 15      4   32   51.8      5   28   56.2        9   60  108.0
 22  00 20      8   33   81.4      7   34   74.9       15   67  156.2
 23  00 30      9   42   95.0      5   24   53.3       14   66  148.3
 24    -
 25  00 15      6   53   81.4      6   16   54.7       12   69  136.1
 25  23 15      8   76  112.3      5   24   53.3       13  100  165.6
 27  00 00      8   87  120.2      2   10   21.6       10   97  141.8
 28    -
 29  00 15      5   57   77.0      3   18   34.6        8   75  111.6
 29  23 15      4   60   72.0      2   31   36.7        6   91  108.7
 31  05 25      6   44   74.9      1   16   18.7        7   60   93.6

 Monthly Mean           123.4               48.5                171.9

 --------------------------------------------------------------------

 June      1981     (k = 0.72)

 Date Time(UT)      North              South                Total
      h  m      g    f     R       g    f     R         g    f     R
  1  04 20      6   27   62.6      1   13   16.6        7   40   79.2
  2  00 15      8   39   85.7      1   11   15.1        9   50  100.8
  2  23 00      4   23   45.4      1    4   10.1        5   27   55.4
  4  00 15      1   13   16.6      3   12   30.2        4   25   46.8
  5  00 15      4   14   38.9      3   20   36.0        7   34   74.9
  6  00 15      8   14   67.7      1    9   13.7        9   23   81.4
  7    -
  8  00 30      4   25   46.8      2   22   30.2        6   47   77.0
  8  23 20      3   22   37.4      4   16   40.3        7   38   77.8
 10  01 00      2   16   25.9      3   16   33.1        5   32   59.0
 11    -
 12    -
 13    -
 14    -
 15    -
 15  23 40      4   48   63.4      4   66   76.3        8  114  139.7
 17  00 40      5   49   71.3      5   72   87.8       10  121  159.1
 18  07 00      3   44   53.3      5   63   81.4        8  107  134.6
 19    -
 20    -
 21    -
 22    -
 23  04 45      6   44   74.9      7   29   71.3       13   73  146.2
 24    -
 25  01 30      4   69   78.5      6   23   59.8       10   92  138.2
 26    -
 27    -
 28    -
 29  01 40      5   64   82.1      6   73   95.8       11  137  177.8
 30  01 00      4   40   57.6      7   92  116.6       11  132  174.2


 Monthly Mean            56.7               50.9                107.6

 --------------------------------------------------------------------

 July      1981     (k = 0.72)

 Date Time(UT)      North              South                Total
      h  m      g    f     R       g    f     R         g    f     R
  1    -
  2    -
  2    -
  4    -
  5  05 10      5   26   54.7      7   56   90.7       12   82  145.4
  6  06 30      4   12   37.4      8   35   82.8       12   47  120.2
  7  01 15      5   15   46.8      5   17   48.2       10   32   95.0
  8  00 20      2    6   18.7      7   22   66.2        9   28   85.0
  9  00 40      3    6   25.9      5   22   51.8        8   28   77.8
  9  22 45      2    6   18.7      6   39   71.3        8   45   90.0
 10  23 40      3   28   41.8      6   68   92.2        9   96  133.9
 11  23 00      7   46   83.5      4  107  105.8       11  153  189.4
 13  00 20      7   57   91.4      5   81   94.3       12  138  185.8
 14  01 50      7   69  100.1      5   73   88.6       12  142  188.6
 15  00 45      5   50   72.0      7   85  111.6       12  135  183.6
 15  23 00      8   54   96.5      6   98  113.8       14  152  210.2
 17  00 45      9   50  100.8      5  112  116.6       14  162  217.4
 18  01 33      8   39   85.7      6   99  114.5       14  138  200.2
 19  03 45      6   47   77.0      6   75   97.2       12  122  174.2
 20  00 40      9   60  108.0      8   64  103.7       17  124  211.7
 21  01 40      6   54   82.1      7   31   72.7       13   85  154.8
 22  00 40     10   74  125.3      7   44   82.1       17  118  207.4
 23  00 20      8   57   98.6      7   80  108.0       15  137  206.6
 24    -
 25  00 00      6   43   74.2      9  131  159.1       15  174  233.3
 25  23 20      7   38   77.8      7  188  185.8       14  226  263.5
 27  02 20      7   34   74.9      9  167  185.0       16  201  259.9
 28  01 20      8   48   92.2      8  148  164.2       16  196  256.3
 29  01 35      5   37   62.6      9  145  169.2       14  182  231.8
 30  02 00      5   45   68.4      8  102  131.0       13  147  199.4
 30  23 15      6   69   92.9      6  123  131.8       12  192  224.6

 Monthly Mean            73.4              109.2                182.5

 --------------------------------------------------------------------

 August    1981     (k = 0.72)

 Date Time(UT)      North              South                Total
      h  m      g    f     R       g    f     R         g    f     R
  1  00 00      4   70   79.2      6   70   93.6       10  140  172.8
  1  23 00      4   60   72.0      4   43   59.8        8  103  131.8
  3  02 07      5   76   90.7      4   26   47.5        9  102  138.2
  4  00 10      4   75   82.8      7   35   75.6       11  110  158.4
  5  00 30      3   64   67.7      4   42   59.0        7  106  126.7
  6  02 00      3   43   52.6      3   53   59.8        6   96  112.3
  7  00 30      5   24   53.3      4   65   75.6        9   89  128.9
  8  00 20      4   24   46.1      4   88   92.2        8  112  138.2
  9  01 00      3   26   40.3      3   96   90.7        6  122  131.0
 10  00 20      3   29   42.5      6  109  121.7        9  138  164.2
 11  00 00      6   29   64.1      6  113  124.6       12  142  188.6
 12  00 15      5   20   50.4      9   89  128.9       14  109  179.3
 13  02 10      4   17   41.0      7   85  111.6       11  102  152.6
 14    -
 14  23 40      5   14   46.1      9  100  136.8       14  114  182.9
 16  00 00      4   15   39.6      9   97  134.6       13  112  174.2
 17  00 20      5   11   43.9     10   85  133.2       15   96  177.1
 18  00 40      4    6   33.1     12  131  180.7       16  137  213.8
 19  00 10      4   25   46.8      9  148  171.4       13  173  218.2
 20  01 30      3   21   36.7     12  158  200.2       15  179  236.9
 21  04 00      5   28   56.2     11  108  157.0       16  136  213.1
 22    -
 23  03 35      6   70   93.6     13  126  184.3       19  196  277.9
 23  23 30      5   64   82.1     11   95  147.6       16  159  229.7
 25  00 10      5   74   89.3     10   91  137.5       15  165  226.8
 26  00 30      6  131  137.5     10   97  141.8       16  228  279.4
 27  00 00      6  107  120.2     10   82  131.0       16  189  251.3
 28    -
 29  03 35      7  115  133.2      7   56   90.7       14  171  223.9
 29  23 45     10  174  197.3     11   91  144.7       21  265  342.0
 30  22 30     10  113  153.4     12   77  141.8       22  190  295.2

 Monthly Mean            74.7              120.5                195.2

 --------------------------------------------------------------------

 September 1981     (k = 0.72)

 Date Time(UT)      North              South                Total
      h  m      g    f     R       g    f     R         g    f     R
  1  00 20      9   78  121.0      8   80  115.2       17  158  236.2
  2  00 00      6   58   85.0      8   70  108.0       14  128  193.0
  2  22 15      8   50   93.6     10   85  133.2       18  135  226.8
  4  02 15      6   22   59.0      7   73  103.0       13   95  162.0
  5    -
  6  00 23      9   73  117.4      8  101  130.3       17  174  247.7
  7  00 15      9   89  128.9      8   68  106.6       17  157  235.4
  8  00 20      9   91  130.3     11   63  124.6       20  154  254.9
  9  00 45      7   97  120.2      6   38   70.6       13  135  190.8
 10  02 30      8  106  133.9      4   23   45.4       12  129  179.3
 11    -
 12    -
 13    -
 14  00 40      7   81  108.7      6   18   56.2       13   99  164.9
 14  23 25      4   67   77.0      7   19   64.1       11   86  141.1
 16  00 50      4   70   79.2     11   67  127.4       15  137  206.6
 17  00 30      7   54   89.3     10   34   96.5       17   88  185.8
 18  00 10      5   73   88.6      8   41   87.1       13  114  175.7
 19    -
 20    -
 21  02 45      8   75  111.6     10   41  101.5       18  116  213.1
 21  23 30      9   78  121.0      9   48   99.4       18  126  220.3
 22  23 50     10   77  127.4      6   40   72.0       16  117  199.4
 24  00 00      9   41   94.3      8   26   76.3       17   67  170.6
 25    -
 26    -
 27  00 30      9   60  108.0      8   49   92.9       17  109  200.9
 28  00 40      7   65   97.2      9   61  108.7       16  126  205.9
 29  03 20      8   62  102.2      9   54  103.7       17  116  205.9
 30  01 10      8   58   99.4      9   52  102.2       17  110  201.6


 Monthly Mean           104.2               96.6                200.8

 --------------------------------------------------------------------

 October   1981     (k = 0.72)

 Date Time(UT)      North              South                Total
      h  m      g    f     R       g    f     R         g    f     R
  1    -
  2  00 15      6   66   90.7     10   49  107.3       16  115  198.0
  3  00 25      6   89  107.3     10   71  123.1       16  160  230.4
  4  02 42      7   98  121.0      9  104  139.7       16  202  260.6
  5  02 50      5   50   72.0      7   71  101.5       12  121  173.5
  6  05 20      4   43   59.8      8   80  115.2       12  123  175.0
  7    -
  8    -
  9  04 30      8   22   73.4      6   50   79.2       14   72  152.6
 10  01 00      4   19   42.5      6   78   99.4       10   97  141.8
 11  01 05      4   13   38.2      5   75   90.0        9   88  128.2
 12  00 00      4   13   38.2      4   60   72.0        8   73  110.2
 12  23 40      3   13   31.0      7   89  114.5       10  102  145.4
 14  03 30      4   19   42.5      8  122  145.4       12  141  187.9
 15    -
 15  23 30      4   14   38.9      8  136  155.5       12  150  194.4
 17  00 20      5   18   49.0      8  213  211.0       13  231  259.9
 18  00 30      4   12   37.4      6  212  195.8       10  224  233.3
 19  00 40      6   14   53.3      6  153  153.4       12  167  206.6
 20  01 00      6   17   55.4      6  142  145.4       12  159  200.9
 21    -
 22    -
 23  00 45      3   13   31.0      6   48   77.8        9   61  108.7
 24  00 10      4   16   40.3      6   39   71.3       10   55  111.6
 25  00 30      4   20   43.2      5   43   67.0        9   63  110.2
 26  00 10      6   22   59.0      6   33   67.0       12   55  126.0
 27  00 15      6   26   61.9      4   22   44.6       10   48  106.6
 28  00 15      5   27   55.4      4   20   43.2        9   47   98.6
 29    -
 30  02 10      6   61   87.1      7   20   64.8       13   81  151.9
 30  23 45      8   52   95.0      5   36   61.9       13   88  157.0

 Monthly Mean            59.3              106.1                165.4

 --------------------------------------------------------------------

 November  1981     (k = 0.72)

 Date Time(UT)      North              South                Total
      h  m      g    f     R       g    f     R         g    f     R
  1  00 40     10   54  110.9      3   47   55.4       13  101  166.3
  2    -
  3    -
  4  00 45     10   42  102.2      7   94  118.1       17  136  220.3
  5    -
  6    -
  7    -
  8  00 45     10   24   89.3      7   88  113.8       17  112  203.0
  9    -
 10  00 20      6   40   72.0      9   50  100.8       15   90  172.8
 11  00 30      6   57   84.2      9   57  105.8       15  114  190.1
 12  00 00      8   84  118.1      9   61  108.7       17  145  226.8
 13  00 10      5   69   85.7      8   53   95.8       13  122  181.4
 13  23 45      6   71   94.3      7   55   90.0       13  126  184.3
 15  00 10      6   78   99.4      6   55   82.8       12  133  182.2
 16  00 10      5   35   61.2      5   31   58.3       10   66  119.5
 17  01 30      5   34   60.5      6   58   85.0       11   92  145.4
 18  00 20      7   22   66.2      7   44   82.1       14   66  148.3
 19  00 35      3   10   28.8      6   50   79.2        9   60  108.0
 20  00 10      2   15   25.2      6   37   69.8        8   52   95.0
 21  01 45      2   18   27.4      5   30   57.6        7   48   85.0
 22    -
 23    -
 24  00 40      5   10   43.2      3    6   25.9        8   16   69.1
 25    -
 26    -
 27    -
 28  00 35      3   37   48.2      4   72   80.6        7  109  128.9
 29  02 25      4   77   84.2      4  102  102.2        8  179  186.5
 30  03 00      6   62   87.8      7   76  105.1       13  138  193.0


 Monthly Mean            73.1               85.1                158.2

 --------------------------------------------------------------------

 December  1981     (k = 0.72)

 Date Time(UT)      North              South                Total
      h  m      g    f     R       g    f     R         g    f     R
  1    -
  2  00 00      6   56   83.5      8   58   99.4       14  114  182.9
  3  00 10      8   68  106.6     10   70  122.4       18  138  229.0
  4  00 15     10   69  121.7      9   40   93.6       19  109  215.3
  5  00 20     10   60  115.2     10   27   91.4       20   87  206.6
  6  00 00     12   89  150.5     10   37   98.6       22  126  249.1
  7  01 40     10   97  141.8     10   37   98.6       20  134  240.5
  8  00 10      9  115  147.6      8   39   85.7       17  154  233.3
  9  00 50      9   99  136.1      8   51   94.3       17  150  230.4
 10  00 30     10   99  143.3      9   58  106.6       19  157  249.8
 11  00 35     10   95  140.4      9   79  121.7       19  174  262.1
 12  00 15     11   78  135.4      7   73  103.0       18  151  238.3
 13  00 50      8   69  107.3      8  109  136.1       16  178  243.4
 14  00 10      7   37   77.0      7   42   80.6       14   79  157.7
 15  00 45      8   15   68.4      5   39   64.1       13   54  132.5
 16  00 00      6   14   53.3      7   37   77.0       13   51  130.3
 17  00 45      3   15   32.4      7   23   67.0       10   38   99.4
 18  00 40      5   11   43.9      4   20   43.2        9   31   87.1
 18  23 50      4    7   33.8      5   16   47.5        9   23   81.4
 20  01 00      3    6   25.9      3   16   33.1        6   22   59.0
 21  00 20      3    6   25.9      3    8   27.4        6   14   53.3
 22  00 45      4    7   33.8      6   19   56.9       10   26   90.7
 23  00 50      3   15   32.4      4   15   39.6        7   30   72.0
 24  00 50      3   20   36.0      5   12   44.6        8   32   80.6
 25    -
 26  02 00      2   33   38.2      7   24   67.7        9   57  105.8
 27  00 30      2   26   33.1      9   44   96.5       11   70  129.6
 28  00 50      5   25   54.0      7   35   75.6       12   60  129.6
 29  00 40      5   29   56.9      8   32   80.6       13   61  137.5
 30    -
 31    -

 Monthly Mean            80.5               79.7                160.3

 --------------------------------------------------------------------

