 January   1934     (k = 0.65)

 Date Time(UT)      North              South                Total
      h  m      g    f     R       g    f     R         g    f     R
  1                                                     0    0    0.0
  2                                                     0    0    0.0
  3                                                     0    0    0.0
  4                                                     0    0    0.0
  5                                                     0    0    0.0
  6                                                     0    0    0.0
  7                                                     0    0    0.0
  8                                                       -
  9                                                     0    0    0.0
 10                                                       -
 11                                                     0    0    0.0
 12                                                     1    2    7.8
 13                                                     1    4    9.1
 14                                                     1    6   10.4
 15                                                     1    7   11.0
 16                                                       -
 17                                                     1    6   10.4
 18                                                     1    5    9.8
 19                                                       -
 20                                                     0    0    0.0
 21                                                     0    0    0.0
 22                                                     0    0    0.0
 23                                                     0    0    0.0
 24                                                     0    0    0.0
 25                                                     0    0    0.0
 26                                                     0    0    0.0
 27                                                     0    0    0.0
 28                                                     0    0    0.0
 29                                                     1    2    7.8
 30                                                       -
 31                                                     1    6   10.4

 Monthly Mean                                                     3.0

 --------------------------------------------------------------------

 February  1934     (k = 0.65)

 Date Time(UT)      North              South                Total
      h  m      g    f     R       g    f     R         g    f     R
  1                                                     1    6   10.4
  2                                                       -
  3                                                     1    4    9.1
  4                                                     1    2    7.8
  5                                                     0    0    0.0
  6                                                     1    2    7.8
  7                                                     2    6   16.9
  8                                                     1    5    9.8
  9                                                     2    4   15.6
 10                                                     1    2    7.8
 11                                                     1    3    8.4
 12                                                     1    3    8.4
 13                                                     1    4    9.1
 14                                                     1    5    9.8
 15                                                     1    4    9.1
 16                                                     1    4    9.1
 17                                                     1    6   10.4
 18                                                     1    3    8.4
 19                                                     1    3    8.4
 20                                                     1    1    7.1
 21                                                     0    0    0.0
 22                                                     0    0    0.0
 23                                                     0    0    0.0
 24                                                     1    5    9.8
 25                                                     1    2    7.8
 26                                                       -
 27                                                     0    0    0.0
 28                                                     0    0    0.0




 Monthly Mean                                                     7.4

 --------------------------------------------------------------------

 March     1934     (k = 0.65)

 Date Time(UT)      North              South                Total
      h  m      g    f     R       g    f     R         g    f     R
  1                                                     0    0    0.0
  2                                                       -
  3                                                       -
  4                                                     0    0    0.0
  5                                                     0    0    0.0
  6                                                     0    0    0.0
  7                                                     1    2    7.8
  8                                                     1    4    9.1
  9                                                     1    6   10.4
 10                                                     1    6   10.4
 11                                                     1    4    9.1
 12                                                       -
 13                                                       -
 14                                                       -
 15                                                     1    2    7.8
 16                                                     0    0    0.0
 17                                                     0    0    0.0
 18                                                     0    0    0.0
 19                                                     0    0    0.0
 20                                                     0    0    0.0
 21                                                       -
 22                                                     0    0    0.0
 23                                                     0    0    0.0
 24                                                       -
 25                                                       -
 26                                                       -
 27                                                       -
 28                                                       -
 29                                                       -
 30                                                     1    2    7.8
 31                                                       -

 Monthly Mean                                                     3.5

 --------------------------------------------------------------------

 April     1934     (k = 0.65)

 Date Time(UT)      North              South                Total
      h  m      g    f     R       g    f     R         g    f     R
  1                                                       -
  2                                                     1    6   10.4
  3                                                       -
  4                                                     1    6   10.4
  5                                                       -
  6                                                       -
  7                                                     1    2    7.8
  8                                                     0    0    0.0
  9                                                     0    0    0.0
 10                                                       -
 11                                                       -
 12                                                       -
 13                                                       -
 14                                                     0    0    0.0
 15                                                       -
 16                                                       -
 17                                                     2   21   26.6
 18                                                     2   30   32.5
 19                                                     2   25   29.2
 20                                                     1   15   16.2
 21                                                       -
 22                                                     1   12   14.3
 23                                                     1    9   12.3
 24                                                       -
 25                                                     1    5    9.8
 26                                                     1    5    9.8
 27                                                       -
 28                                                       -
 29                                                       -
 30                                                       -


 Monthly Mean                                                    12.8

 --------------------------------------------------------------------

 May       1934     (k = 0.65)

 Date Time(UT)      North              South                Total
      h  m      g    f     R       g    f     R         g    f     R
  1                                                     1    2    7.8
  2                                                     0    0    0.0
  3                                                     0    0    0.0
  4                                                     1    3    8.4
  5                                                     1   18   18.2
  6                                                     1   25   22.8
  7                                                     1   25   22.8
  8                                                     1   23   21.4
  9                                                     2   21   26.6
 10                                                       -
 11                                                       -
 12                                                       -
 13                                                       -
 14                                                     1   19   18.8
 15                                                     1   23   21.4
 16                                                     1   31   26.6
 17                                                     2   36   36.4
 18                                                     2   40   39.0
 19                                                     2   44   41.6
 20                                                     2   42   40.3
 21                                                       -
 22                                                       -
 23                                                     3   21   33.1
 24                                                       -
 25                                                     2   15   22.8
 26                                                     2   11   20.1
 27                                                     2   12   20.8
 28                                                       -
 29                                                     1    4    9.1
 30                                                     0    0    0.0
 31                                                       -

 Monthly Mean                                                    20.8

 --------------------------------------------------------------------

 June      1934     (k = 0.65)

 Date Time(UT)      North              South                Total
      h  m      g    f     R       g    f     R         g    f     R
  1                                                     0    0    0.0
  2                                                       -
  3                                                       -
  4                                                       -
  5                                                       -
  6                                                     0    0    0.0
  7                                                       -
  8                                                     0    0    0.0
  9                                                     0    0    0.0
 10                                                     0    0    0.0
 11                                                       -
 12                                                     0    0    0.0
 13                                                       -
 14                                                       -
 15                                                       -
 16                                                       -
 17                                                     2   19   25.3
 18                                                     2   21   26.6
 19                                                       -
 20                                                       -
 21                                                     1   12   14.3
 22                                                     1    6   10.4
 23                                                     1    5    9.8
 24                                                       -
 25                                                       -
 26                                                     1    3    8.4
 27                                                     0    0    0.0
 28                                                     0    0    0.0
 29                                                     0    0    0.0
 30                                                     0    0    0.0


 Monthly Mean                                                     5.9

 --------------------------------------------------------------------

 July      1934     (k = 0.65)

 Date Time(UT)      North              South                Total
      h  m      g    f     R       g    f     R         g    f     R
  1                                                     0    0    0.0
  2                                                       -
  3                                                     0    0    0.0
  4                                                     0    0    0.0
  5                                                     0    0    0.0
  6                                                     0    0    0.0
  7                                                     1    4    9.1
  8                                                       -
  9                                                       -
 10                                                       -
 11                                                       -
 12                                                       -
 13                                                       -
 14                                                       -
 15                                                       -
 16                                                       -
 17                                                       -
 18                                                       -
 19                                                     2    7   17.5
 20                                                       -
 21                                                       -
 22                                                       -
 23                                                       -
 24                                                       -
 25                                                       -
 26                                                       -
 27                                                       -
 28                                                     0    0    0.0
 29                                                     0    0    0.0
 30                                                       -
 31                                                       -

 Monthly Mean                                                     3.0

 --------------------------------------------------------------------

 August    1934     (k = 0.65)

 Date Time(UT)      North              South                Total
      h  m      g    f     R       g    f     R         g    f     R
  1                                                       -
  2                                                     0    0    0.0
  3                                                     0    0    0.0
  4                                                     0    0    0.0
  5                                                     0    0    0.0
  6                                                     0    0    0.0
  7                                                       -
  8                                                       -
  9                                                       -
 10                                                       -
 11                                                       -
 12                                                     1    7   11.0
 13                                                     2   18   24.7
 14                                                     2   19   25.3
 15                                                     2   20   26.0
 16                                                       -
 17                                                     2   16   23.4
 18                                                     2    7   17.5
 19                                                     1    2    7.8
 20                                                     0    0    0.0
 21                                                     0    0    0.0
 22                                                     0    0    0.0
 23                                                       -
 24                                                       -
 25                                                       -
 26                                                       -
 27                                                     0    0    0.0
 28                                                     0    0    0.0
 29                                                     0    0    0.0
 30                                                     0    0    0.0
 31                                                       -

 Monthly Mean                                                     7.2

 --------------------------------------------------------------------

 September 1934     (k = 0.65)

 Date Time(UT)      North              South                Total
      h  m      g    f     R       g    f     R         g    f     R
  1                                                       -
  2                                                       -
  3                                                       -
  4                                                       -
  5                                                       -
  6                                                       -
  7                                                     0    0    0.0
  8                                                       -
  9                                                       -
 10                                                       -
 11                                                     0    0    0.0
 12                                                     1    3    8.4
 13                                                       -
 14                                                       -
 15                                                       -
 16                                                     2   12   20.8
 17                                                       -
 18                                                       -
 19                                                       -
 20                                                       -
 21                                                       -
 22                                                       -
 23                                                     0    0    0.0
 24                                                     0    0    0.0
 25                                                       -
 26                                                       -
 27                                                       -
 28                                                     2    8   18.2
 29                                                       -
 30                                                       -


 Monthly Mean                                                     6.8

 --------------------------------------------------------------------

 October   1934     (k = 0.65)

 Date Time(UT)      North              South                Total
      h  m      g    f     R       g    f     R         g    f     R
  1                                                       -
  2                                                       -
  3                                                       -
  4                                                       -
  5                                                       -
  6                                                       -
  7                                                       -
  8                                                       -
  9                                                     0    0    0.0
 10                                                     0    0    0.0
 11                                                       -
 12                                                       -
 13                                                     1    3    8.4
 14                                                     1    4    9.1
 15                                                     1    5    9.8
 16                                                       -
 17                                                       -
 18                                                     1    3    8.4
 19                                                     1    2    7.8
 20                                                       -
 21                                                     0    0    0.0
 22                                                     0    0    0.0
 23                                                       -
 24                                                       -
 25                                                       -
 26                                                       -
 27                                                       -
 28                                                     1    2    7.8
 29                                                     1    4    9.1
 30                                                     1    3    8.4
 31                                                     2    6   16.9

 Monthly Mean                                                     6.6

 --------------------------------------------------------------------

 November  1934     (k = 0.65)

 Date Time(UT)      North              South                Total
      h  m      g    f     R       g    f     R         g    f     R
  1                                                       -
  2                                                       -
  3                                                     1   12   14.3
  4                                                     1   11   13.6
  5                                                     1   10   13.0
  6                                                       -
  7                                                       -
  8                                                     1    6   10.4
  9                                                     1    4    9.1
 10                                                     1    3    8.4
 11                                                     1    2    7.8
 12                                                     1    2    7.8
 13                                                       -
 14                                                     0    0    0.0
 15                                                     0    0    0.0
 16                                                     0    0    0.0
 17                                                     0    0    0.0
 18                                                     0    0    0.0
 19                                                     0    0    0.0
 20                                                     0    0    0.0
 21                                                     0    0    0.0
 22                                                     0    0    0.0
 23                                                     0    0    0.0
 24                                                       -
 25                                                       -
 26                                                       -
 27                                                       -
 28                                                     1    3    8.4
 29                                                     3   26   36.4
 30                                                     3   25   35.8


 Monthly Mean                                                     7.9

 --------------------------------------------------------------------

 December  1934     (k = 0.65)

 Date Time(UT)      North              South                Total
      h  m      g    f     R       g    f     R         g    f     R
  1                                                     3   20   32.5
  2                                                     2   17   24.0
  3                                                       -
  4                                                       -
  5                                                       -
  6                                                     1    4    9.1
  7                                                     1   11   13.6
  8                                                       -
  9                                                     2    8   18.2
 10                                                     0    0    0.0
 11                                                     0    0    0.0
 12                                                     0    0    0.0
 13                                                     0    0    0.0
 14                                                     0    0    0.0
 15                                                       -
 16                                                     0    0    0.0
 17                                                     0    0    0.0
 18                                                     0    0    0.0
 19                                                       -
 20                                                     1    6   10.4
 21                                                     2   18   24.7
 22                                                       -
 23                                                       -
 24                                                       -
 25                                                       -
 26                                                       -
 27                                                     3   27   37.0
 28                                                     3   23   34.4
 29                                                       -
 30                                                     3   25   35.8
 31                                                       -

 Monthly Mean                                                    13.3

 --------------------------------------------------------------------

