 January   1932     (k = 0.65)

 Date Time(UT)      North              South                Total
      h  m      g    f     R       g    f     R         g    f     R
  1                                                       -
  2                                                     3   18   31.2
  3                                                     3   11   26.6
  4                                                     3   12   27.3
  5                                                     1    4    9.1
  6                                                     1    3    8.4
  7                                                     0    0    0.0
  8                                                     0    0    0.0
  9                                                     0    0    0.0
 10                                                     0    0    0.0
 11                                                     0    0    0.0
 12                                                     0    0    0.0
 13                                                     0    0    0.0
 14                                                     0    0    0.0
 15                                                     1    3    8.4
 16                                                     1   14   15.6
 17                                                     1   12   14.3
 18                                                     2   11   20.1
 19                                                     1    4    9.1
 20                                                     1    3    8.4
 21                                                     1    4    9.1
 22                                                     2    8   18.2
 23                                                       -
 24                                                     3   12   27.3
 25                                                     3   10   26.0
 26                                                     4   21   39.6
 27                                                     4   20   39.0
 28                                                     3   15   29.2
 29                                                     3   13   27.9
 30                                                     3   10   26.0
 31                                                     2   10   19.5

 Monthly Mean                                                    15.2

 --------------------------------------------------------------------

 February  1932     (k = 0.65)

 Date Time(UT)      North              South                Total
      h  m      g    f     R       g    f     R         g    f     R
  1                                                     2    9   18.8
  2                                                     2    8   18.2
  3                                                     1    4    9.1
  4                                                       -
  5                                                     1    3    8.4
  6                                                     1    2    7.8
  7                                                     1    2    7.8
  8                                                     1    2    7.8
  9                                                       -
 10                                                       -
 11                                                       -
 12                                                     1    4    9.1
 13                                                     0    0    0.0
 14                                                       -
 15                                                       -
 16                                                     0    0    0.0
 17                                                     0    0    0.0
 18                                                     0    0    0.0
 19                                                     0    0    0.0
 20                                                     0    0    0.0
 21                                                     0    0    0.0
 22                                                     0    0    0.0
 23                                                     1    6   10.4
 24                                                     2   14   22.1
 25                                                       -
 26                                                     1   27   24.0
 27                                                     2   30   32.5
 28                                                     2   28   31.2
 29                                                     2   29   31.8



 Monthly Mean                                                    10.9

 --------------------------------------------------------------------

 March     1932     (k = 0.65)

 Date Time(UT)      North              South                Total
      h  m      g    f     R       g    f     R         g    f     R
  1                                                     2   24   28.6
  2                                                       -
  3                                                       -
  4                                                       -
  5                                                     1   11   13.6
  6                                                     1   10   13.0
  7                                                       -
  8                                                     1    6   10.4
  9                                                     1    5    9.8
 10                                                       -
 11                                                     0    0    0.0
 12                                                       -
 13                                                     0    0    0.0
 14                                                       -
 15                                                       -
 16                                                     1    2    7.8
 17                                                     1    2    7.8
 18                                                     1    5    9.8
 19                                                     1   10   13.0
 20                                                     1    4    9.1
 21                                                     1    2    7.8
 22                                                     1    3    8.4
 23                                                       -
 24                                                       -
 25                                                       -
 26                                                     1    3    8.4
 27                                                     1    4    9.1
 28                                                       -
 29                                                     1    4    9.1
 30                                                     1    4    9.1
 31                                                     1    3    8.4

 Monthly Mean                                                     9.6

 --------------------------------------------------------------------

 April     1932     (k = 0.65)

 Date Time(UT)      North              South                Total
      h  m      g    f     R       g    f     R         g    f     R
  1                                                     1    2    7.8
  2                                                     1    2    7.8
  3                                                     2    5   16.2
  4                                                       -
  5                                                     1    8   11.7
  6                                                     1    2    7.8
  7                                                     0    0    0.0
  8                                                       -
  9                                                     0    0    0.0
 10                                                     0    0    0.0
 11                                                     0    0    0.0
 12                                                       -
 13                                                     0    0    0.0
 14                                                     0    0    0.0
 15                                                       -
 16                                                     1    7   11.0
 17                                                     1    3    8.4
 18                                                       -
 19                                                     0    0    0.0
 20                                                     0    0    0.0
 21                                                     2    4   15.6
 22                                                     2   15   22.8
 23                                                       -
 24                                                       -
 25                                                     1   21   20.1
 26                                                     1   17   17.5
 27                                                       -
 28                                                       -
 29                                                     1   20   19.5
 30                                                       -


 Monthly Mean                                                     8.3

 --------------------------------------------------------------------

 May       1932     (k = 0.65)

 Date Time(UT)      North              South                Total
      h  m      g    f     R       g    f     R         g    f     R
  1                                                     1    7   11.0
  2                                                       -
  3                                                     0    0    0.0
  4                                                     0    0    0.0
  5                                                     0    0    0.0
  6                                                     0    0    0.0
  7                                                     0    0    0.0
  8                                                       -
  9                                                       -
 10                                                     1    2    7.8
 11                                                     1    2    7.8
 12                                                       -
 13                                                     3    6   23.4
 14                                                       -
 15                                                     3   11   26.6
 16                                                       -
 17                                                     3   14   28.6
 18                                                     3   16   29.9
 19                                                     3   20   32.5
 20                                                       -
 21                                                       -
 22                                                       -
 23                                                       -
 24                                                     3   13   27.9
 25                                                     2   11   20.1
 26                                                       -
 27                                                     2   10   19.5
 28                                                     2    6   16.9
 29                                                     1    6   10.4
 30                                                     1    8   11.7
 31                                                       -

 Monthly Mean                                                    14.4

 --------------------------------------------------------------------

 June      1932     (k = 0.65)

 Date Time(UT)      North              South                Total
      h  m      g    f     R       g    f     R         g    f     R
  1                                                       -
  2                                                     0    0    0.0
  3                                                       -
  4                                                       -
  5                                                       -
  6                                                       -
  7                                                       -
  8                                                       -
  9                                                     2   20   26.0
 10                                                     2   18   24.7
 11                                                     2   10   19.5
 12                                                       -
 13                                                       -
 14                                                       -
 15                                                     0    0    0.0
 16                                                       -
 17                                                       -
 18                                                       -
 19                                                     1   11   13.6
 20                                                     1   15   16.2
 21                                                       -
 22                                                       -
 23                                                       -
 24                                                       -
 25                                                     2   24   28.6
 26                                                     2   25   29.2
 27                                                       -
 28                                                     2   14   22.1
 29                                                       -
 30                                                     2   12   20.8


 Monthly Mean                                                    18.3

 --------------------------------------------------------------------

 July      1932     (k = 0.65)

 Date Time(UT)      North              South                Total
      h  m      g    f     R       g    f     R         g    f     R
  1                                                       -
  2                                                       -
  3                                                     2   23   27.9
  4                                                     1   17   17.5
  5                                                     1   15   16.2
  6                                                       -
  7                                                       -
  8                                                       -
  9                                                     1    5    9.8
 10                                                       -
 11                                                       -
 12                                                     1    4    9.1
 13                                                     1    3    8.4
 14                                                     1    8   11.7
 15                                                       -
 16                                                       -
 17                                                       -
 18                                                       -
 19                                                     0    0    0.0
 20                                                     0    0    0.0
 21                                                     0    0    0.0
 22                                                     0    0    0.0
 23                                                     0    0    0.0
 24                                                     0    0    0.0
 25                                                     0    0    0.0
 26                                                     0    0    0.0
 27                                                     1    5    9.8
 28                                                     1   14   15.6
 29                                                     1    8   11.7
 30                                                     1    8   11.7
 31                                                     1    5    9.8

 Monthly Mean                                                     8.0

 --------------------------------------------------------------------

 August    1932     (k = 0.65)

 Date Time(UT)      North              South                Total
      h  m      g    f     R       g    f     R         g    f     R
  1                                                     1    9   12.3
  2                                                     1    9   12.3
  3                                                     1   12   14.3
  4                                                     1   15   16.2
  5                                                       -
  6                                                     1    8   11.7
  7                                                     1    8   11.7
  8                                                     1    4    9.1
  9                                                       -
 10                                                     0    0    0.0
 11                                                     1    7   11.0
 12                                                     0    0    0.0
 13                                                     0    0    0.0
 14                                                     0    0    0.0
 15                                                     0    0    0.0
 16                                                     0    0    0.0
 17                                                     0    0    0.0
 18                                                       -
 19                                                     0    0    0.0
 20                                                     0    0    0.0
 21                                                     0    0    0.0
 22                                                       -
 23                                                     0    0    0.0
 24                                                     1    8   11.7
 25                                                     2   30   32.5
 26                                                       -
 27                                                       -
 28                                                       -
 29                                                     2   18   24.7
 30                                                     2    8   18.2
 31                                                     2   11   20.1

 Monthly Mean                                                     8.6

 --------------------------------------------------------------------

 September 1932     (k = 0.65)

 Date Time(UT)      North              South                Total
      h  m      g    f     R       g    f     R         g    f     R
  1                                                     1   15   16.2
  2                                                     2   17   24.0
  3                                                     2   17   24.0
  4                                                     2   14   22.1
  5                                                     2    4   15.6
  6                                                       -
  7                                                       -
  8                                                     0    0    0.0
  9                                                       -
 10                                                     0    0    0.0
 11                                                       -
 12                                                       -
 13                                                     0    0    0.0
 14                                                       -
 15                                                     0    0    0.0
 16                                                       -
 17                                                       -
 18                                                       -
 19                                                     0    0    0.0
 20                                                     0    0    0.0
 21                                                     1    7   11.0
 22                                                       -
 23                                                       -
 24                                                       -
 25                                                       -
 26                                                     0    0    0.0
 27                                                       -
 28                                                       -
 29                                                     0    0    0.0
 30                                                       -


 Monthly Mean                                                     8.1

 --------------------------------------------------------------------

 October   1932     (k = 0.65)

 Date Time(UT)      North              South                Total
      h  m      g    f     R       g    f     R         g    f     R
  1                                                     0    0    0.0
  2                                                     0    0    0.0
  3                                                       -
  4                                                       -
  5                                                     0    0    0.0
  6                                                     0    0    0.0
  7                                                     0    0    0.0
  8                                                     0    0    0.0
  9                                                       -
 10                                                     0    0    0.0
 11                                                     0    0    0.0
 12                                                     1    2    7.8
 13                                                     1    5    9.8
 14                                                       -
 15                                                       -
 16                                                       -
 17                                                     1   11   13.6
 18                                                     2    6   16.9
 19                                                       -
 20                                                     2   17   24.0
 21                                                       -
 22                                                       -
 23                                                       -
 24                                                     1   11   13.6
 25                                                       -
 26                                                     1    7   11.0
 27                                                     1    6   10.4
 28                                                     1    2    7.8
 29                                                       -
 30                                                       -
 31                                                     1    3    8.4

 Monthly Mean                                                     6.9

 --------------------------------------------------------------------

 November  1932     (k = 0.65)

 Date Time(UT)      North              South                Total
      h  m      g    f     R       g    f     R         g    f     R
  1                                                     1    3    8.4
  2                                                       -
  3                                                     1    9   12.3
  4                                                     1    8   11.7
  5                                                     1    3    8.4
  6                                                       -
  7                                                       -
  8                                                     0    0    0.0
  9                                                     0    0    0.0
 10                                                     0    0    0.0
 11                                                       -
 12                                                     0    0    0.0
 13                                                       -
 14                                                       -
 15                                                     2    7   17.5
 16                                                       -
 17                                                     1    5    9.8
 18                                                     1   15   16.2
 19                                                     1   19   18.8
 20                                                     1   25   22.8
 21                                                     1   21   20.1
 22                                                     1   14   15.6
 23                                                     1    2    7.8
 24                                                       -
 25                                                       -
 26                                                     0    0    0.0
 27                                                       -
 28                                                       -
 29                                                     1    2    7.8
 30                                                     1    8   11.7


 Monthly Mean                                                    10.0

 --------------------------------------------------------------------

 December  1932     (k = 0.65)

 Date Time(UT)      North              South                Total
      h  m      g    f     R       g    f     R         g    f     R
  1                                                     2   10   19.5
  2                                                     1    7   11.0
  3                                                     1   10   13.0
  4                                                       -
  5                                                       -
  6                                                       -
  7                                                       -
  8                                                     1    3    8.4
  9                                                     1    5    9.8
 10                                                     1    6   10.4
 11                                                     1    8   11.7
 12                                                     1    9   12.3
 13                                                     2   11   20.1
 14                                                     2   13   21.4
 15                                                     1    7   11.0
 16                                                     1    6   10.4
 17                                                     1    5    9.8
 18                                                     2   11   20.1
 19                                                     2   10   19.5
 20                                                     1    6   10.4
 21                                                     0    0    0.0
 22                                                     0    0    0.0
 23                                                     0    0    0.0
 24                                                     0    0    0.0
 25                                                     0    0    0.0
 26                                                       -
 27                                                       -
 28                                                       -
 29                                                       -
 30                                                       -
 31                                                     1    6   10.4

 Monthly Mean                                                    10.4

 --------------------------------------------------------------------

