 January   1976     (k = 0.72)

 Date Time(UT)      North              South                Total
      h  m      g    f     R       g    f     R         g    f     R
  1  02 20      1    2    8.6      0    0    0.0        1    2    8.6
  2  01 45      0    0    0.0      0    0    0.0        0    0    0.0
  3    -
  4    -
  5  00 00      0    0    0.0      0    0    0.0        0    0    0.0
  6  01 00      0    0    0.0      0    0    0.0        0    0    0.0
  7  00 20      0    0    0.0      0    0    0.0        0    0    0.0
  8  00 30      0    0    0.0      0    0    0.0        0    0    0.0
  9  00 45      0    0    0.0      0    0    0.0        0    0    0.0
 10  00 30      0    0    0.0      0    0    0.0        0    0    0.0
 11  00 45      0    0    0.0      0    0    0.0        0    0    0.0
 12  00 30      0    0    0.0      2    5   18.0        2    5   18.0
 13  00 15      0    0    0.0      2   15   25.2        2   15   25.2
 14  00 45      0    0    0.0      2   24   31.7        2   24   31.7
 15  01 45      0    0    0.0      2   36   40.3        2   36   40.3
 16  00 45      0    0    0.0      1   28   27.4        1   28   27.4
 17  00 45      0    0    0.0      1   23   23.8        1   23   23.8
 18  01 55      0    0    0.0      1   20   21.6        1   20   21.6
 19  01 00      0    0    0.0      1   13   16.6        1   13   16.6
 20  01 45      0    0    0.0      1    8   13.0        1    8   13.0
 21  00 30      0    0    0.0      1    6   11.5        1    6   11.5
 22  00 30      0    0    0.0      1    5   10.8        1    5   10.8
 23  01 15      0    0    0.0      1    4   10.1        1    4   10.1
 24  00 15      0    0    0.0      1    2    8.6        1    2    8.6
 25  01 30      0    0    0.0      0    0    0.0        0    0    0.0
 26  00 15      0    0    0.0      0    0    0.0        0    0    0.0
 27  00 30      0    0    0.0      1    1    7.9        1    1    7.9
 28  00 30      0    0    0.0      0    0    0.0        0    0    0.0
 29  01 30      0    0    0.0      0    0    0.0        0    0    0.0
 30  00 30      0    0    0.0      1    1    7.9        1    1    7.9
 31  01 10      0    0    0.0      1    1    7.9        1    1    7.9

 Monthly Mean             0.3                9.7                 10.0

 --------------------------------------------------------------------

 February  1976     (k = 0.72)

 Date Time(UT)      North              South                Total
      h  m      g    f     R       g    f     R         g    f     R
  1  00 50      0    0    0.0      0    0    0.0        0    0    0.0
  1  23 45      0    0    0.0      0    0    0.0        0    0    0.0
  3  00 15      0    0    0.0      0    0    0.0        0    0    0.0
  4  00 15      0    0    0.0      0    0    0.0        0    0    0.0
  5    -
  6  00 30      0    0    0.0      0    0    0.0        0    0    0.0
  7  00 30      0    0    0.0      0    0    0.0        0    0    0.0
  8  01 15      0    0    0.0      0    0    0.0        0    0    0.0
  9  00 30      0    0    0.0      0    0    0.0        0    0    0.0
 10  00 30      1    3    9.4      0    0    0.0        1    3    9.4
 11  01 45      0    0    0.0      0    0    0.0        0    0    0.0
 12  02 40      0    0    0.0      0    0    0.0        0    0    0.0
 13  00 30      0    0    0.0      1   11   15.1        1   11   15.1
 14  01 10      0    0    0.0      1   17   19.4        1   17   19.4
 15  01 10      0    0    0.0      1   10   14.4        1   10   14.4
 16    -
 16  23 45      0    0    0.0      1    3    9.4        1    3    9.4
 18    -
 19    -
 20    -
 21  00 15      0    0    0.0      1    4   10.1        1    4   10.1
 22    -
 23    -
 24  00 15      0    0    0.0      0    0    0.0        0    0    0.0
 25  00 30      0    0    0.0      0    0    0.0        0    0    0.0
 26  01 50      0    0    0.0      0    0    0.0        0    0    0.0
 27  00 30      0    0    0.0      1    1    7.9        1    1    7.9
 28    -
 29    -



 Monthly Mean             0.5                3.8                  4.3

 --------------------------------------------------------------------

 March     1976     (k = 0.72)

 Date Time(UT)      North              South                Total
      h  m      g    f     R       g    f     R         g    f     R
  1  01 30      0    0    0.0      0    0    0.0        0    0    0.0
  2    -
  3  01 10      0    0    0.0      0    0    0.0        0    0    0.0
  4  00 15      0    0    0.0      0    0    0.0        0    0    0.0
  5  00 45      0    0    0.0      0    0    0.0        0    0    0.0
  6  00 00      0    0    0.0      1    3    9.4        1    3    9.4
  7  02 30      0    0    0.0      1    3    9.4        1    3    9.4
  8  00 00      0    0    0.0      1    3    9.4        1    3    9.4
  9  00 15      0    0    0.0      1    3    9.4        1    3    9.4
 10    -
 11  00 30      0    0    0.0      1   11   15.1        1   11   15.1
 12  06 45      0    0    0.0      1   12   15.8        1   12   15.8
 13  00 00      0    0    0.0      1   10   14.4        1   10   14.4
 14  00 30      0    0    0.0      2   13   23.8        2   13   23.8
 15  01 30      0    0    0.0      2    7   19.4        2    7   19.4
 16  00 00      0    0    0.0      0    0    0.0        0    0    0.0
 17    -
 18  03 20      1   29   28.1      1    8   13.0        2   37   41.0
 19    -
 20  05 45      1   44   38.9      1   10   14.4        2   54   53.3
 21  01 05      1   36   33.1      1    5   10.8        2   41   43.9
 22  00 15      1   41   36.7      1    1    7.9        2   42   44.6
 23  00 30      1   39   35.3      0    0    0.0        1   39   35.3
 24  00 00      1   20   21.6      0    0    0.0        1   20   21.6
 25  00 30      1    8   13.0      1    4   10.1        2   12   23.0
 26    -
 27  07 15      1    5   10.8      2   29   35.3        3   34   46.1
 28  00 00      1    6   11.5      2   31   36.7        3   37   48.2
 29    -
 30    -
 31    -

 Monthly Mean            10.0               11.1                 21.0

 --------------------------------------------------------------------

 April     1976     (k = 0.72)

 Date Time(UT)      North              South                Total
      h  m      g    f     R       g    f     R         g    f     R
  1    -
  2  00 00      0    0    0.0      1   29   28.1        1   29   28.1
  3    -
  4    -
  5  00 15      0    0    0.0      1    8   13.0        1    8   13.0
  6  00 15      0    0    0.0      1   10   14.4        1   10   14.4
  7  00 00      0    0    0.0      0    0    0.0        0    0    0.0
  8  04 15      0    0    0.0      0    0    0.0        0    0    0.0
  9    -
 10  00 00      1    5   10.8      0    0    0.0        1    5   10.8
 11  00 00      1    4   10.1      0    0    0.0        1    4   10.1
 12  05 20      1    4   10.1      0    0    0.0        1    4   10.1
 13  00 10      1    4   10.1      0    0    0.0        1    4   10.1
 14    -
 15  03 30      2   12   23.0      0    0    0.0        2   12   23.0
 16  00 15      2    7   19.4      0    0    0.0        2    7   19.4
 17  00 00      2    5   18.0      0    0    0.0        2    5   18.0
 18  05 00      2    5   18.0      1    4   10.1        3    9   28.1
 19    -
 20  00 20      2    5   18.0      1    7   12.2        3   12   30.2
 21    -
 22    -
 23    -
 24  00 00      1    3    9.4      2    4   17.3        3    7   26.6
 25  04 30      1    2    8.6      1    4   10.1        2    6   18.7
 26  03 30      2    8   20.2      1    5   10.8        3   13   31.0
 26  23 50      1   12   15.8      1    9   13.7        2   21   29.5
 27  23 06      1    6   11.5      1   10   14.4        2   16   25.9
 29  07 00      0    0    0.0      1   14   17.3        1   14   17.3
 30    -


 Monthly Mean            10.2                8.1                 18.2

 --------------------------------------------------------------------

 May       1976     (k = 0.72)

 Date Time(UT)      North              South                Total
      h  m      g    f     R       g    f     R         g    f     R
  1  04 30      0    0    0.0      1   25   25.2        1   25   25.2
  2    -
  3    -
  4    -
  5    -
  6  00 00      2    8   20.2      0    0    0.0        2    8   20.2
  7  00 30      1    4   10.1      0    0    0.0        1    4   10.1
  8  00 10      1    3    9.4      0    0    0.0        1    3    9.4
  8  23 45      1    3    9.4      0    0    0.0        1    3    9.4
 10  00 00      0    0    0.0      1    3    9.4        1    3    9.4
 11  01 00      0    0    0.0      1    5   10.8        1    5   10.8
 12  03 20      1    2    8.6      1    7   12.2        2    9   20.9
 13  02 40      1    1    7.9      1    3    9.4        2    4   17.3
 14  00 00      1    1    7.9      2    5   18.0        3    6   25.9
 15  00 00      0    0    0.0      2    4   17.3        2    4   17.3
 16    -
 17  00 00      1    1    7.9      2    8   20.2        3    9   28.1
 18  00 00      0    0    0.0      3    5   25.2        3    5   25.2
 19  07 45      0    0    0.0      1    1    7.9        1    1    7.9
 19  23 00      0    0    0.0      3    4   24.5        3    4   24.5
 21    -
 22  00 15      0    0    0.0      1    1    7.9        1    1    7.9
 23    -
 24  00 00      0    0    0.0      1    2    8.6        1    2    8.6
 25    -
 26  00 15      0    0    0.0      1    4   10.1        1    4   10.1
 27    -
 28  00 00      0    0    0.0      0    0    0.0        0    0    0.0
 28  22 45      0    0    0.0      0    0    0.0        0    0    0.0
 30    -
 31  00 00      1    2    8.6      0    0    0.0        1    2    8.6

 Monthly Mean             4.3                9.8                 14.1

 --------------------------------------------------------------------

 June      1976     (k = 0.72)

 Date Time(UT)      North              South                Total
      h  m      g    f     R       g    f     R         g    f     R
  1  03 00      0    0    0.0      0    0    0.0        0    0    0.0
  2  00 15      0    0    0.0      0    0    0.0        0    0    0.0
  3  00 50      0    0    0.0      0    0    0.0        0    0    0.0
  4  05 15      0    0    0.0      0    0    0.0        0    0    0.0
  5    -
  6  04 15      0    0    0.0      0    0    0.0        0    0    0.0
  7  02 30      0    0    0.0      0    0    0.0        0    0    0.0
  8  00 00      0    0    0.0      1    5   10.8        1    5   10.8
  9  02 15      0    0    0.0      1    3    9.4        1    3    9.4
 10  04 00      0    0    0.0      1    1    7.9        1    1    7.9
 11  01 45      0    0    0.0      2    2   15.8        2    2   15.8
 12    -
 13    -
 14  04 15      1    1    7.9      0    0    0.0        1    1    7.9
 14  22 45      1    6   11.5      1    1    7.9        2    7   19.4
 15  23 15      1   12   15.8      0    0    0.0        1   12   15.8
 17  02 50      1   14   17.3      0    0    0.0        1   14   17.3
 18  02 15      1   26   25.9      0    0    0.0        1   26   25.9
 19    -
 20    -
 20  23 25      2   35   39.6      0    0    0.0        2   35   39.6
 22  03 00      2   20   28.8      1    4   10.1        3   24   38.9
 23  01 30      2   14   24.5      1    4   10.1        3   18   34.6
 24    -
 25  04 00      0    0    0.0      2    5   18.0        2    5   18.0
 26    -
 27  00 00      0    0    0.0      1    7   12.2        1    7   12.2
 28  00 15      0    0    0.0      1    6   11.5        1    6   11.5
 29  04 00      0    0    0.0      1    4   10.1        1    4   10.1
 30    -


 Monthly Mean             7.8                5.6                 13.4

 --------------------------------------------------------------------

 July      1976     (k = 0.72)

 Date Time(UT)      North              South                Total
      h  m      g    f     R       g    f     R         g    f     R
  1  03 00      1    1    7.9      1    2    8.6        2    3   16.6
  2  00 30      0    0    0.0      1    2    8.6        1    2    8.6
  3    -
  4    -
  5  00 50      1    3    9.4      0    0    0.0        1    3    9.4
  6    -
  7  00 50      1    2    8.6      0    0    0.0        1    2    8.6
  8  00 00      0    0    0.0      0    0    0.0        0    0    0.0
  9  00 15      0    0    0.0      0    0    0.0        0    0    0.0
 10  00 10      0    0    0.0      0    0    0.0        0    0    0.0
 11    -
 12  05 30      0    0    0.0      0    0    0.0        0    0    0.0
 13  00 00      0    0    0.0      0    0    0.0        0    0    0.0
 14  00 15      0    0    0.0      0    0    0.0        0    0    0.0
 15    -
 16    -
 17  01 00      0    0    0.0      0    0    0.0        0    0    0.0
 18    -
 19    -
 20  04 00      0    0    0.0      0    0    0.0        0    0    0.0
 21  01 00      0    0    0.0      0    0    0.0        0    0    0.0
 22  00 00      0    0    0.0      0    0    0.0        0    0    0.0
 23  00 00      0    0    0.0      0    0    0.0        0    0    0.0
 24  00 00      0    0    0.0      0    0    0.0        0    0    0.0
 25  01 40      0    0    0.0      0    0    0.0        0    0    0.0
 26  00 15      0    0    0.0      0    0    0.0        0    0    0.0
 27  00 00      0    0    0.0      0    0    0.0        0    0    0.0
 28  00 00      0    0    0.0      0    0    0.0        0    0    0.0
 29  01 40      0    0    0.0      0    0    0.0        0    0    0.0
 30  00 15      0    0    0.0      0    0    0.0        0    0    0.0
 31  00 10      1    2    8.6      0    0    0.0        1    2    8.6

 Monthly Mean             1.5                0.8                  2.3

 --------------------------------------------------------------------

 August    1976     (k = 0.72)

 Date Time(UT)      North              South                Total
      h  m      g    f     R       g    f     R         g    f     R
  1  05 30      1    3    9.4      0    0    0.0        1    3    9.4
  2  00 00      2    5   18.0      0    0    0.0        2    5   18.0
  3    -
  3  23 30      2    5   18.0      0    0    0.0        2    5   18.0
  4  23 45      1   10   14.4      0    0    0.0        1   10   14.4
  6  00 00      1   16   18.7      0    0    0.0        1   16   18.7
  7    -
  8  00 00      1    8   13.0      0    0    0.0        1    8   13.0
  9  01 00      2    9   20.9      1    2    8.6        3   11   29.5
 10  00 00      2   15   25.2      1    2    8.6        3   17   33.8
 11  00 15      2   18   27.4      0    0    0.0        2   18   27.4
 12  02 30      2   14   24.5      1    3    9.4        3   17   33.8
 12  23 45      2   19   28.1      1    1    7.9        3   20   36.0
 14  03 30      2    7   19.4      0    0    0.0        2    7   19.4
 15    -
 16  02 00      0    0    0.0      1   10   14.4        1   10   14.4
 16  23 45      0    0    0.0      1   18   20.2        1   18   20.2
 18  00 15      0    0    0.0      1   36   33.1        1   36   33.1
 19  00 15      0    0    0.0      2   37   41.0        2   37   41.0
 20  00 15      0    0    0.0      3   23   38.2        3   23   38.2
 21  00 15      0    0    0.0      2    5   18.0        2    5   18.0
 22  01 00      0    0    0.0      1    4   10.1        1    4   10.1
 23  00 00      0    0    0.0      1    9   13.7        1    9   13.7
 24  00 08      0    0    0.0      1    5   10.8        1    5   10.8
 25    -
 26    -
 27  00 00      0    0    0.0      1    1    7.9        1    1    7.9
 28  03 40      0    0    0.0      0    0    0.0        0    0    0.0
 29  00 05      1    2    8.6      0    0    0.0        1    2    8.6
 30    -
 31    -

 Monthly Mean            10.2               10.1                 20.3

 --------------------------------------------------------------------

 September 1976     (k = 0.72)

 Date Time(UT)      North              South                Total
      h  m      g    f     R       g    f     R         g    f     R
 31  23 00      2    8   20.2      0    0    0.0        2    8   20.2
  2  04 15      2   11   22.3      0    0    0.0        2   11   22.3
  3  04 15      1    3    9.4      0    0    0.0        1    3    9.4
  4    -
  5  04 45      2    8   20.2      0    0    0.0        2    8   20.2
  5  23 30      2    3   16.6      0    0    0.0        2    3   16.6
  7  00 15      2    3   16.6      0    0    0.0        2    3   16.6
  8  01 10      1    2    8.6      0    0    0.0        1    2    8.6
  9    -
  9  23 45      1    5   10.8      1   10   14.4        2   15   25.2
 11  04 10      0    0    0.0      1   28   27.4        1   28   27.4
 12    -
 13    -
 14  04 45      0    0    0.0      1    7   12.2        1    7   12.2
 15  02 00      0    0    0.0      1    4   10.1        1    4   10.1
 16  02 15      0    0    0.0      1    1    7.9        1    1    7.9
 17  00 15      0    0    0.0      1    6   11.5        1    6   11.5
 17  23 45      0    0    0.0      1    6   11.5        1    6   11.5
 18  23 35      1    2    8.6      1    1    7.9        2    3   16.6
 20    -
 21  04 45      0    0    0.0      0    0    0.0        0    0    0.0
 22    -
 23  00 30      0    0    0.0      0    0    0.0        0    0    0.0
 24  00 15      0    0    0.0      1    2    8.6        1    2    8.6
 25  00 15      1    4   10.1      0    0    0.0        1    4   10.1
 25  23 45      1    2    8.6      1    2    8.6        2    4   17.3
 27    -
 28    -
 29  00 00      1    2    8.6      1    2    8.6        2    4   17.3
 30  02 30      1    3    9.4      1    3    9.4        2    6   18.7


 Monthly Mean             7.7                6.3                 14.0

 --------------------------------------------------------------------

 October   1976     (k = 0.72)

 Date Time(UT)      North              South                Total
      h  m      g    f     R       g    f     R         g    f     R
  1  00 45      2    9   20.9      1    3    9.4        3   12   30.2
  2    -
  3  02 10      2    5   18.0      1    3    9.4        3    8   27.4
  4  00 10      2    7   19.4      1    2    8.6        3    9   28.1
  4  23 30      2    4   17.3      1    2    8.6        3    6   25.9
  6  00 15      2    7   19.4      1    4   10.1        3   11   29.5
  7  00 00      2    6   18.7      1    2    8.6        3    8   27.4
  8  01 00      0    0    0.0      1    1    7.9        1    1    7.9
  9    -
  9  03 30      0    0    0.0      1    1    7.9        1    1    7.9
 11    -
 12  00 00      1    1    7.9      1    1    7.9        2    2   15.8
 13  01 15      0    0    0.0      2    4   17.3        2    4   17.3
 14    -
 15  01 00      0    0    0.0      2   24   31.7        2   24   31.7
 16    -
 17  00 30      0    0    0.0      1   14   17.3        1   14   17.3
 18  00 00      0    0    0.0      3   28   41.8        3   28   41.8
 19  04 00      0    0    0.0      3   11   29.5        3   11   29.5
 20    -
 21  00 15      0    0    0.0      2    7   19.4        2    7   19.4
 22  00 00      1    4   10.1      3    4   24.5        4    8   34.6
 23  00 00      1   20   21.6      1    1    7.9        2   21   29.5
 24    -
 25  03 45      1   24   24.5      1    2    8.6        2   26   33.1
 26    -
 27  00 00      1   28   27.4      1    2    8.6        2   30   36.0
 28    -
 29  00 15      1    8   13.0      1    1    7.9        2    9   20.9
 30  00 00      1    4   10.1      0    0    0.0        1    4   10.1
 31  01 30      0    0    0.0      0    0    0.0        0    0    0.0

 Monthly Mean            10.4               13.3                 23.7

 --------------------------------------------------------------------

 November  1976     (k = 0.72)

 Date Time(UT)      North              South                Total
      h  m      g    f     R       g    f     R         g    f     R
  1  00 00      0    0    0.0      0    0    0.0        0    0    0.0
  1  23 30      0    0    0.0      0    0    0.0        0    0    0.0
  3  00 30      0    0    0.0      0    0    0.0        0    0    0.0
  4  01 30      0    0    0.0      0    0    0.0        0    0    0.0
  4    -
  6    -
  7    -
  8  00 00      0    0    0.0      0    0    0.0        0    0    0.0
  9  01 30      0    0    0.0      0    0    0.0        0    0    0.0
 10  02 30      0    0    0.0      0    0    0.0        0    0    0.0
 11  05 15      0    0    0.0      0    0    0.0        0    0    0.0
 12  00 00      1    1    7.9      0    0    0.0        1    1    7.9
 12  23 30      0    0    0.0      0    0    0.0        0    0    0.0
 14    -
 15  00 15      0    0    0.0      0    0    0.0        0    0    0.0
 16  00 15      1    1    7.9      0    0    0.0        1    1    7.9
 17    -
 18    -
 19  01 30      1   12   15.8      0    0    0.0        1   12   15.8
 20    -
 20  23 50      1    2    8.6      0    0    0.0        1    2    8.6
 22  00 00      1    3    9.4      0    0    0.0        1    3    9.4
 23    -
 24  00 15      1   15   18.0      0    0    0.0        1   15   18.0
 25  00 15      1    6   11.5      0    0    0.0        1    6   11.5
 26  00 00      1    5   10.8      0    0    0.0        1    5   10.8
 27  00 00      1    2    8.6      0    0    0.0        1    2    8.6
 28  00 00      1    3    9.4      0    0    0.0        1    3    9.4
 29  00 15      1    2    8.6      0    0    0.0        1    2    8.6
 30  00 30      0    0    0.0      0    0    0.0        0    0    0.0


 Monthly Mean             5.3                0.0                  5.3

 --------------------------------------------------------------------

 December  1976     (k = 0.72)

 Date Time(UT)      North              South                Total
      h  m      g    f     R       g    f     R         g    f     R
  1  00 40      0    0    0.0      0    0    0.0        0    0    0.0
  2  01 30      0    0    0.0      0    0    0.0        0    0    0.0
  3    -
  4  00 00      0    0    0.0      0    0    0.0        0    0    0.0
  5  00 15      0    0    0.0      0    0    0.0        0    0    0.0
  6  00 00      0    0    0.0      0    0    0.0        0    0    0.0
  7  00 00      0    0    0.0      0    0    0.0        0    0    0.0
  8  01 10      2   12   23.0      0    0    0.0        2   12   23.0
  9  00 30      2   14   24.5      0    0    0.0        2   14   24.5
 10  00 30      1   25   25.2      0    0    0.0        1   25   25.2
 11  00 15      1   26   25.9      0    0    0.0        1   26   25.9
 12  00 30      1   23   23.8      0    0    0.0        1   23   23.8
 13  00 00      1   13   16.6      0    0    0.0        1   13   16.6
 14  00 15      2    8   20.2      0    0    0.0        2    8   20.2
 15  01 10      2    9   20.9      1   10   14.4        3   19   35.3
 16    -
 17  00 45      2    4   17.3      2    5   18.0        4    9   35.3
 18  00 20      1    2    8.6      3    7   26.6        4    9   35.3
 18  23 50      1    4   10.1      2    2   15.8        3    6   25.9
 20  01 00      1    4   10.1      0    0    0.0        1    4   10.1
 21  00 00      1    7   12.2      0    0    0.0        1    7   12.2
 22    -
 23  01 00      1    4   10.1      0    0    0.0        1    4   10.1
 24    -
 25    -
 26  03 30      1    2    8.6      1    9   13.7        2   11   22.3
 27  01 30      0    0    0.0      1    9   13.7        1    9   13.7
 28  00 15      0    0    0.0      1   11   15.1        1   11   15.1
 29  00 45      0    0    0.0      1    8   13.0        1    8   13.0
 30  01 45      0    0    0.0      1   21   22.3        1   21   22.3
 31  00 45      0    0    0.0      1   11   15.1        1   11   15.1

 Monthly Mean             9.9                6.5                 16.3

 --------------------------------------------------------------------

