 January   1985     (k = 0.72)

 Date Time(UT)      North              South                Total
      h  m      g    f     R       g    f     R         g    f     R
  1    -
  2    -
  3    -
  4  01 05      0    0    0.0      0    0    0.0        0    0    0.0
  5  00 35      0    0    0.0      0    0    0.0        0    0    0.0
  6    -
  7  00 15      0    0    0.0      0    0    0.0        0    0    0.0
  8  00 15      0    0    0.0      0    0    0.0        0    0    0.0
  9  00 25      1    1    7.9      1    1    7.9        2    2   15.8
 10  00 45      0    0    0.0      0    0    0.0        0    0    0.0
 11  00 15      0    0    0.0      0    0    0.0        0    0    0.0
 12  02 10      0    0    0.0      0    0    0.0        0    0    0.0
 13  02 15      0    0    0.0      1    5   10.8        1    5   10.8
 14  00 15      0    0    0.0      1   32   30.2        1   32   30.2
 15  00 25      0    0    0.0      1   28   27.4        1   28   27.4
 16  00 15      0    0    0.0      1   30   28.8        1   30   28.8
 17  00 10      0    0    0.0      1   30   28.8        1   30   28.8
 18  00 15      0    0    0.0      1   28   27.4        1   28   27.4
 19  00 25      0    0    0.0      1   22   23.0        1   22   23.0
 20  00 44      1    3    9.4      3   32   44.6        4   35   54.0
 21  00 20      1    8   13.0      3   38   49.0        4   46   61.9
 22  00 05      1    8   13.0      3   30   43.2        4   38   56.2
 23  00 05      1    4   10.1      2   30   36.0        3   34   46.1
 24    -
 25  00 20      1    2    8.6      2    5   18.0        3    7   26.6
 26  00 10      0    0    0.0      0    0    0.0        0    0    0.0
 27    -
 28  02 40      0    0    0.0      0    0    0.0        0    0    0.0
 29  02 20      0    0    0.0      0    0    0.0        0    0    0.0
 30  00 15      0    0    0.0      0    0    0.0        0    0    0.0
 31  00 20      0    0    0.0      0    0    0.0        0    0    0.0

 Monthly Mean             2.5               15.0                 17.5

 --------------------------------------------------------------------

 February  1985     (k = 0.72)

 Date Time(UT)      North              South                Total
      h  m      g    f     R       g    f     R         g    f     R
  1  00 10      1    5   10.8      1    2    8.6        2    7   19.4
  2  00 10      1   13   16.6      1    3    9.4        2   16   25.9
  3  01 10      1    8   13.0      1    9   13.7        2   17   26.6
  4  00 40      1    8   13.0      1    3    9.4        2   11   22.3
  5    -
  6  00 05      1    4   10.1      1    2    8.6        2    6   18.7
  7  00 10      1    1    7.9      0    0    0.0        1    1    7.9
  8    -
  9    -
 10  01 00      2    8   20.2      1    3    9.4        3   11   29.5
 11    -
 12  00 30      0    0    0.0      1    3    9.4        1    3    9.4
 13  00 10      0    0    0.0      1    8   13.0        1    8   13.0
 14  00 10      1    2    8.6      1   10   14.4        2   12   23.0
 15  00 20      0    0    0.0      2   12   23.0        2   12   23.0
 16    -
 17    -
 18  00 20      0    0    0.0      1    1    7.9        1    1    7.9
 19    -
 20    -
 21  00 10      1   13   16.6      1    5   10.8        2   18   27.4
 22  00 30      1   16   18.7      1    1    7.9        2   17   26.6
 23  00 10      1   14   17.3      1    1    7.9        2   15   25.2
 24  00 35      1    4   10.1      0    0    0.0        1    4   10.1
 25  00 15      1    7   12.2      0    0    0.0        1    7   12.2
 26  01 55      1    7   12.2      0    0    0.0        1    7   12.2
 27  00 00      2    6   18.7      0    0    0.0        2    6   18.7
 28    -




 Monthly Mean            10.8                8.1                 18.9

 --------------------------------------------------------------------

 March     1985     (k = 0.72)

 Date Time(UT)      North              South                Total
      h  m      g    f     R       g    f     R         g    f     R
  1  06 25      1    2    8.6      0    0    0.0        1    2    8.6
  2    -
  3    -
  4  01 55      0    0    0.0      0    0    0.0        0    0    0.0
  5    -
  6  00 15      0    0    0.0      0    0    0.0        0    0    0.0
  7  01 25      0    0    0.0      0    0    0.0        0    0    0.0
  8  05 10      0    0    0.0      0    0    0.0        0    0    0.0
  9    -
 10    -
 11    -
 12    -
 13  04 40      1    3    9.4      0    0    0.0        1    3    9.4
 14    -
 15  02 20      0    0    0.0      0    0    0.0        0    0    0.0
 16  02 15      0    0    0.0      0    0    0.0        0    0    0.0
 17    -
 18  00 05      0    0    0.0      2   13   23.8        2   13   23.8
 19    -
 20  02 05      0    0    0.0      1    5   10.8        1    5   10.8
 21    -
 22  00 15      0    0    0.0      0    0    0.0        0    0    0.0
 23    -
 24    -
 25  00 05      2   13   23.8      3    8   27.4        5   21   51.1
 26  02 50      1   17   19.4      1    2    8.6        2   19   28.1
 27    -
 28  00 25      1   25   25.2      1    1    7.9        2   26   33.1
 29  05 55      1   15   18.0      0    0    0.0        1   15   18.0
 30  06 05      1    9   13.7      1    1    7.9        2   10   21.6
 31  02 20      1    9   13.7      1    2    8.6        2   11   22.3

 Monthly Mean             7.8                5.6                 13.3

 --------------------------------------------------------------------

 April     1985     (k = 0.72)

 Date Time(UT)      North              South                Total
      h  m      g    f     R       g    f     R         g    f     R
  1  00 30      2   12   23.0      1    3    9.4        3   15   32.4
  2  00 05      1    4   10.1      1    1    7.9        2    5   18.0
  3  00 47      1    4   10.1      2    7   19.4        3   11   29.5
  4    -
  5  00 15      0    0    0.0      2   10   21.6        2   10   21.6
  6  00 20      0    0    0.0      2   14   24.5        2   14   24.5
  7    -
  8    -
  9  00 10      0    0    0.0      1    2    8.6        1    2    8.6
 10  01 30      0    0    0.0      0    0    0.0        0    0    0.0
 11  00 30      0    0    0.0      0    0    0.0        0    0    0.0
 12    -
 13    -
 14    -
 15  00 15      0    0    0.0      0    0    0.0        0    0    0.0
 16  05 45      0    0    0.0      0    0    0.0        0    0    0.0
 17  00 05      0    0    0.0      0    0    0.0        0    0    0.0
 18  07 25      0    0    0.0      1    1    7.9        1    1    7.9
 19  00 15      0    0    0.0      1    4   10.1        1    4   10.1
 20  02 25      0    0    0.0      1    2    8.6        1    2    8.6
 21    -
 22  00 10      2   29   35.3      0    0    0.0        2   29   35.3
 23  02 10      1   41   36.7      0    0    0.0        1   41   36.7
 24  00 10      1   43   38.2      1    2    8.6        2   45   46.8
 25  00 00      1   52   44.6      1    2    8.6        2   54   53.3
 26  00 10      1   62   51.8      1    2    8.6        2   64   60.5
 27    -
 28  02 10      1   47   41.0      0    0    0.0        1   47   41.0
 29  00 35      1   26   25.9      0    0    0.0        1   26   25.9
 30  00 05      1   43   38.2      0    0    0.0        1   43   38.2


 Monthly Mean            16.1                6.6                 22.7

 --------------------------------------------------------------------

 May       1985     (k = 0.72)

 Date Time(UT)      North              South                Total
      h  m      g    f     R       g    f     R         g    f     R
  1  00 25      1   18   20.2      0    0    0.0        1   18   20.2
  2  00 25      1    4   10.1      0    0    0.0        1    4   10.1
  3  00 15      1    2    8.6      0    0    0.0        1    2    8.6
  4  00 10      2    4   17.3      0    0    0.0        2    4   17.3
  5  02 55      1    3    9.4      0    0    0.0        1    3    9.4
  6    -
  7    -
  8  00 10      2   26   33.1      1    9   13.7        3   35   46.8
  9  00 15      3   30   43.2      1   15   18.0        4   45   61.2
 10  04 30      2   14   24.5      1   23   23.8        3   37   48.2
 11  00 00      2    7   19.4      1   33   31.0        3   40   50.4
 11  23 45      2    2   15.8      1   52   44.6        3   54   60.5
 13    -
 14    -
 15  00 10      1    1    7.9      2   39   42.5        3   40   50.4
 16  00 10      0    0    0.0      2   30   36.0        2   30   36.0
 17  00 10      2    7   19.4      2   19   28.1        4   26   47.5
 18  00 10      2   10   21.6      2   11   22.3        4   21   43.9
 19  00 00      1   16   18.7      2    5   18.0        3   21   36.7
 20    -
 21    -
 22  03 00      1   38   34.6      1    5   10.8        2   43   45.4
 23  00 10      1   28   27.4      1    2    8.6        2   30   36.0
 24    -
 25    -
 26    -
 27  00 10      0    0    0.0      1    3    9.4        1    3    9.4
 28  06 05      0    0    0.0      0    0    0.0        0    0    0.0
 29    -
 30  00 05      1    1    7.9      0    0    0.0        1    1    7.9
 31  02 10      1    1    7.9      0    0    0.0        1    1    7.9

 Monthly Mean            16.5               14.6                 31.1

 --------------------------------------------------------------------

 June      1985     (k = 0.72)

 Date Time(UT)      North              South                Total
      h  m      g    f     R       g    f     R         g    f     R
  1  00 15      0    0    0.0      0    0    0.0        0    0    0.0
  2    -
  3  01 10      0    0    0.0      0    0    0.0        0    0    0.0
  4  00 10      0    0    0.0      2    6   18.7        2    6   18.7
  5  00 15      0    0    0.0      4   15   39.6        4   15   39.6
  6  00 15      1    2    8.6      3   21   36.7        4   23   45.4
  7  00 10      1    5   10.8      3   22   37.4        4   27   48.2
  8    -
  9    -
 10    -
 11    -
 12  01 20      0    0    0.0      4   39   56.9        4   39   56.9
 13    -
 14  05 20      0    0    0.0      4   17   41.0        4   17   41.0
 15    -
 16    -
 17  00 15      0    0    0.0      3   11   29.5        3   11   29.5
 18    -
 19    -
 20  05 00      1    3    9.4      0    0    0.0        1    3    9.4
 21    -
 22    -
 23    -
 24    -
 25    -
 26  00 25      0    0    0.0      1    5   10.8        1    5   10.8
 27    -
 28    -
 29    -
 30    -


 Monthly Mean             2.6               24.6                 27.2

 --------------------------------------------------------------------

 July      1985     (k = 0.72)

 Date Time(UT)      North              South                Total
      h  m      g    f     R       g    f     R         g    f     R
  1  00 30      0    0    0.0      2    6   18.7        2    6   18.7
  2    -
  3    -
  4  02 50      0    0    0.0      2   22   30.2        2   22   30.2
  5    -
  6  03 55      0    0    0.0      2   46   47.5        2   46   47.5
  7    -
  8    -
  9  00 10      2    6   18.7      4  116  112.3        6  122  131.0
 10  00 10      1   11   15.1      4   84   89.3        5   95  104.4
 11  04 55      1   14   17.3      2   40   43.2        3   54   60.5
 12    -
 13    -
 14  00 55      1    4   10.1      0    0    0.0        1    4   10.1
 15  00 25      1    1    7.9      0    0    0.0        1    1    7.9
 16  00 10      0    0    0.0      1    2    8.6        1    2    8.6
 17  00 25      0    0    0.0      1    3    9.4        1    3    9.4
 18  00 10      0    0    0.0      1    4   10.1        1    4   10.1
 19  00 15      0    0    0.0      1    4   10.1        1    4   10.1
 20  00 10      0    0    0.0      1    4   10.1        1    4   10.1
 21    -
 22  00 15      0    0    0.0      1    3    9.4        1    3    9.4
 23  00 10      0    0    0.0      2    5   18.0        2    5   18.0
 24  00 10      0    0    0.0      2    4   17.3        2    4   17.3
 25  00 05      0    0    0.0      1    1    7.9        1    1    7.9
 25  23 45      1    3    9.4      1    3    9.4        2    6   18.7
 27  00 15      1    3    9.4      2    2   15.8        3    5   25.2
 28    -
 29  00 15      3   10   28.8      3   11   29.5        6   21   58.3
 30  00 10      2   22   30.2      3    8   27.4        5   30   57.6
 31  00 45      3   29   42.5      1    5   10.8        4   34   53.3

 Monthly Mean             8.6               24.3                 32.9

 --------------------------------------------------------------------

 August    1985     (k = 0.72)

 Date Time(UT)      North              South                Total
      h  m      g    f     R       g    f     R         g    f     R
  1  01 10      2   25   32.4      1    8   13.0        3   33   45.4
  2  00 15      2   18   27.4      2    8   20.2        4   26   47.5
  3  00 15      2    6   18.7      1    9   13.7        3   15   32.4
  4  00 10      2    5   18.0      1    4   10.1        3    9   28.1
  5  00 15      2    3   16.6      1   12   15.8        3   15   32.4
  6  00 45      2    4   17.3      1    9   13.7        3   13   31.0
  7  02 50      0    0    0.0      1    6   11.5        1    6   11.5
  8  00 15      1    2    8.6      1    7   12.2        2    9   20.9
  9  00 15      1    1    7.9      2    6   18.7        3    7   26.6
 10  00 25      1    6   11.5      0    0    0.0        1    6   11.5
 11    -
 12  00 10      1    2    8.6      0    0    0.0        1    2    8.6
 13  00 25      0    0    0.0      0    0    0.0        0    0    0.0
 14  00 15      0    0    0.0      0    0    0.0        0    0    0.0
 15  00 10      0    0    0.0      0    0    0.0        0    0    0.0
 16  00 10      0    0    0.0      0    0    0.0        0    0    0.0
 17  00 10      0    0    0.0      0    0    0.0        0    0    0.0
 18  00 35      0    0    0.0      2    4   17.3        2    4   17.3
 19  03 35      0    0    0.0      0    0    0.0        0    0    0.0
 20    -
 21  02 35      0    0    0.0      0    0    0.0        0    0    0.0
 22  00 10      0    0    0.0      0    0    0.0        0    0    0.0
 23  00 40      0    0    0.0      0    0    0.0        0    0    0.0
 24  00 05      0    0    0.0      0    0    0.0        0    0    0.0
 25    -
 26  00 10      0    0    0.0      1    2    8.6        1    2    8.6
 27  00 15      1    1    7.9      0    0    0.0        1    1    7.9
 28  00 20      2    2   15.8      0    0    0.0        2    2   15.8
 29  00 10      1    1    7.9      0    0    0.0        1    1    7.9
 30  00 05      1    1    7.9      0    0    0.0        1    1    7.9
 31  00 20      1    2    8.6      0    0    0.0        1    2    8.6

 Monthly Mean             7.7                5.5                 13.2

 --------------------------------------------------------------------

 September 1985     (k = 0.72)

 Date Time(UT)      North              South                Total
      h  m      g    f     R       g    f     R         g    f     R
  1  00 10      1    1    7.9      0    0    0.0        1    1    7.9
  2  00 20      0    0    0.0      0    0    0.0        0    0    0.0
  3  01 00      0    0    0.0      0    0    0.0        0    0    0.0
  4  00 15      0    0    0.0      0    0    0.0        0    0    0.0
  5  00 15      0    0    0.0      0    0    0.0        0    0    0.0
  6  00 55      0    0    0.0      0    0    0.0        0    0    0.0
  7  00 00      0    0    0.0      0    0    0.0        0    0    0.0
  8    -
  9  00 45      0    0    0.0      0    0    0.0        0    0    0.0
 10  00 10      0    0    0.0      0    0    0.0        0    0    0.0
 11    -
 12  05 30      0    0    0.0      0    0    0.0        0    0    0.0
 13  00 10      0    0    0.0      0    0    0.0        0    0    0.0
 14  00 10      0    0    0.0      2    5   18.0        2    5   18.0
 15    -
 16    -
 17  00 25      0    0    0.0      1    2    8.6        1    2    8.6
 18    -
 19  00 00      0    0    0.0      1   13   16.6        1   13   16.6
 20  02 10      0    0    0.0      1    7   12.2        1    7   12.2
 21    -
 22    -
 23    -
 24    -
 25    -
 26  00 15      0    0    0.0      0    0    0.0        0    0    0.0
 27    -
 28    -
 29    -
 30  00 15      0    0    0.0      1    2    8.6        1    2    8.6


 Monthly Mean             0.5                3.8                  4.2

 --------------------------------------------------------------------

 October   1985     (k = 0.72)

 Date Time(UT)      North              South                Total
      h  m      g    f     R       g    f     R         g    f     R
  1  01 00      0    0    0.0      0    0    0.0        0    0    0.0
  2  00 35      0    0    0.0      0    0    0.0        0    0    0.0
  3  00 15      0    0    0.0      0    0    0.0        0    0    0.0
  4  00 25      0    0    0.0      0    0    0.0        0    0    0.0
  5    -
  6    -
  7  00 15      0    0    0.0      0    0    0.0        0    0    0.0
  8  00 10      0    0    0.0      0    0    0.0        0    0    0.0
  9  00 10      0    0    0.0      0    0    0.0        0    0    0.0
 10  00 10      0    0    0.0      0    0    0.0        0    0    0.0
 11    -
 12  00 27      0    0    0.0      0    0    0.0        0    0    0.0
 13  00 25      0    0    0.0      0    0    0.0        0    0    0.0
 14  07 00      0    0    0.0      1    2    8.6        1    2    8.6
 15  00 10      0    0    0.0      1    9   13.7        1    9   13.7
 16  00 10      1    4   10.1      1    5   10.8        2    9   20.9
 17    -
 18    -
 19  00 15      2   16   25.9      0    0    0.0        2   16   25.9
 20    -
 21  00 15      3   42   51.8      0    0    0.0        3   42   51.8
 22  03 30      3   99   92.9      1    1    7.9        4  100  100.8
 23  00 15      3  104   96.5      0    0    0.0        3  104   96.5
 24  00 10      3   88   85.0      0    0    0.0        3   88   85.0
 25  00 10      3   72   73.4      0    0    0.0        3   72   73.4
 26    -
 27  01 33      3   20   36.0      0    0    0.0        3   20   36.0
 28  00 20      3    5   25.2      0    0    0.0        3    5   25.2
 29  00 50      1    2    8.6      0    0    0.0        1    2    8.6
 30    -
 31  02 20      0    0    0.0      0    0    0.0        0    0    0.0

 Monthly Mean            22.0                1.8                 23.8

 --------------------------------------------------------------------

 November  1985     (k = 0.72)

 Date Time(UT)      North              South                Total
      h  m      g    f     R       g    f     R         g    f     R
  1    -
  2  00 05      0    0    0.0      0    0    0.0        0    0    0.0
  3  00 00      0    0    0.0      0    0    0.0        0    0    0.0
  4  00 50      0    0    0.0      0    0    0.0        0    0    0.0
  5  01 05      0    0    0.0      0    0    0.0        0    0    0.0
  6    -
  7    -
  8  00 15      1   14   17.3      0    0    0.0        1   14   17.3
  9  00 50      1   10   14.4      1    2    8.6        2   12   23.0
 10  04 30      0    0    0.0      1    9   13.7        1    9   13.7
 11  00 15      0    0    0.0      1    8   13.0        1    8   13.0
 12  00 15      0    0    0.0      1   11   15.1        1   11   15.1
 13  00 10      1    1    7.9      1   13   16.6        2   14   24.5
 14  00 20      1    1    7.9      2   21   29.5        3   22   37.4
 15  00 15      1    2    8.6      2   29   35.3        3   31   43.9
 16  00 10      3    4   24.5      2   30   36.0        5   34   60.5
 17  01 40      1    5   10.8      1   13   16.6        2   18   27.4
 18  00 10      2    8   20.2      2   25   32.4        4   33   52.6
 19  00 30      1    4   10.1      2   15   25.2        3   19   35.3
 20  00 05      2    3   16.6      2   17   26.6        4   20   43.2
 21  00 10      1    1    7.9      1   15   18.0        2   16   25.9
 22  00 10      0    0    0.0      1    4   10.1        1    4   10.1
 23  00 30      0    0    0.0      1    1    7.9        1    1    7.9
 24    -
 25  00 10      0    0    0.0      0    0    0.0        0    0    0.0
 26  00 15      0    0    0.0      0    0    0.0        0    0    0.0
 27  00 15      0    0    0.0      0    0    0.0        0    0    0.0
 28  03 15      0    0    0.0      0    0    0.0        0    0    0.0
 29  00 35      0    0    0.0      0    0    0.0        0    0    0.0
 30  01 25      0    0    0.0      0    0    0.0        0    0    0.0


 Monthly Mean             5.6               11.7                 17.3

 --------------------------------------------------------------------

 December  1985     (k = 0.72)

 Date Time(UT)      North              South                Total
      h  m      g    f     R       g    f     R         g    f     R
  1  00 30      0    0    0.0      0    0    0.0        0    0    0.0
  2  00 10      0    0    0.0      0    0    0.0        0    0    0.0
  3  00 25      0    0    0.0      2    3   16.6        2    3   16.6
  4  00 10      0    0    0.0      0    0    0.0        0    0    0.0
  5  00 25      0    0    0.0      0    0    0.0        0    0    0.0
  6    -
  7    -
  8    -
  9  00 15      0    0    0.0      0    0    0.0        0    0    0.0
 10  00 10      1    3    9.4      0    0    0.0        1    3    9.4
 11  00 35      1    5   10.8      0    0    0.0        1    5   10.8
 12  00 30      1    9   13.7      0    0    0.0        1    9   13.7
 13  00 35      1    8   13.0      0    0    0.0        1    8   13.0
 14  00 15      1    7   12.2      1    1    7.9        2    8   20.2
 15  03 13      1    9   13.7      1    6   11.5        2   15   25.2
 16  00 35      1   39   35.3      1   18   20.2        2   57   55.4
 17  00 45      1   35   32.4      1   21   22.3        2   56   54.7
 18  00 40      1   17   19.4      1   19   20.9        2   36   40.3
 19  00 35      1    7   12.2      1   19   20.9        2   26   33.1
 20  00 35      1    4   10.1      1   22   23.0        2   26   33.1
 21  00 20      0    0    0.0      1    7   12.2        1    7   12.2
 22    -
 23  00 30      0    0    0.0      0    0    0.0        0    0    0.0
 24  00 30      0    0    0.0      0    0    0.0        0    0    0.0
 25  01 45      0    0    0.0      0    0    0.0        0    0    0.0
 26  00 20      0    0    0.0      0    0    0.0        0    0    0.0
 27  00 15      0    0    0.0      0    0    0.0        0    0    0.0
 28  00 10      0    0    0.0      0    0    0.0        0    0    0.0
 29  00 35      0    0    0.0      0    0    0.0        0    0    0.0
 30  00 40      0    0    0.0      0    0    0.0        0    0    0.0
 31  02 49      0    0    0.0      0    0    0.0        0    0    0.0

 Monthly Mean             6.8                5.8                 12.5

 --------------------------------------------------------------------

