 January   1989     (k = 0.60)

 Date Time(UT)      North              South                Total
      h  m      g    f     R       g    f     R         g    f     R
  1    -
  2  01 25      6   60   72.0      6   99   95.4       12  159  167.4
  3  00 40      5   16   39.6      7   50   72.0       12   66  111.6
  4  01 00      4   25   39.0      6   62   73.2       10   87  112.2
  5  01 05      3   31   36.6      7   69   83.4       10  100  120.0
  6  00 30      6   44   62.4      8   51   78.6       14   95  141.0
  7  04 15      4   63   61.8      6   65   75.0       10  128  136.8
  8    -
  9    -
 10  00 50      6   65   75.0      7  124  116.4       13  189  191.4
 11  00 10      7   74   86.4      8  158  142.8       15  232  229.2
 12    -
 13    -
 14    -
 15    -
 16  00 56      4   52   55.2      5   66   69.6        9  118  124.8
 17  00 05      4  116   93.6      4   46   51.6        8  162  145.2
 18  00 10      7  138  124.8      4   45   51.0       11  183  175.8
 19  04 05      6   81   84.6      5   30   48.0       11  111  132.6
 20    -
 21  00 25      8   59   83.4      2    3   13.8       10   62   97.2
 22  00 30     10   58   94.8      5   17   40.2       15   75  135.0
 23    -
 24  00 10      8   89  101.4      4   43   49.8       12  132  151.2
 25  00 15      7  100  102.0      3   49   47.4       10  149  149.4
 26    -
 27  00 05      4   59   59.4      2   82   61.2        6  141  120.6
 28  00 10      3   71   60.6      4  118   94.8        7  189  155.4
 29  00 46      4   51   54.6      7  104  104.4       11  155  159.0
 30  00 15      4   49   53.4      4  131  102.6        8  180  156.0
 31  00 30      5   39   53.4      5  144  116.4       10  183  169.8

 Monthly Mean            71.1               75.6                146.7

 --------------------------------------------------------------------

 February  1989     (k = 0.60)

 Date Time(UT)      North              South                Total
      h  m      g    f     R       g    f     R         g    f     R
  1    -
  2    -
  3  00 10      5   15   39.0      9   69   95.4       14   84  134.4
  4  00 32      5   19   41.4      7   40   66.0       12   59  107.4
  5  00 30      4   37   46.2      6   32   55.2       10   69  101.4
  6  00 20      6   51   66.6      5   31   48.6       11   82  115.2
  7  00 15      6   62   73.2      5   27   46.2       11   89  119.4
  8  02 05      5   63   67.8      6   26   51.6       11   89  119.4
  9  00 25      8   94  104.4      8   42   73.2       16  136  177.6
 10    -
 11  01 00      5   92   85.2      4   39   47.4        9  131  132.6
 12  00 30      7  145  129.0      2   44   38.4        9  189  167.4
 13  00 15      8  142  133.2      6   79   83.4       14  221  216.6
 14  00 20      8  100  108.0      4   88   76.8       12  188  184.8
 15  00 15      7   99  101.4      4   81   72.6       11  180  174.0
 16  05 35      6   72   79.2      3   66   57.6        9  138  136.8
 17    -
 18    -
 19  00 43      6   40   60.0      3   63   55.8        9  103  115.8
 20  00 05      7   48   70.8      6   68   76.8       13  116  147.6
 21  00 10      4   55   57.0      5  100   90.0        9  155  147.0
 22  05 00      3   63   55.8      3   83   67.8        6  146  123.6
 23  00 45      3   55   51.0      6   92   91.2        9  147  142.2
 24    -
 25    -
 26  02 32      6   90   90.0      9   55   87.0       15  145  177.0
 27  00 10      5   51   60.6      6   54   68.4       11  105  129.0
 28  02 40      5   33   49.8      5   45   57.0       10   78  106.8




 Monthly Mean            74.7               67.0                141.7

 --------------------------------------------------------------------

 March     1989     (k = 0.60)

 Date Time(UT)      North              South                Total
      h  m      g    f     R       g    f     R         g    f     R
  1    -
  2  00 10      5   56   63.6      3   34   38.4        8   90  102.0
  3  00 25      5   61   66.6      3   18   28.8        8   79   95.4
  4  00 30      5   54   62.4      5   17   40.2       10   71  102.6
  5    -
  6  00 05      6   38   58.8      1    5    9.0        7   43   67.8
  7    -
  8  05 25      4   58   58.8      3   18   28.8        7   76   87.6
  9  00 05      5   61   66.6      3   26   33.6        8   87  100.2
 10  00 05      7   91   96.6      4   42   49.2       11  133  145.8
 11  00 05      5   76   75.6      5   49   59.4       10  125  135.0
 12  00 45      5   68   70.8      5   40   54.0       10  108  124.8
 13  00 05      7   85   93.0      6   49   65.4       13  134  158.4
 14  00 10      6   99   95.4      7   60   78.0       13  159  173.4
 14  23 15      5  128  106.8      8   68   88.8       13  196  195.6
 15  23 45      5  109   95.4      8   89  101.4       13  198  196.8
 16  23 45      8  131  126.6      6   77   82.2       14  208  208.8
 17  23 55      8   74   92.4      4   40   48.0       12  114  140.4
 19  00 35      6   91   90.6      5   33   49.8       11  124  140.4
 20  00 10      5   82   79.2      6   68   76.8       11  150  156.0
 21  00 40      4   73   67.8      5   60   66.0        9  133  133.8
 22  00 45      5   85   81.0      5   54   62.4       10  139  143.4
 23  00 10      5  113   97.8      6   58   70.8       11  171  168.6
 24    -
 25  00 15      6   74   80.4      5   34   50.4       11  108  130.8
 26  00 40      5   42   55.2      3   33   37.8        8   75   93.0
 27    -
 28    -
 29  00 10      4   12   31.2      5   69   71.4        9   81  102.6
 30  00 10      6   19   47.4      3   44   44.4        9   63   91.8
 31  03 15      5    9   35.4      4   34   44.4        9   43   79.8

 Monthly Mean            75.8               55.2                131.0

 --------------------------------------------------------------------

 April     1989     (k = 0.60)

 Date Time(UT)      North              South                Total
      h  m      g    f     R       g    f     R         g    f     R
  1  00 10      6   22   49.2      4   51   54.6       10   73  103.8
  2  00 20      5    9   35.4      4   59   59.4        9   68   94.8
  3    -
  3  23 55      5   13   37.8      5   77   76.2       10   90  114.0
  5    -
  6  00 10      8   31   66.6      6  102   97.2       14  133  163.8
  7  00 05     10   40   84.0      8  109  113.4       18  149  197.4
  8    -
  9  00 20      8   67   88.2      9   73   97.8       17  140  186.0
 10    -
 11  01 45      4   39   47.4      6   23   49.8       10   62   97.2
 12  00 10      4   30   42.0      7   30   60.0       11   60  102.0
 13  00 10      6   35   57.0      6   28   52.8       12   63  109.8
 14  00 00      5   35   51.0      4   16   33.6        9   51   84.6
 15  00 05      5   39   53.4      3   42   43.2        8   81   96.6
 16  02 15      6   65   75.0      2   39   35.4        8  104  110.4
 17  00 10      7   59   77.4      3   59   53.4       10  118  130.8
 18  00 10      5   73   73.8      3   73   61.8        8  146  135.6
 19  00 10      5   95   87.0      4  117   94.2        9  212  181.2
 20  00 00      7  102  103.2      4   74   68.4       11  176  171.6
 21  00 10      7   94   98.4      5   71   72.6       12  165  171.0
 22  00 15      6   73   79.8      7   95   99.0       13  168  178.8
 23    -
 24  00 20      3   56   51.6      6   83   85.8        9  139  137.4
 25  00 10      4   23   37.8      7   69   83.4       11   92  121.2
 26  00 10      4   27   40.2      5   84   80.4        9  111  120.6
 27  00 05      4   23   37.8      6  137  118.2       10  160  156.0
 28  00 20      2   13   19.8      6   75   81.0        8   88  100.8
 29  00 55      4   26   39.6      5   75   75.0        9  101  114.6
 30  01 20      4   40   48.0      4   92   79.2        8  132  127.2


 Monthly Mean            59.3               73.0                132.3

 --------------------------------------------------------------------

 May       1989     (k = 0.60)

 Date Time(UT)      North              South                Total
      h  m      g    f     R       g    f     R         g    f     R
  1    -
  2  00 15      5   48   58.8      5   59   65.4       10  107  124.2
  3  02 45      3   57   52.2      3   40   42.0        6   97   94.2
  4  01 20      2   48   40.8      4   59   59.4        6  107  100.2
  5  01 42      2   33   31.8      2   45   39.0        4   78   70.8
  6    -
  7    -
  8  00 05      4   90   78.0      5   66   69.6        9  156  147.6
  9  00 10      7   82   91.2      5   59   65.4       12  141  156.6
 10  00 05      7   82   91.2      5   59   65.4       12  141  156.6
 11    -
 12    -
 13    -
 14  02 55      7   94   98.4      5   44   56.4       12  138  154.8
 15  00 05      9  105  117.0      5   38   52.8       14  143  169.8
 16  02 25      9   83  103.8      7   34   62.4       16  117  166.2
 17    -
 18    -
 19  02 05      8   77   94.2      8   28   64.8       16  105  159.0
 20    -
 21    -
 22  00 10      5   89   83.4      5   95   87.0       10  184  170.4
 23    -
 24  02 45      7   55   75.0      9  118  124.8       16  173  199.8
 25    -
 26    -
 27  01 10      4   25   39.0     10  100  120.0       14  125  159.0
 28  00 20      3   10   24.0      9   53   85.8       12   63  109.8
 28  23 30      4   21   36.6     10   78  106.8       14   99  143.4
 30  00 05      6   31   54.6      9   68   94.8       15   99  149.4
 31  00 00      5   30   48.0      5   92   85.2       10  122  133.2

 Monthly Mean            67.7               74.8                142.5

 --------------------------------------------------------------------

 June      1989     (k = 0.60)

 Date Time(UT)      North              South                Total
      h  m      g    f     R       g    f     R         g    f     R
  1  00 10      6   48   64.8     10  110  126.0       16  158  190.8
  2  00 05      7   41   66.6      8   99  107.4       15  140  174.0
  3  03 35      4   32   43.2      9   90  108.0       13  122  151.2
  4  01 15      5   40   54.0      7  121  114.6       12  161  168.6
  4  22 45      6   29   53.4      8   93  103.8       14  122  157.2
  6  00 15      7   29   59.4      8   75   93.0       15  104  152.4
  7  00 10      5   15   39.0      5   67   70.2       10   82  109.2
  8  00 05      7   15   51.0      8  141  132.6       15  156  183.6
  9    -
 10    -
 11    -
 12  00 05      7  122  115.2      8  155  141.0       15  277  256.2
 13  00 15     10  168  160.8      6  128  112.8       16  296  273.6
 13  23 35      8  187  160.2      8  147  136.2       16  334  296.4
 15    -
 16    -
 17    -
 18    -
 19    -
 20    -
 21  01 25      7   56   75.6     10   61   96.6       17  117  172.2
 22    -
 23    -
 24    -
 25    -
 26  00 20     10  103  121.8      8  151  138.6       18  254  260.4
 27    -
 28    -
 29  00 10      5  156  123.6      7  120  114.0       12  276  237.6
 30    -


 Monthly Mean            84.9              113.9                198.8

 --------------------------------------------------------------------

 July      1989     (k = 0.60)

 Date Time(UT)      North              South                Total
      h  m      g    f     R       g    f     R         g    f     R
  1  03 40      5   36   51.6      5   27   46.2       10   63   97.8
  2    -
  3    -
  4  02 40      6   35   57.0      5   29   47.4       11   64  104.4
  5  00 15      8   57   82.2      3   33   37.8       11   90  120.0
  6  04 15      8   48   76.8      4   27   40.2       12   75  117.0
  6  23 50      6   67   76.2      8   57   82.2       14  124  158.4
  8  00 05      7   74   86.4      6   50   66.0       13  124  152.4
  9    -
 10    -
 11  00 05      7   34   62.4      5   49   59.4       12   83  121.8
 12  04 35      6   28   52.8      4   34   44.4       10   62   97.2
 13    -
 14  04 35      7   44   68.4      7   28   58.8       14   72  127.2
 15  03 10      4   36   45.6      6   16   45.6       10   52   91.2
 16    -
 17    -
 18  00 25      7   65   81.0      4   29   41.4       11   94  122.4
 19  00 30      7   81   90.6      6   42   61.2       13  123  151.8
 19  23 55     10   83  109.8      5   71   72.6       15  154  182.4
 21  00 00      7  101  102.6      6  101   96.6       13  202  199.2
 22  00 00      9  101  114.6      5  123  103.8       14  224  218.4
 23  00 29      8   55   81.0      7  110  108.0       15  165  189.0
 24  00 00      6   88   88.8      7  148  130.8       13  236  219.6
 25  00 30      5   62   67.2      7  115  111.0       12  177  178.2
 25  23 55      4   22   37.2      5   74   74.4        9   96  111.6
 27  00 00      3   12   25.2      7   88   94.8       10  100  120.0
 28  02 45      3    6   21.6      6   62   73.2        9   68   94.8
 29  04 10      3    7   22.2      4   33   43.8        7   40   66.0
 30  00 40      4   33   43.8      5   60   66.0        9   93  109.8
 31  01 05      4   38   46.8      8   73   91.8       12  111  138.6

 Monthly Mean            66.3               70.7                137.1

 --------------------------------------------------------------------

 August    1989     (k = 0.60)

 Date Time(UT)      North              South                Total
      h  m      g    f     R       g    f     R         g    f     R
  1    -
  2  01 35      7   41   66.6     11   95  123.0       18  136  189.6
  3  00 00      6   41   60.6     13   93  133.8       19  134  194.4
  4  01 55      8   33   67.8     10  127  136.2       18  160  204.0
  5  03 05     10   48   88.8     10  146  147.6       20  194  236.4
  6    -
  7  00 00      9   33   73.8      8  157  142.2       17  190  216.0
  7  23 20     10   34   80.4      8  167  148.2       18  201  228.6
  8  23 20      7   38   64.8      8  236  189.6       15  274  254.4
 10  00 00      9   38   76.8      8  217  178.2       17  255  255.0
 10  23 45      8   45   75.0      8  182  157.2       16  227  232.2
 12  00 40      7   57   76.2      6  118  106.8       13  175  183.0
 13  00 40     11  114  134.4      7  101  102.6       18  215  237.0
 13  23 50     10   97  118.2      6   82   85.2       16  179  203.4
 15    -
 16  00 35     13  196  195.6      7   26   57.6       20  222  253.2
 16  23 45     14  233  223.8      2   12   19.2       16  245  243.0
 17  23 45     12  277  238.2      4    9   29.4       16  286  267.6
 19  00 15     12  269  233.4      4   12   31.2       16  281  264.6
 20    -
 20  23 50     12  200  192.0      6   32   55.2       18  232  247.2
 21  23 40     12  140  156.0      7   34   62.4       19  174  218.4
 22  23 50      9   57   88.2      7   39   65.4       16   96  153.6
 23  23 40      9   37   76.2      7   34   62.4       16   71  138.6
 25  00 35      5   15   39.0      7   29   59.4       12   44   98.4
 26    -
 27    -
 28  00 05      2    8   16.8      3   30   36.0        5   38   52.8
 28  23 50      4   17   34.2      6   29   53.4       10   46   87.6
 29  23 45      7   17   52.2      5   37   52.2       12   54  104.4
 31  00 00      3   19   29.4      5   63   67.8        8   82   97.2

 Monthly Mean           102.3               92.1                194.4

 --------------------------------------------------------------------

 September 1989     (k = 0.60)

 Date Time(UT)      North              South                Total
      h  m      g    f     R       g    f     R         g    f     R
  1  00 00      6   23   49.8      3  100   78.0        9  123  127.8
  2  00 05      5   17   40.2      3  108   82.8        8  125  123.0
  3    -
  4    -
  5    -
  6  04 15      7  102  103.2      2  129   89.4        9  231  192.6
  6  23 45     13  142  163.2      4  204  146.4       17  346  309.6
  8  03 55      9  179  161.4      2  140   96.0       11  319  257.4
  9  02 15      9  281  222.6      4  145  111.0       13  426  333.6
 10  00 58      9  172  157.2      3   72   61.2       12  244  218.4
 10  23 45     11  328  262.8      3   49   47.4       14  377  310.2
 12  00 55     10  315  249.0      4   51   54.6       14  366  303.6
 12  23 55     11  254  218.4      3   40   42.0       14  294  260.4
 14  00 05     12  215  201.0      3   30   36.0       15  245  237.0
 15  01 15     14  222  217.2      3   29   35.4       17  251  252.6
 16  00 30     11  178  172.8      5   21   42.6       16  199  215.4
 17  00 00      9   93  109.8      2   20   24.0       11  113  133.8
 18  01 20      5   82   79.2      6   38   58.8       11  120  138.0
 19    -
 19  23 50      7   42   67.2      6   78   82.8       13  120  150.0
 21  01 30      4   23   37.8      4   80   72.0        8  103  109.8
 22    -
 23  00 10      3   20   30.0      3   77   64.2        6   97   94.2
 24  02 20      2    8   16.8      4   54   56.4        6   62   73.2
 24  23 50      3    6   21.6      5   65   69.0        8   71   90.6
 25  23 50      1    1    6.6      7   63   79.8        8   64   86.4
 27  01 45      1    1    6.6      6   54   68.4        7   55   75.0
 27  23 45      2    9   17.4      6   56   69.6        8   65   87.0
 29  03 20      6   19   47.4      7   54   74.4       13   73  121.8
 30  04 40      6   37   58.2      5   63   67.8       11  100  126.0


 Monthly Mean           108.7               68.4                177.1

 --------------------------------------------------------------------

 October   1989     (k = 0.60)

 Date Time(UT)      North              South                Total
      h  m      g    f     R       g    f     R         g    f     R
  1  00 25      6   45   63.0      6   81   84.6       12  126  147.6
  2    -
  3    -
  4  06 10     12   60  108.0      8   55   81.0       20  115  189.0
  5  00 10     13   82  127.2     11   79  113.4       24  161  240.6
  6    -
  7    -
  8    -
  9  00 10     12  112  139.2      6   47   64.2       18  159  203.4
 10  00 40     11  111  132.6      5   42   55.2       16  153  187.8
 11    -
 12  04 15      9   64   92.4      4   22   37.2       13   86  129.6
 13  02 00      9   72   97.2      4   23   37.8       13   95  135.0
 13  23 55      8   69   89.4      3   44   44.4       11  113  133.8
 15  01 00      8  101  108.6      8  104  110.4       16  205  219.0
 15  23 55      5   67   70.2      6  102   97.2       11  169  167.4
 17  00 10      6   69   77.4      7   97  100.2       13  166  177.6
 18  00 05      6   33   55.8      7  111  108.6       13  144  164.4
 19    -
 19  23 55      2    7   16.2      8  141  132.6       10  148  148.8
 20  23 55      2    4   14.4      7  116  111.6        9  120  126.0
 22    -
 23  00 20      2   10   18.0      8  113  115.8       10  123  133.8
 23  23 55      2   15   21.0      9  100  114.0       11  115  135.0
 25  05 50      3   22   31.2      6   81   84.6        9  103  115.8
 26  00 05      5   36   51.6      6   58   70.8       11   94  122.4
 26  23 45      5   34   50.4      6   33   55.8       11   67  106.2
 27  23 35      4   32   43.2      9   31   72.6       13   63  115.8
 29  00 10      5   40   54.0      6   20   48.0       11   60  102.0
 29  23 50      8   60   84.0      7   28   58.8       15   88  142.8
 30  23 45      9   59   89.4      8   26   63.6       17   85  153.0

 Monthly Mean            71.1               81.0                152.0

 --------------------------------------------------------------------

 November  1989     (k = 0.60)

 Date Time(UT)      North              South                Total
      h  m      g    f     R       g    f     R         g    f     R
  1  01 40      7   72   85.2      7   33   61.8       14  105  147.0
  2  00 10      9   85  105.0      4   23   37.8       13  108  142.8
  3  00 18     11   93  121.8      5   22   43.2       16  115  165.0
  4  02 00     12  230  210.0      5   47   58.2       17  277  268.2
  5  02 10     11  287  238.2      5   45   57.0       16  332  295.2
  6  00 35     12  237  214.2      5   55   63.0       17  292  277.2
  7    -
  8  03 20     13  240  222.0      3   20   30.0       16  260  252.0
  9    -
 10    -
 10  23 45      8  174  152.4      6   31   54.6       14  205  207.0
 12  02 00      7  173  145.8      2   40   36.0        9  213  181.8
 13    -
 14    -
 15  02 20      6   78   82.8      2   59   47.4        8  137  130.2
 16    -
 17    -
 18  00 20      4   42   49.2      5  135  111.0        9  177  160.2
 19  00 15      5   37   52.2      4   73   67.8        9  110  120.0
 20  00 00      5   47   58.2      3   59   53.4        8  106  111.6
 21  00 10      4   71   66.6      8   82   97.2       12  153  163.8
 22  00 10      6   68   76.8      5   46   57.6       11  114  134.4
 23  00 40      6   76   81.6      6   30   54.0       12  106  135.6
 23  23 55      6  101   96.6      6   32   55.2       12  133  151.8
 24  23 45      8   85   99.0      7   35   63.0       15  120  162.0
 26  00 25      6   63   73.8      5   45   57.0       11  108  130.8
 27    -
 27  23 45      6   70   78.0      7   59   77.4       13  129  155.4
 29  00 00      5   66   69.6      7   72   85.2       12  138  154.8
 30  00 10      8   66   87.6      6   62   73.2       14  128  160.8


 Monthly Mean           112.1               61.0                173.1

 --------------------------------------------------------------------

 December  1989     (k = 0.60)

 Date Time(UT)      North              South                Total
      h  m      g    f     R       g    f     R         g    f     R
  1  00 05      9   71   96.6      7   52   73.2       16  123  169.8
  2  01 54     12   98  130.8      7   57   76.2       19  155  207.0
  3    -
  4  00 15      8   71   90.6      4   42   49.2       12  113  139.8
  5  00 20      8  158  142.8      5   49   59.4       13  207  202.2
  6  00 20      9  139  137.4      6   48   64.8       15  187  202.2
  7    -
  8  02 40      9  175  159.0      6   52   67.2       15  227  226.2
  9  00 00      8   85   99.0      6   28   52.8       14  113  151.8
 10  02 20      7   77   88.2      6   35   57.0       13  112  145.2
 11  00 40      4   55   57.0      4   32   43.2        8   87  100.2
 12  00 25      4   29   41.4      4   17   34.2        8   46   75.6
 13  02 00      7   56   75.6      6   36   57.6       13   92  133.2
 14    -
 15  00 25      6   36   57.6      5   18   40.8       11   54   98.4
 16  01 08      4   25   39.0      5   11   36.6        9   36   75.6
 17  00 52      5   55   63.0      3   27   34.2        8   82   97.2
 18  00 35      6   88   88.8      3   44   44.4        9  132  133.2
 19  02 22      6   66   75.6      3   32   37.2        9   98  112.8
 20  00 45      6   64   74.4      4   31   42.6       10   95  117.0
 21  00 50      7   57   76.2      3   38   40.8       10   95  117.0
 22  02 25      5   60   66.0      7   67   82.2       12  127  148.2
 23  01 20      5   46   57.6     12   88  124.8       17  134  182.4
 24    -
 25    -
 26  03 35      4   62   61.2     10  102  121.2       14  164  182.4
 27  02 00      4   83   73.8     11  178  172.8       15  261  246.6
 28  02 10      6   69   77.4     13  164  176.4       19  233  253.8
 29    -
 30  00 40      5   36   51.6      5   65   69.0       10  101  120.6
 31  00 45      6   74   80.4      6   94   92.4       12  168  172.8

 Monthly Mean            82.4               70.0                152.4

 --------------------------------------------------------------------

