 January   1990     (k = 0.60)

 Date Time(UT)      North              South                Total
      h  m      g    f     R       g    f     R         g    f     R
  1  00 15      6   58   70.8      6   54   68.4       12  112  139.2
  2  00 55      6   71   78.6      7   64   80.4       13  135  159.0
  3  00 15      5   67   70.2      7   59   77.4       12  126  147.6
  4  01 10      8   68   88.8      9   63   91.8       17  131  180.6
  5  01 30      6   89   89.4      8   34   68.4       14  123  157.8
  6  00 40      5   68   70.8      6   34   56.4       11  102  127.2
  7  00 32      5   30   48.0      5   22   43.2       10   52   91.2
  8  00 50      5   37   52.2      7   82   91.2       12  119  143.4
  9  03 20      5   18   40.8      8   74   92.4       13   92  133.2
 10    -
 11  00 30      2   15   21.0      8  102  109.2       10  117  130.2
 12  04 30      3   13   25.8     10  103  121.8       13  116  147.6
 13  03 00      5   24   44.4     10   93  115.8       15  117  160.2
 14  05 40      5   43   55.8      8   43   73.8       13   86  129.6
 15  00 30      4   43   49.8      6   18   46.8       10   61   96.6
 16    -
 17  01 50      5   97   88.2      7   25   57.0       12  122  145.2
 18  01 15      6   51   66.6      9   34   74.4       15   85  141.0
 19    -
 20    -
 21  01 23      7   33   61.8     10   64   98.4       17   97  160.2
 22  00 30      6   68   76.8      9  216  183.6       15  284  260.4
 23    -
 24  00 45      6   43   61.8     12  176  177.6       18  219  239.4
 25  00 55      6   17   46.2     14  159  179.4       20  176  225.6
 26  00 45      5   43   55.8     10  177  166.2       15  220  222.0
 27  00 15      8   60   84.0     13  150  168.0       21  210  252.0
 28  00 45      7   60   78.0      4   92   79.2       11  152  157.2
 29    -
 30  01 10      9   86  105.6      5   79   77.4       14  165  183.0
 31    -

 Monthly Mean            63.8               99.9                163.7

 --------------------------------------------------------------------

 February  1990     (k = 0.60)

 Date Time(UT)      North              South                Total
      h  m      g    f     R       g    f     R         g    f     R
  1    -
  2  01 35      8  112  115.2      8   64   86.4       16  176  201.6
  3  01 30      6   76   81.6      8   27   64.2       14  103  145.8
  4    -
  5  05 45      7  108  106.8      4   19   35.4       11  127  142.2
  6  01 45      3   51   48.6      4   24   38.4        7   75   87.0
  7    -
  8  00 55      6   32   55.2      3   31   36.6        9   63   91.8
  9  05 00      7   21   54.6      4   26   39.6       11   47   94.2
  9  23 45      5   27   46.2      3   17   28.2        8   44   74.4
 11    -
 12  01 25      4   38   46.8      4   11   30.6        8   49   77.4
 13  00 50      5   54   62.4      2    6   15.6        7   60   78.0
 14    -
 15    -
 16    -
 17  01 00      3   21   30.6      4   15   33.0        7   36   63.6
 18  00 50      2   12   19.2      4    9   29.4        6   21   48.6
 19    -
 20    -
 21  01 00      6   51   66.6      7   71   84.6       13  122  151.2
 22  00 35      6   58   70.8     10  120  132.0       16  178  202.8
 23    -
 24  04 20      6  144  122.4     12  228  208.8       18  372  331.2
 25    -
 26    -
 27    -
 28  00 50      3   67   58.2      7   52   73.2       10  119  131.4




 Monthly Mean            65.7               62.4                128.1

 --------------------------------------------------------------------

 March     1990     (k = 0.60)

 Date Time(UT)      North              South                Total
      h  m      g    f     R       g    f     R         g    f     R
  1    -
  2    -
  3    -
  4  02 55      3   59   53.4      5   63   67.8        8  122  121.2
  5    -
  6  05 00      4   39   47.4      5   87   82.2        9  126  129.6
  7  01 10      3   37   40.2      3   95   75.0        6  132  115.2
  8  01 15      3   31   36.6      2   70   54.0        5  101   90.6
  9  01 25      3   24   32.4      2   46   39.6        5   70   72.0
 10  00 45      4   27   40.2      3   53   49.8        7   80   90.0
 11  00 55      4   26   39.6      4   20   36.0        8   46   75.6
 12  03 25      5   30   48.0      2    7   16.2        7   37   64.2
 13  01 05      5   42   55.2      1    8   10.8        6   50   66.0
 14  00 50      5   54   62.4      3   10   24.0        8   64   86.4
 15  03 40      6   42   61.2      5   22   43.2       11   64  104.4
 16  01 10      6   74   80.4      3   24   32.4        9   98  112.8
 17  00 50      5   66   69.6      3   37   40.2        8  103  109.8
 18  01 30      6   50   66.0      5   30   48.0       11   80  114.0
 19  01 50      8   76   93.6     11   98  124.8       19  174  218.4
 20  01 05      5   46   57.6     12  148  160.8       17  194  218.4
 21  00 45      7   34   62.4     11   91  120.6       18  125  183.0
 22  01 30      7   53   73.8     10  251  210.6       17  304  284.4
 23  01 35      6   39   59.4     15  306  273.6       21  345  333.0
 24  00 40      9   47   82.2     13  377  304.2       22  424  386.4
 25  00 25      5   18   40.8      6  124  110.4       11  142  151.2
 26  00 45      8   27   64.2     10  194  176.4       18  221  240.6
 27  00 10      6   17   46.2     10  182  169.2       16  199  215.4
 28  00 20      7   22   55.2      6  113  103.8       13  135  159.0
 29    -
 30  00 40      4   17   34.2      9   63   91.8       13   80  126.0
 31    -

 Monthly Mean            56.1               98.6                154.7

 --------------------------------------------------------------------

 April     1990     (k = 0.60)

 Date Time(UT)      North              South                Total
      h  m      g    f     R       g    f     R         g    f     R
  1  00 00      3   30   36.0      5   34   50.4        8   64   86.4
  2  04 10      4   47   52.2      6   45   63.0       10   92  115.2
  3  00 55      4   59   59.4      8   40   72.0       12   99  131.4
  4    -
  5  00 55      5   69   71.4      7   23   55.8       12   92  127.2
  6  00 50      5   73   73.8      6   30   54.0       11  103  127.8
  7  00 00      5   63   67.8      5   30   48.0       10   93  115.8
  8    -
  9  00 45      5   57   64.2      2   21   24.6        7   78   88.8
 10  00 50      7   33   61.8      3   22   31.2       10   55   93.0
 11  00 40      7   37   64.2      2   18   22.8        9   55   87.0
 12  00 10      3   29   35.4      5   35   51.0        8   64   86.4
 13    -
 14    -
 15    -
 16    -
 17    -
 18  03 20      9   65   93.0      9  160  150.0       18  225  243.0
 19  00 45      9   64   92.4      8  176  153.6       17  240  246.0
 20    -
 21    -
 22    -
 23  00 10     12  149  161.4     11  123  139.8       23  272  301.2
 24  03 25     12  117  142.2     10  105  123.0       22  222  265.2
 25  00 10     12   96  129.6      9   57   88.2       21  153  217.8
 26  05 30      9   71   96.6      6   45   63.0       15  116  159.6
 27  00 20     10   76  105.6     10  117  130.2       20  193  235.8
 28  00 20      9  110  120.0      8  124  122.4       17  234  242.4
 29  03 24      4   22   37.2      2   19   23.4        6   41   60.6
 30  00 03      6   20   48.0      5   28   46.8       11   48   94.8


 Monthly Mean            80.6               75.7                156.3

 --------------------------------------------------------------------

 May       1990     (k = 0.60)

 Date Time(UT)      North              South                Total
      h  m      g    f     R       g    f     R         g    f     R
  1  00 30      3   12   25.2      5   20   42.0        8   32   67.2
  2    -
  3    -
  4    -
  5    -
  6  01 05      3   26   33.6      4   36   45.6        7   62   79.2
  7    -
  8  03 20      4   61   60.6      7   66   81.6       11  127  142.2
  9  00 45      4   62   61.2      6   77   82.2       10  139  143.4
 10  00 45      5   65   69.0      4   74   68.4        9  139  137.4
 11  03 55      6   55   69.0      4   50   54.0       10  105  123.0
 12    -
 13    -
 14    -
 15  01 20     10   94  116.4      5   53   61.8       15  147  178.2
 16  00 45      9   82  103.2      3   85   69.0       12  167  172.2
 17  00 45      8   53   79.8      5  100   90.0       13  153  169.8
 18  03 00      7   64   80.4      6  101   96.6       13  165  177.0
 19    -
 20  03 00      9   69   95.4      7  153  133.8       16  222  229.2
 21    -
 22  01 00      8  103  109.8      6  167  136.2       14  270  246.0
 23    -
 24  00 45      5   75   75.0      4  120   96.0        9  195  171.0
 25  00 05      9   68   94.8      3   65   57.0       12  133  151.8
 25  23 50      6   48   64.8      5   59   65.4       11  107  130.2
 27  00 40      7   44   68.4      4   42   49.2       11   86  117.6
 28  01 15      7   88   94.8      5   80   78.0       12  168  172.8
 29  01 15      5   71   72.6      7   59   77.4       12  130  150.0
 30  01 15      4   60   60.0      5   41   54.6        9  101  114.6
 31  05 30      5   61   66.6      4   58   58.8        9  119  125.4

 Monthly Mean            75.0               74.9                149.9

 --------------------------------------------------------------------

 June      1990     (k = 0.60)

 Date Time(UT)      North              South                Total
      h  m      g    f     R       g    f     R         g    f     R
  1  01 10      7   71   84.6      3   46   45.6       10  117  130.2
  2    -
  3  01 05      4   31   42.6      3   36   39.6        7   67   82.2
  4    -
  5    -
  6  00 35      7   35   63.0      3   33   37.8       10   68  100.8
  7  01 10      5   44   56.4      6   53   67.8       11   97  124.2
  8  02 35      7   49   71.4      7   24   56.4       14   73  127.8
  9    -
 10    -
 11  06 25      8  133  127.8      5   21   42.6       13  154  170.4
 12  02 05      8  203  169.8      8   30   66.0       16  233  235.8
 13    -
 14  04 20      8  111  114.6      6   55   69.0       14  166  183.6
 15    -
 16  06 15      7   57   76.2      8   93  103.8       15  150  180.0
 17  00 38      3   25   33.0      6   38   58.8        9   63   91.8
 18  00 35      3   51   48.6      3   36   39.6        6   87   88.2
 19  00 25      4   28   40.8      5   26   45.6        9   54   86.4
 20    -
 21  01 00      1   14   14.4      8   27   64.2        9   41   78.6
 22  00 00      4   12   31.2      4   26   39.6        8   38   70.8
 23  00 15      3    9   23.4      5   36   51.6        8   45   75.0
 24  01 05      2    3   13.8      4   43   49.8        6   46   63.6
 25    -
 26    -
 27    -
 28    -
 29    -
 29  23 45      6   87   88.2      6  163  133.8       12  250  222.0


 Monthly Mean            64.7               59.5                124.2

 --------------------------------------------------------------------

 July      1990     (k = 0.60)

 Date Time(UT)      North              South                Total
      h  m      g    f     R       g    f     R         g    f     R
  1    -
  2  01 20      7  100  102.0      8  205  171.0       15  305  273.0
  3    -
  4    -
  5  01 05      4  125   99.0      6  161  132.6       10  286  231.6
  6  02 35      5  116   99.6      8  128  124.8       13  244  224.4
  7    -
  8    -
  9    -
 10    -
 11  00 15      5   39   53.4      6   21   48.6       11   60  102.0
 12    -
 13  06 25      5   60   66.0      5   32   49.2       10   92  115.2
 14  01 55      5   68   70.8      4   25   39.0        9   93  109.8
 15  02 50      7   48   70.8      3   19   29.4       10   67  100.2
 16  01 20      5   55   63.0      3   17   28.2        8   72   91.2
 17  01 25      6   42   61.2      6   15   45.0       12   57  106.2
 18  01 15      5   25   45.0      5   28   46.8       10   53   91.8
 19  01 20      4   18   34.8      2   45   39.0        6   63   73.8
 20  02 05      4   43   49.8      1   53   37.8        5   96   87.6
 21  00 50      6   51   66.6      2   37   34.2        8   88  100.8
 22  00 32      6   75   81.0      6   52   67.2       12  127  148.2
 23  00 25      8  118  118.8      6   31   54.6       14  149  173.4
 24  00 30      7  156  135.6      9   40   78.0       16  196  213.6
 25  00 00      5  137  112.2     11   60  102.0       16  197  214.2
 26  00 10      7  121  114.6      8   52   79.2       15  173  193.8
 27  00 15      7   96   99.6     10   78  106.8       17  174  206.4
 27  23 40      7   51   72.6     10  100  120.0       17  151  192.6
 29  02 05      7   42   67.2      7   66   81.6       14  108  148.8
 30  01 25      6   31   54.6     10   88  112.8       16  119  167.4
 31  00 45      7   39   65.4      8   67   88.2       15  106  153.6

 Monthly Mean            78.4               74.6                153.0

 --------------------------------------------------------------------

 August    1990     (k = 0.60)

 Date Time(UT)      North              South                Total
      h  m      g    f     R       g    f     R         g    f     R
  1  05 25      8   63   85.8      9  102  115.2       17  165  201.0
  2  01 12     12  108  136.8      7   94   98.4       19  202  235.2
  3  01 15      8   78   94.8      5   43   55.8       13  121  150.6
  4  05 07      8   70   90.0      8   38   70.8       16  108  160.8
  5  05 05      5   29   47.4      5   37   52.2       10   66   99.6
  6  01 30      6   76   81.6      5   53   61.8       11  129  143.4
  7  00 20      6   77   82.2      6   52   67.2       12  129  149.4
  8  00 10      9  115  123.0      5   63   67.8       14  178  190.8
  9    -
 10    -
 11  01 15      7   68   82.8      9   55   87.0       16  123  169.8
 12  00 24      7   55   75.0      7   21   54.6       14   76  129.6
 13  00 10     10  127  136.2     10   55   93.0       20  182  229.2
 14  00 10     10  210  186.0      8   71   90.6       18  281  276.6
 15  00 20     11  194  182.4     10   82  109.2       21  276  291.6
 16  00 10     11  256  219.6      7   93   97.8       18  349  317.4
 17  00 15     12  201  192.6      8  121  120.6       20  322  313.2
 18  00 10     13  116  147.6      7   55   75.0       20  171  222.6
 19  02 00     10  108  124.8      9   86  105.6       19  194  230.4
 20  01 20     10  118  130.8      9  140  138.0       19  258  268.8
 21  01 10     10   87  112.2     11  178  172.8       21  265  285.0
 22  01 40      8   60   84.0      9  194  170.4       17  254  254.4
 23  00 40      6   27   52.2      9  183  163.8       15  210  216.0
 24  01 00      9   53   85.8     10  227  196.2       19  280  282.0
 25  01 50      6   31   54.6      8  191  162.6       14  222  217.2
 26  00 40      7   41   66.6      7  143  127.8       14  184  194.4
 27  01 00      5   63   67.8      6  148  124.8       11  211  192.6
 28  00 20      5   72   73.2      7  122  115.2       12  194  188.4
 29  02 00      6   97   94.2      7   99  101.4       13  196  195.6
 30  00 30      7  100  102.0     10  106  123.6       17  206  225.6
 31  00 15      6   77   82.2      9   57   88.2       15  134  170.4

 Monthly Mean           106.7              107.2                213.9

 --------------------------------------------------------------------

 September 1990     (k = 0.60)

 Date Time(UT)      North              South                Total
      h  m      g    f     R       g    f     R         g    f     R
  1  00 10      4   55   57.0      7   37   64.2       11   92  121.2
  2  03 13      5   51   60.6      6   43   61.8       11   94  122.4
  3  01 15      6   58   70.8      4   69   65.4       10  127  136.2
  4  00 50      7   51   72.6      6   50   66.0       13  101  138.6
  5    -
  6  01 40      6   32   55.2      4   45   51.0       10   77  106.2
  7    -
  8  00 08      7   23   55.8      3   22   31.2       10   45   87.0
  9  03 20      7   24   56.4      3    8   22.8       10   32   79.2
 10  00 40      8   30   66.0      4   13   31.8       12   43   97.8
 11  00 40      7   27   58.2      4   19   35.4       11   46   93.6
 12  00 20      8   33   67.8      6   24   50.4       14   57  118.2
 13    -
 14    -
 15    -
 16    -
 17    -
 18  00 00      8   29   65.4     10   84  110.4       18  113  175.8
 19  00 10      6   46   63.6      9  122  127.2       15  168  190.8
 20  03 25      9   36   75.6      9   88  106.8       18  124  182.4
 21  00 15      9   49   83.4      8  135  129.0       17  184  212.4
 22  00 00      9   53   85.8      8   91  102.6       17  144  188.4
 23  00 42      4   23   37.8      6   39   59.4       10   62   97.2
 24  00 10      3   30   36.0      5   58   64.8        8   88  100.8
 25  00 40      3   75   63.0      5   59   65.4        8  134  128.4
 26    -
 27    -
 28  02 18      5   53   61.8      7   90   96.0       12  143  157.8
 29    -
 30    -


 Monthly Mean            62.8               70.6                133.4

 --------------------------------------------------------------------

 October   1990     (k = 0.60)

 Date Time(UT)      North              South                Total
      h  m      g    f     R       g    f     R         g    f     R
  1  00 10      3   15   27.0      6  154  128.4        9  169  155.4
  2  05 40      3   13   25.8      5  110   96.0        8  123  121.8
  3  00 10      7   29   59.4      8  129  125.4       15  158  184.8
  4  01 10      8   71   90.6      6  108  100.8       14  179  191.4
  5  00 15      7  113  109.8      7   86   93.6       14  199  203.4
  6  03 40      2   63   49.8      5  104   92.4        7  167  142.2
  7    -
  8    -
  9    -
 10  04 50      5   47   58.2      7   68   82.8       12  115  141.0
 11  01 30      9  118  124.8     12  180  180.0       21  298  304.8
 12    -
 13    -
 14  00 50      6  150  126.0     17  152  193.2       23  302  319.2
 15    -
 16  00 30      6  182  145.2     17  183  211.8       23  365  357.0
 17  02 30      6  136  117.6      7  163  139.8       13  299  257.4
 18  00 30     10   86  111.6      8  168  148.8       18  254  260.4
 19  00 15     10   69  101.4      9  165  153.0       19  234  254.4
 20  00 52     10   92  115.2     13  124  152.4       23  216  267.6
 21  01 00     11   96  123.6     14   91  138.6       25  187  262.2
 22  00 10      9  103  115.8      6   55   69.0       15  158  184.8
 23  00 30      8  108  112.8      8   30   66.0       16  138  178.8
 24    -
 25  00 25      8   77   94.2      3   55   51.0       11  132  145.2
 26  01 45      5   81   78.6      5   39   53.4       10  120  132.0
 26  23 50      7   51   72.6      4   63   61.8       11  114  134.4
 28  03 00      5   70   72.0      3   56   51.6        8  126  123.6
 29  01 27      5   52   61.2      4  106   87.6        9  158  148.8
 30    -
 31  01 10      2   30   30.0      4  109   89.4        6  139  119.4

 Monthly Mean            88.0              111.6                199.6

 --------------------------------------------------------------------

 November  1990     (k = 0.60)

 Date Time(UT)      North              South                Total
      h  m      g    f     R       g    f     R         g    f     R
  1  00 47      2   20   24.0      6   83   85.8        8  103  109.8
  2  01 12      2   22   25.2      4  106   87.6        6  128  112.8
  3  00 55      2    7   16.2      6   49   65.4        8   56   81.6
  4    -
  5  00 20      5   57   64.2      8  150  138.0       13  207  202.2
  6  00 10      8   87  100.2     12  146  159.6       20  233  259.8
  7  00 25      8  144  134.4     12  184  182.4       20  328  316.8
  8  00 15      7  127  118.2     11  143  151.8       18  270  270.0
  9    -
 10  00 50      5  143  115.8      4   83   73.8        9  226  189.6
 11  01 00      8  107  112.2     14   74  128.4       22  181  240.6
 12  01 05      7  164  140.4      9  102  115.2       16  266  255.6
 13  01 00      9   80  102.0      6   72   79.2       15  152  181.2
 14  00 30      4   94   80.4      8   70   90.0       12  164  170.4
 15  00 30      4   88   76.8      3   59   53.4        7  147  130.2
 16  03 40      4   94   80.4      2   47   40.2        6  141  120.6
 17  02 40      5   62   67.2      3   15   27.0        8   77   94.2
 18  03 30      3  123   91.8      3   13   25.8        6  136  117.6
 19    -
 20    -
 21    -
 22  00 50      2  148  100.8      4   41   48.6        6  189  149.4
 23  01 00      1   68   46.8      4   42   49.2        5  110   96.0
 24  02 15      1   48   34.8      5   40   54.0        6   88   88.8
 25  01 50      1   42   31.2      5   55   63.0        6   97   94.2
 26  03 10      2   43   37.8      6  126  111.6        8  169  149.4
 26  23 55      4   30   42.0      5  106   93.6        9  136  135.6
 28    -
 29    -
 30    -


 Monthly Mean            74.7               87.4                162.1

 --------------------------------------------------------------------

 December  1990     (k = 0.60)

 Date Time(UT)      North              South                Total
      h  m      g    f     R       g    f     R         g    f     R
  1  00 30      4   31   42.6      9   55   87.0       13   86  129.6
  2  00 33      6   24   50.4      8   18   58.8       14   42  109.2
  3  00 30      8   68   88.8     10   38   82.8       18  106  171.6
  4  00 30      7   83   91.8     12   50  102.0       19  133  193.8
  5  00 30      7   69   83.4     11   49   95.4       18  118  178.8
  6  00 50      7  109  107.4     10   43   85.8       17  152  193.2
  7  00 50      8  114  116.4     10   81  108.6       18  195  225.0
  8  00 50      8  183  157.8      8  107  112.2       16  290  270.0
  9    -
 10  01 30     10  160  156.0      7  112  109.2       17  272  265.2
 11    -
 12  01 55      8  147  136.2      4   21   36.6       12  168  172.8
 13  01 25      8  126  123.6      4   12   31.2       12  138  154.8
 14  02 00      5   95   87.0      3    6   21.6        8  101  108.6
 15  01 20      3   67   58.2      0    0    0.0        3   67   58.2
 16  04 00      3  111   84.6      1    3    7.8        4  114   92.4
 17  00 50      4  142  109.2      1   29   23.4        5  171  132.6
 18  00 40      4  196  141.6      1   23   19.8        5  219  161.4
 19  00 40      5  183  139.8      1   28   22.8        6  211  162.6
 20  01 30      6  149  125.4      2   27   28.2        8  176  153.6
 21    -
 22  03 25      3   78   64.8      3   45   45.0        6  123  109.8
 23  00 30      4   35   45.0      7   38   64.8       11   73  109.8
 24  02 00      2   35   33.0      5  114   98.4        7  149  131.4
 25  00 40      2   21   24.6      8   94  104.4       10  115  129.0
 26  04 20      2   18   22.8      6   99   95.4        8  117  118.2
 27  00 40      2   10   18.0      7   91   96.6        9  101  114.6
 28  00 25      3    5   21.0      7  124  116.4       10  129  137.4
 29  01 30      3    5   21.0      6   94   92.4        9   99  113.4
 30  00 35      2    4   14.4      8   85   99.0       10   89  113.4
 31  01 33      1    4    8.4      7   60   78.0        8   64   86.4

 Monthly Mean            77.6               68.7                146.3

 --------------------------------------------------------------------

