 January    2005        (k=1.00)

 Date Time(UT)   North        South         Total
      h  m    g   f    R    g   f    R    g   f    R
  1  01 11    1   8   18    1   3   13    2  11   31
  2  01 07    2  11   31    1   1   11    3  12   42
  3  01 43    1   4   14    1   2   12    2   6   26
  4  00 48    1   5   15    1   1   11    2   6   26
  5  01 05    1   3   13    0   0    0    1   3   13
  6    -
  7  02 46    0   0    0    0   0    0    0   0    0
  8  01 43    0   0    0    1   1   11    1   1   11
  9  01 34    0   0    0    1   1   11    1   1   11
 10  00 45    0   0    0    2   4   24    2   4   24
 11  00 50    1   1   11    2   4   24    3   5   35
 12  00 54    1   3   13    2   8   28    3  11   41
 13  00 18    1   4   14    2   7   27    3  11   41
 14  04 33    1   5   15    2  13   33    3  18   48
 15    -
 16    -
 17  02 51    1  21   31    3   7   37    4  28   68
 18  00 27    2  26   46    3   6   36    5  32   82
 19  04 42    2   2   22    2  15   35    4  17   57
 20  02 08    2  13   33    2   3   23    4  16   56
 21  00 13    2   8   28    2   6   26    4  14   54
 22  01 00    2   5   25    2   7   27    4  12   52
 23    -
 24  04 14    1   2   12    3   3   33    4   5   45
 25  02 19    1   2   12    3   5   35    4   7   47
 26    -
 27    -
 28  00 14    1   1   11    1   3   13    2   4   24
 29    -
 30  01 05    0   0    0    2   4   24    2   4   24
 31  01 59    0   0    0    3   9   39    3   9   39

Monthly Mean       15.17         22.21         37.38

----------------------------------------------------
 
 February    2005        (k=1.00)

 Date Time(UT)   North        South         Total
      h  m    g   f    R    g   f    R    g   f    R
  1  02 36    0   0    0    2   8   28    2   8   28
  2  01 14    0   0    0    2   3   23    2   3   23
  3  00 11    0   0    0    1   2   12    1   2   12
  4  00 13    0   0    0    1   2   12    1   2   12
  5  01 21    0   0    0    2   2   22    2   2   22
  6  01 57    0   0    0    3   4   34    3   4   34
  7    -
  8    -
  9  04 56    1   5   15    2   7   27    3  12   42
 10  02 22    2   3   23    4   5   45    6   8   68
 11  03 47    0   0    0    5   8   58    5   8   58
 12  01 12    2   4   24    4  11   51    6  15   75
 13    -
 14  00 10    1   2   12    4  17   57    5  19   69
 15  04 36    0   0    0    3  16   46    3  16   46
 16    -
 17  02 40    0   0    0    3  10   40    3  10   40
 18    -
 19    -
 20    -
 21  03 50    1   3   13    1   2   12    2   5   25
 22  01 15    1   3   13    1   1   11    2   4   24
 23  03 20    0   0    0    1   1   11    1   1   11
 24    -
 25    -
 26    -
 27  02 31    0   0    0    0   0    0    0   0    0
 28  02 26    0   0    0    1   1   11    1   1   11




Monthly Mean        5.56         27.78         33.33

----------------------------------------------------
 
 March    2005        (k=1.00)

 Date Time(UT)   North        South         Total
      h  m    g   f    R    g   f    R    g   f    R
  1    -
  2  01 41    0   0    0    1   1   11    1   1   11
  3    -
  4    -
  5  02 54    1   1   11    0   0    0    1   1   11
  6    -
  7  00 13    1   1   11    0   0    0    1   1   11
  8  02 40    1   3   13    2   3   23    3   6   36
  9  02 01    1   9   19    1   8   18    2  17   37
 10    -
 11    -
 12    -
 13  01 24    1   1   11    2  14   34    3  15   45
 14  00 46    1   2   12    2  11   31    3  13   43
 15  00 33    1   2   12    2   8   28    3  10   40
 16  04 36    0   0    0    2  10   30    2  10   30
 17    - 
 18  04 52    0   0    0    2   6   26    2   6   26
 19  01 12    0   0    0    1   6   16    1   6   16
 20    -
 21  00 33    0   0    0    2   7   27    2   7   27
 22    -
 23    -
 24    -
 25  00 15    2  13   33    2   6   26    4  19   59
 26  01 09    1   4   14    1   3   13    2   7   27
 27  01 07    1   2   12    1   2   12    2   4   24
 28    -
 29    -
 30  02 06    0   0    0    0   0    0    0   0    0
 31  01 53    1   1   11    1   1   11    2   2   22

Monthly Mean        9.35         18.00         27.35

----------------------------------------------------

 April     2005        (k=1.00)

 Date Time(UT)   North        South         Total
      h  m    g   f    R    g   f    R    g   f    R
  1  01 01    1   1   11    0   0    0    1   1   11
  2    -
  3  01 04    1   1   11    1   2   12    2   3   23
  4    -
  5  02 40    1   1   11    2   9   29    3  10   40
  6  02 13    1   2   12    3   7   37    4   9   49
  7  03 34    0   0    0    3   7   37    3   7   37
  8  05 02    0   0    0    2   5   25    2   5   25
  9  01 15    0   0    0    3   6   36    3   6   36
 10    -
 11    -
 12    -
 13    -
 14  00 51    2   7   27    1   2   12    3   9   39
 15  03 43    2   8   28    2   5   25    4  13   53
 16    -
 17  03 07    1   4   14    1   2   12    2   6   26
 18    -
 19  00 42    1   6   16    2   4   24    3  10   40
 20	   -
 21  02 10    1   2   12    2   2   22    3   4   34
 22  02 38    1   1   11    1   1   11    2   2   22
 23  01 10    1   1   11    0   0    0    1   1   11
 24  01 39    0   0    0    0   0    0    0   0    0
 25  04 55    0   0    0    1   2   12    1   2   12
 26  02 24    0   0    0    1   1   11    1   1   11
 27  00 42    1   1   11    1   2   12    2   3   23
 28  00 17    0   0    0    2   7   27    2   7   27
 29  01 19    0   0    0    2   7   27    2   7   27
 30  02 48    1   1   11    3   9   39    4  10   50


Monthly Mean        8.86         19.52         28.38

----------------------------------------------------

 May       2005        (k=1.00)

 Date Time(UT)   North        South         Total
      h  m    g   f    R    g   f    R    g   f    R
  1    -
  2  00 26    0   0    0    2   8   28    2   8   28
  3  02 21    0   0    0    3  14   44    3  14   44
  4  01 11    0   0    0    3  12   42    3  12   42
  5  00 11    0   0    0    2  11   31    2  11   31
  6    -
  7  06 30    0   0    0    2   9   29    2   9   29
  8    -
  9  00 20    1   1   11    2  20   40    3  21   51
 10  03 38    2   4   24    4  23   63    6  27   87
 11    -
 12    -
 13    -
 14    -
 15  05 42    1   6   16    2   7   27    3  13   43
 16  01 13    1   4   14    2  14   34    3  18   48
 17  00 53    1   5   15    1  12   22    2  17   37
 18  01 17    1   2   12    1   7   17    2   9   29
 19  02 10    1   2   12    0   0    0    1   2   12
 20    -
 21  01 13    1   1   11    0   0    0    1   1   11
 22    -
 23  01 09    1   2   12    1   2   12    2   4   24
 24    -
 25  00 34    1   3   13    1   7   17    2  10   30
 26  03 15    1   5   15    2  15   35    3  20   50
 27  00 52    1   1   11    2  15   35    3  16   46
 28  05 51    0   0    0    1   9   19    1   9   19
 29  00 09    0   0    0    2   7   27    2   7   27
 30    -
 31    -

Monthly Mean        8.74         27.47         36.21

---------------------------------------------------- 
 
 June     2005        (k=1.00)

 Date Time(UT)   North        South         Total
      h  m    g   f    R    g   f    R    g   f    R
  1    -
  2    -
  3    -
  4    -
  5  02 03    2   2   22    2  13   33    4  15   55
  6  00 45    2  10   30    3  14   44    5  24   74
  7    -
  8    -
  9    -
 10    -
 11    -
 12    -
 13  03 20    1   6   16    1   8   18    2  14   34
 14  06 19    1   1   11    1   2   12    2   3   23
 15    -
 16    -
 17    -
 18  03 00    0   0    0    2  14   34    2  14   34
 19    -
 20    -
 21  03 00    0   0    0    2  18   38    2  18   38
 22    -
 23    -
 24  01 02    0   0    0    0   0    0    0   0    0
 24  23 33    0   0    0    0   0    0    0   0    0
 26    -
 27    -
 28    -
 29    -
 30    -


Monthly Mean        9.88         22.38         32.25

----------------------------------------------------
 
July     2005        (k=1.00)

 Date Time(UT)   North        South         Total
      h  m    g   f    R    g   f    R    g   f    R
  1    -
  2    -
  3    -
  4    -
  5  02 35    3  14   44    4  25   65    7  39  109
  6    -
  7  01 55    3  18   48    2  18   38    5  36   86
  8    -
  9    -
 10  05 37    2  11   31    1   1   11    3  12   42
 11  00 49    2  15   35    1   2   12    3  17   47
 12    -
 13    -
 14    -
 15  06 02    1   1   11    1   6   16    2   7   27
 16    -
 17    -
 18  00 14    0   0    0    0   0    0    0   0    0
 19  05 02    0   0    0    0   0    0    0   0    0
 20  06 04    0   0    0    0   0    0    0   0    0
 21  04 03    0   0    0    0   0    0    0   0    0
 22    -
 23    -
 24    -
 25    -
 26    -
 27  05 27    1   6   16    0   0    0    1   6   16
 28  04 49    1   2   12    0   0    0    1   2   12
 29  02 14    3  11   41    0   0    0    3  11   41
 30    -
 31  05 43    4  25   65    2   2   22    6  27   87

Monthly Mean       23.31         12.62         35.92

----------------------------------------------------

 August     2005        (k=1.00)

 Date Time(UT)   North        South         Total
      h  m    g   f    R    g   f    R    g   f    R
  1  01 12    4  21   61    1   1   11    5  22   72
  2    -
  3  04 58    2  12   32    1   2   12    3  14   44
  4  01 00    2   6   26    1   4   14    3  10   40
  5  01 02    2   3   23    1   4   14    3   7   37
  6  01 55    2   3   23    1   5   15    3   8   38
  7  02 21    2   8   28    1   4   14    3  12   42
  8  00 32    2   4   24    2   6   26    4  10   50
  9  05 56    2   2   22    1   4   14    3   6   36
 10    -
 11  02 33    1   1   11    1   1   11    2   2   22
 12    -
 13    -
 14  04 01    0   0    0    2  12   32    2  12   32
 15  00 32    0   0    0    2  10   30    2  10   30
 16    -
 17  02 36    0   0    0    2  14   34    2  14   34
 18  04 54    0   0    0    2   3   23    2   3   23
 19  02 40    1   2   12    2  11   31    3  13   43
 20  00 21    1   5   15    2  11   31    3  16   46
 20  23 32    1   8   18    2   8   28    3  16   46
 22  06 07    1   7   17    1   3   13    2  10   30
 23  00 25    1  17   27    1   2   12    2  19   39
 24    -
 25    -
 26  04 31    3   6   36    0   0    0    3   6   36
 27    -
 28    -
 29  02 15    4  10   50    1   3   13    5  13   63
 30  01 10    2   6   26    2   6   26    4  12   52
 31    -

Monthly Mean       21.48         19.24         40.71

----------------------------------------------------
 
 September     2005        (k=1.00)

 Date Time(UT)   North        South         Total
      h  m    g   f    R    g   f    R    g   f    R
  1  01 32    0   0    0    2   3   23    2   3   23
  2  00 38    0   0    0    1   3   13    1   3   13
  3  01 04    0   0    0    1   3   13    1   3   13
  4    -
  5    -
  6    -
  7    -
  8  04 51    1   1   11    1   2   12    2   3   23
  9    -
 10  00 58    1   1   11    2  15   35    3  16   46
 11  00 53    1   1   11    1  11   21    2  12   32
 12  02 44    0   0    0    1  31   41    1  31   41
 13  01 38    0   0    0    1  45   55    1  45   55
 14  03 47    0   0    0    1  25   35    1  25   35
 15  00 14    0   0    0    1  35   45    1  35   45
 16  05 52    0   0    0    1  15   25    1  15   25
 17  00 14    0   0    0    1  18   28    1  18   28
 18  00 38    2   3   23    1  12   22    3  15   45
 19  00 16    1   4   14    1   1   11    2   5   25
 20   -
 21   -
 22   -
 23  04 57    1   4   14    0   0    0    1   4   14
 24   -
 25   -
 26  05 18    2   4   24    2   2   22    4   6   46
 27   -
 28   -
 29  00 24    1   1   11    1   1   11    2   2   22
 30  01 13    0   0    0    1   1   11    1   1   11


Monthly Mean        6.61         23.50         30.11

----------------------------------------------------

 October     2005        (k=1.00)

 Date Time(UT)   North        South         Total
      h  m    g   f    R    g   f    R    g   f    R
  1  01 17    1   2   12    0   0    0    1   2   12
  2  01 07    0   0    0    0   0    0    0   0    0
  3    -
  4    -
  5    -
  6    -
  7    -
  8    -
  9    -
 10    -
 11    -
 12  02 19    0   0    0    0   0    0    0   0    0
 13  01 05    0   0    0    1   1   11    1   1   11
 14  00 02    0   0    0    0   0    0    0   0    0
 15    -
 16    -
 17    -
 18    -
 19    -
 20  00 15    1   2   12    0   0    0    1   2   12
 21  04 54    1   1   11    0   0    0    1   1   11
 22    -
 23  00 18    0   0    0    0   0    0    0   0    0
 24  00 00    0   0    0    0   0    0    0   0    0
 25  02 12    0   0    0    0   0    0    0   0    0
 26    -
 27  04 44    0   0    0    0   0    0    0   0    0
 28  02 12    0   0    0    0   0    0    0   0    0
 29    -
 30    -
 31  04 18    0   0    0    1   2   12    1   2   12

Monthly Mean        2.69          1.77          4.46

----------------------------------------------------

 November     2005        (k=1.00)

 Date Time(UT)   North        South         Total
      h  m    g   f    R    g   f    R    g   f    R

  1  02 28    0   0    0    2   9   29    2   9   29
  2  00 46    0   0    0    2  12   32    2  12   32
  3    -
  4  02 32    0   0    0    1   1   11    1   1   11
  5  00 45    0   0    0    1   3   13    1   3   13
  6    -
  7  00 25    1   1   11    2   7   27    3   8   38
  8  00 42    0   0    0    2   3   23    2   3   23
  9  02 45    0   0    0    0   0    0    0   0    0
 10  01 44    0   0    0    0   0    0    0   0    0
 11    -
 12  02 07    0   0    0    0   0    0    0   0    0
 13  00 19    0   0    0    1   1   11    1   1   11
 14    -
 15    -
 16  02 08    0   0    0    1  10   20    1  10   20
 17  04 10    0   0    0    1  14   24    1  14   24
 18  01 09    0   0    0    1  20   30    1  20   30
 19  01 08    0   0    0    1  20   30    1  20   30
 20  01 40    0   0    0    2  13   33    2  13   33
 21  05 28    0   0    0    2   9   29    2   9   29
 22  00 31    0   0    0    2   8   28    2   8   28
 23  02 43    0   0    0    2   8   28    2   8   28
 24  02 40    0   0    0    3   5   35    3   5   35
 25  02 29    0   0    0    2   7   27    2   7   27
 26    -
 27  01 21    0   0    0    1   2   12    1   2   12
 28  02 20    0   0    0    2   3   23    2   3   23
 29  03 34    0   0    0    1   1   11    1   1   11
 30  02 21    0   0    0    2   4   24    2   4   24

Monthly Mean        0.46         20.83         21.29

----------------------------------------------------

December   2005        (k=1.00)

 Date Time(UT)   North        South         Total
      h  m    g   f    R    g   f    R    g   f    R
  1  01 26    1   2   12    3  13   43    4  15   55
  2  02 28    1   2   12    2  11   31    3  13   43
  3    -
  4    -
  5  04 35    1   1   11    3  13   43    4  14   54
  6  01 25    1   2   12    3   7   37    4   9   49
  7  04 58    1   3   13    2   3   23    3   6   36
  8  01 44    1   2   12    1   1   11    2   3   23
  9  04 10    1   2   12    1   3   13    2   5   25
 10  01 07    2   3   23    2   4   24    4   7   47
 11    -
 12  04 38    2   7   27    1   2   12    3   9   39
 13  01 53    2   7   27    2   4   24    4  11   51
 14  04 12    1   4   14    2   6   26    3  10   40
 15  03 49    1   7   17    3  11   41    4  18   58
 16  02 10    1   6   16    2   6   26    3  12   42
 17  01 20    1   2   12    1   3   13    2   5   25
 18  01 37    1   2   12    1   2   12    2   4   24
 19  04 41    1   2   12    3   8   38    4  10   50
 20  01 58    1   2   12    2  10   30    3  12   42
 21  02 41    2   2   22    2  11   31    4  13   53
 22  02 11    2   3   23    1   8   18    3  11   41
 23  00 19    2   6   26    1   3   13    3   9   39
 24  01 24    1   8   18    1   1   11    2   9   29
 25  05 27    2   8   28    2   2   22    4  10   50
 26  00 44    2   7   27    2   2   22    4   9   49
 27  02 02    3   7   37    2   3   23    5  10   60
 28  01 02    3   7   37    2   4   24    5  11   61
 29  01 08    3   7   37    2   3   23    5  10   60
 30  01 11    3   6   36    2   3   23    5   9   59
 31  01 17    2   5   25    2   3   23    4   8   48

Monthly Mean       20.43         24.29         44.71

----------------------------------------------------
 
