 January    2004        (k=1.00)

 Date Time(UT)   North        South         Total
      h  m    g   f    R    g   f    R    g   f    R
  1    -
  2  01 38    0   0    0    3  15   45    3  15   45
  3  01 00    0   0    0    3  14   44    3  14   44
  4    -
  5  01 03    0   0    0    2  12   32    2  12   32
  6  00 22    0   0    0    2  14   34    2  14   34
  7  02 28    1   4   14    1  18   28    2  22   42
  8  00 11    2   6   26    1  12   22    3  18   48
  9  00 05    1   3   13    1   9   19    2  12   32
 10  00 47    1   6   16    1   7   17    2  13   33
 11  03 13    1   7   17    1   4   14    2  11   31
 12    -
 13  05 46    1   7   17    2   3   23    3  10   40
 14  00 41    1   6   16    1   3   13    2   9   29
 15  00 53    1   1   11    2   6   26    3   7   37
 16  03 33    2   3   23    1   5   15    3   8   38
 17    -
 18  01 11    1   2   12    2  10   30    3  12   42
 19  06 10    2   5   25    1   4   14    3   9   39
 20  02 12    2   9   29    2  11   31    4  20   60
 21  02 06    2  11   31    2  10   30    4  21   61
 22  02 02    2  14   34    2   8   28    4  22   62
 23  02 26    2   6   26    2   6   26    4  12   52
 24    -
 25  01 19    1   1   11    2   2   22    3   3   33
 26  00 06    0   0    0    1   1   11    1   1   11
 27  02 39    0   0    0    0   0    0    0   0    0
 28  00 49    0   0    0    0   0    0    0   0    0
 29  00 50    0   0    0    0   0    0    0   0    0
 30  01 15    0   0    0    3   5   35    3   5   35
 31  02 15    1   1   11    3   6   36    4   7   47

Monthly Mean       12.77         22.88         35.65

----------------------------------------------------
 
 February    2004        (k=1.00)

 Date Time(UT)   North        South         Total
      h  m    g   f    R    g   f    R    g   f    R
  1    -
  2    -
  3    -
  4  02 05    1   8   18    4  14   54    5  22   72
  5  00 46    1   9   19    4   8   48    5  17   67
  6  04 59    1  12   22    2  12   32    3  24   54
  7  01 08    1   9   19    1   5   15    2  14   34
  8  04 12    1   6   16    2  12   32    3  18   48
  9  00 10    1   5   15    2  13   33    3  18   48
 10  02 36    0   0    0    3  14   44    3  14   44
 11  01 12    1   1   11    3  15   45    4  16   56
 12  03 12    1   3   13    4  13   53    5  16   66
 13  00 32    1   4   14    3   7   37    4  11   51
 14  00 39    2   3   23    3   6   36    5   9   59
 15  00 03    2   5   25    3   6   36    5  11   61
 16  00 39    3   3   33    3   5   35    6   8   68
 17  03 27    1   1   11    1   2   12    2   3   23
 18  02 14    1   1   11    1   2   12    2   3   23
 19  01 04    1   1   11    1   1   11    2   2   22
 20  06 30    1   1   11    0   0    0    1   1   11
 21  01 01    2   4   24    2   2   22    4   6   46
 22  00 26    1   5   15    2   2   22    3   7   37
 23  00 16    1   9   19    3   5   35    4  14   54
 24  05 47    1  12   22    2   8   28    3  20   50
 25  06 50    1  27   37    4   9   49    5  36   86
 26  01 44    1  13   23    2   8   28    3  21   51
 27  00 18    1   8   18    3   9   39    4  17   57
 28  00 55    1   6   16    3  13   43    4  19   59
 29    -



Monthly Mean       17.84         32.04         49.88

----------------------------------------------------

 March     2004        (k=1.00)

 Date Time(UT)   North        South         Total
      h  m    g   f    R    g   f    R    g   f    R
  1    -
  2    -
  3  02 46    0   0    0    1   7   17    1   7   17
  4  00 37    0   0    0    1   7   17    1   7   17
  5  00 17    0   0    0    2  13   33    2  13   33
  6  04 46    0   0    0    3  11   41    3  11   41
  7  00 50    0   0    0    3  10   40    3  10   40
  8  00 13    0   0    0    3   9   39    3   9   39
  9  02 44    0   0    0    2  10   30    2  10   30
 10  01 07    0   0    0    2   8   28    2   8   28
 11  02 28    0   0    0    3  12   42    3  12   42
 12    -
 13  02 37    1   3   13    2   8   28    3  11   41
 14  00 17    1   4   14    2   6   26    3  10   40
 15  01 22    1   1   11    2   5   25    3   6   36
 16  01 10    1   1   11    2   3   23    3   4   34
 17  01 05    1   1   11    3   4   34    4   5   45
 18    -
 19    -
 20    -
 21  02 20    2   4   24    2  12   32    4  16   56
 22    -
 23    -
 24    -
 25    -
 26  05 05   4   15   55    4   6   46    8  21  101
 27  01 10   4   10   50    4   9   49    8  19   99
 28  00 23   4    8   48    3   9   39    7  17   87
 29    -
 30    -
 31    -

Monthly Mean       13.17         32.72         45.89

----------------------------------------------------

 April     2004        (k=1.00)

 Date Time(UT)   North        South         Total
      h  m    g   f    R    g   f    R    g   f    R
  1  01 58    1  10   20    3  12   42    4  22   62
  2  05 27    1   7   17    3   7   37    4  14   54
  3  01 02    1   2   12    3   9   39    4  11   51
  4    -
  5  00 20    1   1   11    3  11   41    4  12   52
  6  04 07    0   0    0    2  13   33    2  13   33
  7  04 02    0   0    0    3  13   43    3  13   43
  8  04 33    0   0    0    1   8   18    1   8   18
  9  03 40    0   0    0    1   7   17    1   7   17
 10  01 07    0   0    0    1   5   15    1   5   15
 11  04 40    0   0    0    1   4   14    1   4   14
 12  02 08    0   0    0    2   6   26    2   6   26
 13    -
 14    -
 15  00 24    1   1   11    2   6   26    3   7   37
 16  04 15    1   1   11    2   6   26    3   7   37
 17    -
 18  00 55    1   1   11    2   3   23    3   4   34
 19    -
 20  01 05    1   1   11    4  25   65    5  26   76
 21  02 30    0   0    0    5  23   73    5  23   73
 22  00 18    0   0    0    4  15   55    4  15   55
 23  05 38    0   0    0    2   4   24    2   4   24
 24  00 55    0   0    0    3   6   36    3   6   36
 25  00 51    1   3   13    1   2   12    2   5   25
 26  06 14    2   5   25    1   2   12    3   7   37
 27    -
 28  05 07    1   3   13    1   1   11    2   4   24
 29  00 29    1   3   13    1   1   11    2   4   24
 30  01 41    1   2   12    3  12   42    4  14   54

 
Monthly Mean        7.50         30.88         38.38
 
----------------------------------------------------

May       2004        (k=1.00)

 Date Time(UT)   North        South         Total
      h  m    g   f    R    g   f    R    g   f    R
  1  03 39    1   1   11    3  12   42    4  13   53
  2    - 
  3    -
  4    -
  5    -
  6    -
  7  00 46    0   0    0    3   4   34    3   4   34
  8  02 46    0   0    0    2   2   22    2   2   22
  9    -
 10    -
 11  00 21    0   0    0    2   3   23    2   3   23
 12    -
 13    -
 14  01 16    2   5   25    3  12   42    5  17   67
 15  01 11    1   3   13    3  12   42    4  15   55
 16    -
 17    -
 18    -
 19    -
 20    -
 21  00 38    1   2   12    4   9   49    5  11   61
 22    -
 23    -
 24  01 36    1   2   12    4  21   61    5  23   73
 25  01 02    1   2   12    4  24   64    5  26   76
 26  01 36    1   1   11    2  25   45    3  26   56
 27    -
 28  00 52    0   0    0    1  11   21    1  11   21
 29  01 58    0   0    0    2  13   33    2  13   33
 30  01 11    0   0    0    2   6   26    2   6   26
 31  01 07    0   0    0    3  11   41    3  11   41

Monthly Mean        6.86         38.93         45.79

----------------------------------------------------

June       2004        (k=1.00)

 Date Time(UT)   North        South         Total
      h  m    g   f    R    g   f    R    g   f    R
  1    -
  2  02 23    1   3   13    3  12   42    4  15   55
  3  06 35    0   0    0    1   3   13    1   3   13
  4  02 06    0   0    0    3   7   37    3   7   37
  5  00 58    1   3   13    3  10   40    4  13   53
  6    -
  7    -
  8  03 53    0   0    0    3   6   36    3   6   36
  9    -
 10    -
 11    -
 12    -
 13    -
 14  01 48    1   3   13    2   3   23    3   6   36
 15  00 21    1   3   13    3   5   35    4   8   48
 16  02 11    1   4   14    4  10   50    5  14   64
 17    -
 18  01 07    1  11   21    2  20   40    3  31   61
 19  01 01    1   3   13    2   8   28    3  11   41
 20  05 59    1   4   14    3  32   62    4  36   76
 21    -
 22  01 43    1   4   14    3  34   64    4  38   78
 23  06 09    1   2   12    2  18   38    3  20   50
 24  02 16    2   6   26    2  15   35    4  21   61
 25    -
 26    -
 27    -
 28    -
 29  02 38    2   4   24    1   3   13    3   7   37
 30    -


Monthly Mean       12.67         37.07         49.73

----------------------------------------------------

July     2004        (k=1.00)

 Date Time(UT)   North        South         Total
      h  m    g   f    R    g   f    R    g   f    R
  1    -
  2  00 08    1   2   12    1   3   13    2   5   25
  3  05 24    1   4   14    1   4   14    2   8   28
  4  01 10    1   1   11    0   0    0    1   1   11
  5    -
  6  05 21    1   1   11    1   1   11    2   2   22
  7  01 01    0   0    0    0   0    0    0   0    0
  8  00 34    0   0    0    1   2   12    1   2   12
  9  00 54    1   2   12    2   6   26    3   8   38
 10  02 52    2   2   22    2  11   31    4  13   53
 11  01 56    3   4   34    2   6   26    5  10   60
 12  00 54    3   4   34    1   9   19    4  13   53
 13  01 13    3  16   46    4  13   53    7  29   99
 14  04 35    3  16   46    4  19   59    7  35  105
 15  00 27    3   8   38    4  18   58    7  26   96
 16  00 37    1   3   13    4  27   67    5  30   80
 17  01 26    2  10   30    3  22   52    5  32   82
 18  01 04    2  14   34    3  15   45    5  29   79
 19    -
 20  00 28    3  35   65    2  25   45    5  60  110
 21  01 06    2  23   43    2  19   39    4  42   82
 22  02 09    2  26   46    2  14   34    4  40   80
 23  00 15    1  34   44    2   7   27    3  41   71
 24  03 28    1  56   66    2   5   25    3  61   91
 25  02 29    1  40   50    1   1   11    2  41   61
 26  03 18    2  48   68    2   2   22    4  50   90
 27  03 40    2  11   31    1   1   11    3  12   42
 28  06 10    2  12   32    0   0    0    2  12   32
 29    -
 30    -
 31    -

Monthly Mean       32.08         28.00         60.08

----------------------------------------------------

 August    2004        (k=1.00)

 Date Time(UT)   North        South         Total
      h  m    g   f    R    g   f    R    g   f    R
  1  02 32    1   5   15    1   3   13    2   8   28
  2  00 20    1   3   13    1   7   17    2  10   30
  3  07 25    1   2   12    1  17   27    2  19   39
  4  02 29    0   0    0    1  20   30    1  20   30
  5    -
  6  04 19    0   0    0    2  19   39    2  19   39
  7    -
  8  01 18    1   1   11    3  14   44    4  15   55
  9  01 52    1   1   11    2  17   37    3  18   48
 10  03 13    2   4   24    3  24   54    5  28   78
 11  04 48    2   5   25    2  42   62    4  47   87
 12  03 22    2   3   23    2  31   51    4  34   74
 13  01 41    2   2   22    2  26   46    4  28   68
 14    -
 15    -
 16  00 42    1   4   14    2  21   41    3  25   55
 17    -
 18  01 49    2  16   36    1   3   13    3  19   49
 19  02 10    3  13   43    0   0    0    3  13   43
 20  00 24    4  14   54    0   0    0    4  14   54
 21  00 39    5  19   69    1   6   16    6  25   85
 22    -
 23    -
 24    -
 25    -
 26    -
 27    -
 28    -
 29    -
 30    -
 31  05 57    1   1   11    1   1   11    2   2   22

Monthly Mean       22.53         29.47         52.00

----------------------------------------------------

 September     2004        (k=1.00)

 Date Time(UT)   North        South         Total
      h  m    g   f    R    g   f    R    g   f    R
  1  05 15    1   1   11    1   1   11    2   2   22
  2  01 50    1   1   11    1   1   11    2   2   22
  3  02 30    0   0    0    2   2   22    2   2   22
  4    -
  5    -
  6  06 25    0   0    0    3   8   38    3   8   38
  7  00 39    0   0    0    3  17   47    3  17   47
  8  01 00    0   0    0    3  16   46    3  16   46
  9  01 39    0   0    0    3  21   51    3  21   51
 10  00 28    2   4   24    3  17   47    5  21   71
 11    -
 12  01 01    1  10   20    2   4   24    3  14   44
 13  02 32    1  20   30    2   2   22    3  22   52
 14  05 12    1  20   30    0   0    0    1  20   30
 15  00 57    2  21   41    0   0    0    2  21   41
 16  00 42    1  29   39    1   2   12    2  31   51
 17    -
 18    -
 19    -
 20    -
 21  02 00    2   2   22    1   6   16    3   8   38
 22  01 51    0   0    0    1   6   16    1   6   16
 23    - 
 24    -
 25    -
 26    -
 27    -
 28    -
 29    -
 30  03 26    3   5   35    3   4   34    6   9   69


Monthly Mean       16.44         24.81         41.25

----------------------------------------------------

 October     2004        (k=1.00)

 Date Time(UT)   North        South         Total
      h  m    g   f    R    g   f    R    g   f    R
  1  00 21    1   1   11    3   4   34    4   5   45
  2  01 12    0   0    0    2   4   24    2   4   24
  3    -
  4    -
  5    -
  6  00 56    0   0    0    2   4   24    2   4   24
  7    -
  8    -
  9    -
 10    -
 11    -
 12    -
 13    -
 14    -
 15  00 22    0   0    0    1   6   16    1   6   16
 16    -
 17  03 00    0   0    0    2  12   32    2  12   32
 18  00 45    1   1   11    5  16   66    6  17   77
 19    -
 20    -
 21  05 35    1   4   14    5  18   68    6  22   82
 22    -
 23  00 38    3  12   42    4  16   56    7  28   98
 24    -
 25  02 42    3  25   55    3  10   40    6  35   95
 26    -
 27    -
 28  01 44    5  36   86    4   9   49    9  45  135
 29  00 54    5  27   77    3   9   39    8  36  116
 30    -
 31    -

 Monthly Mean       26.91        40.73         67.64

----------------------------------------------------

November     2004        (k=1.00)

 Date Time(UT)   North        South         Total
      h  m    g   f    R    g   f    R    g   f    R
  1    -
  2  02 47    2   7   27    3  16   46    5  23   73
  3  04 58    2   9   29    2  13   33    4  22   62
  4  00 33    2   8   28    2  13   33    4  21   61
  5  00 15    1   8   18    2  17   37    3  25   55
  6  02 43    1   6   16    2  12   32    3  18   48
  7  01 59    2  18   38    3  17   47    5  35   85
  8    -
  9  00 44    2  22   42    1   3   13    3  25   55
 10  02 33    1  21   31    1   1   11    2  22   42
 11    -
 12    -
 13  00 35    1   8   18    2   6   26    3  14   44
 14    -
 15    - 
 16  00 53    1   7   17    3   7   37    4  14   54
 17  01 01    1   2   12    3   6   36    4   8   48
 18    -
 19    -
 20  00 48    1   1   11    2   2   22    3   3   33
 21  00 54    2   5   25    1   1   11    3   6   36
 22  01 13    2   5   25    2   2   22    4   7   47
 23  00 14    1   4   14    1   1   11    2   5   25
 24  02 26    1   4   14    2   2   22    3   6   36
 25  00 05    1   2   12    3   6   36    4   8   48
 26    -
 27  01 09    1   1   11    2   7   27    3   8   38
 28  01 11    2   3   23    2   5   25    4   8   48
 29  01 22    1   2   12    2   6   26    3   8   38
 30  02 59    1   2   12    2   6   26    3   8   38


Monthly Mean       20.71         27.57         48.29

----------------------------------------------------

 December     2004        (k=1.00)

 Date Time(UT)   North        South         Total
      h  m    g   f    R    g   f    R    g   f    R
  1  01 16    1   3   13    2  11   31    3  14   44
  2  00 18    1   2   12    2  11   31    3  13   43
  3  00 23    1   2   12    2   7   27    3   9   39
  4    -
  5  01 04    1   2   12    2   2   22    3   4   34
  6  01 13    2   3   23    2   2   22    4   5   45
  7    -
  8  00 43    2   3   23    0   0    0    2   3   23
  9    -
 10  01 51    0   0    0    0   0    0    0   0    0
 11  01 06    1   2   12    0   0    0    1   2   12
 12    -
 13  01 52    1  10   20    1   1   11    2  11   31
 14  05 28    1   5   15    0   0    0    1   5   15
 15    -
 16  01 00    0   0    0    1   1   11    1   1   11
 17  00 21    0   0    0    2   3   23    2   3   23
 18  01 07    0   0    0    2   2   22    2   2   22
 19    -
 20    -
 21  00 26    0   0    0    1   3   13    1   3   13
 22  01 21    0   0    0    2   8   28    2   8   28
 23  02 07    0   0    0    2   9   29    2   9   29
 24  01 23    0   0    0    2  13   33    2  13   33
 25  05 51    0   0    0    1   6   16    1   6   16
 26  02 46    0   0    0    1   3   13    1   3   13
 27  03 50    0   0    0    1   2   12    1   2   12
 28  02 13    0   0    0    1   3   13    1   3   13
 29    -
 30  01 34    1   3   13    0   0    0    1   3   13
 31    -

Monthly Mean        7.05         16.23         23.27

----------------------------------------------------

