
 January    2008        (k=1.00)

 Date Time(UT)   North        South         Total
      h  m    g   f    R    g   f    R    g   f    R
  1  00 15    0   0    0    0   0    0    0   0    0
  2  01 04    0   0    0    1   1   11    1   1   11
  3  00 31    0   0    0    1   1   11    1   1   11
  4  00 07    0   0    0    1   2   12    1   2   12
  5  03 51    1   2   12    0   0    0    1   2   12
  6  00 35    1   1   11    0   0    0    1   1   11
  7    -
  8  00 19    0   0    0    1   1   11    1   1   11
  9  04 53    0   0    0    1   1   11    1   1   11
 10  00 31    0   0    0    0   0    0    0   0    0
 11  00 25    0   0    0    1   1   11    1   1   11
 12    -
 13  05 46    0   0    0    0   0    0    0   0    0
 14    -
 15  03 52    0   0    0    0   0    0    0   0    0
 16  01 45    0   0    0    0   0    0    0   0    0
 17  01 02    0   0    0    0   0    0    0   0    0
 18    -
 19  01 35    0   0    0    0   0    0    0   0    0
 20    -
 21    -
 22  00 37    0   0    0    0   0    0    0   0    0
 23    -
 24  02 05    0   0    0    0   0    0    0   0    0
 25  01 04    0   0    0    0   0    0    0   0    0
 26  03 22    0   0    0    0   0    0    0   0    0
 27  00 23    0   0    0    0   0    0    0   0    0
 28    -
 29    -
 30  02 53    0   0    0    1   3   13    1   3   13
 31  00 57    0   0    0    1   5   15    1   5   15

Monthly Mean        1.05          4.32          5.36

----------------------------------------------------

February    2008        (k=1.00)

 Date Time(UT)   North        South         Total
      h  m    g   f    R    g   f    R    g   f    R
  1  01 08    0   0    0    1   5   15    1   5   15
  2    -
  3    -
  4  02 21    0   0    0    1   1   11    1   1   11
  5  01 03    0   0    0    0   0    0    0   0    0
  6    -
  7  00 14    0   0    0    0   0    0    0   0    0
  8  00 04    0   0    0    0   0    0    0   0    0
  9    -
 10  06 16    0   0    0    0   0    0    0   0    0
 11  00 05    0   0    0    0   0    0    0   0    0
 12    -
 13  00 07    0   0    0    0   0    0    0   0    0
 14  00 52    0   0    0    0   0    0    0   0    0
 15  00 27    0   0    0    0   0    0    0   0    0
 16  00 01    0   0    0    0   0    0    0   0    0
 17  00 41    0   0    0    0   0    0    0   0    0
 18  00 16    0   0    0    0   0    0    0   0    0
 19  05 23    0   0    0    0   0    0    0   0    0
 20  01 32    0   0    0    0   0    0    0   0    0
 21  00 13    0   0    0    0   0    0    0   0    0
 22  00 11    0   0    0    0   0    0    0   0    0
 23  00 01    0   0    0    0   0    0    0   0    0
 24  02 52    0   0    0    0   0    0    0   0    0
 25  00 09    0   0    0    0   0    0    0   0    0
 26    -
 27  02 52    0   0    0    1   2   12    1   2   12
 28  01 35    0   0    0    0   0    0    0   0    0
 29  00 29    0   0    0    0   0    0    0   0    0

Monthly Mean        0.00          1.65          1.65

----------------------------------------------------

March    2008        (k=1.00)

 Date Time(UT)   North        South         Total
      h  m    g   f    R    g   f    R    g   f    R
  1  00 21    0   0    0    0   0    0    0   0    0
  2  04 24    0   0    0    0   0    0    0   0    0
  3  03 22    0   0    0    1   1   11    1   1   11
  4  02 49    0   0    0    0   0    0    0   0    0
  5  02 41    0   0    0    0   0    0    0   0    0
  5  23 45    0   0    0    1   1   11    1   1   11
  7  00 07    0   0    0    0   0    0    0   0    0
  8  01 10    0   0    0    0   0    0    0   0    0
  9  00 43    0   0    0    0   0    0    0   0    0
 10  06 36    0   0    0    0   0    0    0   0    0
 11  00 15    0   0    0    0   0    0    0   0    0
 12  02 27    0   0    0    0   0    0    0   0    0
 13  00 47    0   0    0    0   0    0    0   0    0
 14    -
 15  00 20    0   0    0    0   0    0    0   0    0
 16  04 18    0   0    0    0   0    0    0   0    0
 17    -
 18  01 09    0   0    0    0   0    0    0   0    0
 19    -
 20    -
 21    -
 22  00 23    0   0    0    0   0    0    0   0    0
 22  23 59    0   0    0    0   0    0    0   0    0
 24    -
 25  04 42    0   0    0    2  10   30    2  10   30
 26  00 30    0   0    0    3  16   46    3  16   46
 27  02 37    0   0    0    3  17   47    3  17   47
 28  00 16    0   0    0    3  14   44    3  14   44
 29  00 17    0   0    0    3  14   44    3  14   44
 30    -
 31  06 22    0   0    0    3   8   38    3   8   38

Monthly Mean        0.00         11.29         11.29

----------------------------------------------------

April    2008        (k=1.00)

 Date Time(UT)   North        South         Total
      h  m    g   f    R    g   f    R    g   f    R
  1  00 09    0   0    0    2   8   28    2   8   28
  2  00 07    0   0    0    1   1   11    1   1   11
  3  00 04    0   0    0    1   2   12    1   2   12
  4  03 31    0   0    0    0   0    0    0   0    0
  5  04 48    0   0    0    0   0    0    0   0    0
  6  00 21    0   0    0    0   0    0    0   0    0
  7    -
  8    -
  9  00 06    0   0    0    0   0    0    0   0    0
 10    -
 11  02 02    0   0    0    0   0    0    0   0    0
 12    -
 13    -
 14  04 53    1   1   11    0   0    0    1   1   11
 15  00 29    0   0    0    0   0    0    0   0    0
 16    -
 17    -
 18    -
 19  00 31    0   0    0    0   0    0    0   0    0
 20  07 22    0   0    0    0   0    0    0   0    0
 21    -
 22  02 18    0   0    0    0   0    0    0   0    0
 23  03 48    1   2   12    0   0    0    1   2   12
 24    -
 25  06 59    0   0    0    0   0    0    0   0    0
 26    -
 27    -
 28    -
 29  00 50    0   0    0    0   0    0    0   0    0
 30  02 41    0   0    0    0   0    0    0   0    0

Monthly Mean        1.35          3.00          4.35

----------------------------------------------------

May      2008        (k=1.00)

Date Time(UT)   North        South         Total
      h  m    g   f    R    g   f    R    g   f    R
  1  00 05    1   2   12    0   0    0    1   2   12
  2    -
  3    -
  4    -
  5    -
  6  00 25    0   0    0    0   0    0    0   0    0
  7  02 34    0   0    0    0   0    0    0   0    0
  8  01 15    0   0    0    0   0    0    0   0    0
  9    -
 10    -
 11    -
 12    -
 13    -
 14    -
 15  00 16    0   0    0    0   0    0    0   0    0
 16  01 06    1   1   11    1   1   11    2   2   22
 17    -
 18  02 23    1   2   12    1   1   11    2   3   23
 19    -
 20    -
 21  01 57    0   0    0    0   0    0    0   0    0
 22  02 09    0   0    0    0   0    0    0   0    0
 23  01 41    0   0    0    0   0    0    0   0    0
 24  00 23    0   0    0    0   0    0    0   0    0
 25    -
 26  00 20    0   0    0    0   0    0    0   0    0
 27  02 04    0   0    0    0   0    0    0   0    0
 28  00 03    0   0    0    0   0    0    0   0    0
 29    -
 30    -
 31    -

Monthly Mean        2.50          1.57          4.07

----------------------------------------------------

June      2008        (k=1.00)

Date Time(UT)   North        South         Total
      h  m    g   f    R    g   f    R    g   f    R
  1  00 26    0   0    0    0   0    0    0   0    0
  2    -
  3    -
  4    -
  5    -
  6  00 49    0   0    0    0   0    0    0   0    0
  7  01 20    0   0    0    0   0    0    0   0    0
  8    -
  9  06 31    0   0    0    0   0    0    0   0    0
 10  05 46    0   0    0    1   2   12    1   2   12
 11  06 23    0   0    0    1   1   11    1   1   11
 12    -
 13  01 30    0   0    0    1   2   12    1   2   12
 14  02 29    0   0    0    0   0    0    0   0    0
 15  00 58    0   0    0    0   0    0    0   0    0
 16  00 28    0   0    0    1   1   11    1   1   11
 17    -
 18  06 27    0   0    0    1   1   11    1   1   11
 19  04 07    0   0    0    1   2   12    1   2   12
 20    -
 21    -
 22    -
 23    -
 24  00 10    0   0    0    0   0    0    0   0    0
 25    -
 26    -
 27  00 30    0   0    0    0   0    0    0   0    0
 28    -
 29    -
 30    -

Monthly Mean        0.00          4.93          4.93

----------------------------------------------------

July      2008        (k=1.00)

Date Time(UT)   North        South         Total
      h  m    g   f    R    g   f    R    g   f    R
  1  05 43    0   0    0    0   0    0    0   0    0
  2  06 21    0   0    0    0   0    0    0   0    0
  3  06 05    0   0    0    0   0    0    0   0    0
  4  02 55    0   0    0    0   0    0    0   0    0
  5  02 05    0   0    0    0   0    0    0   0    0
  6    -
  7    -
  8    -
  9    -
 10  07 02    0   0    0    0   0    0    0   0    0
 11  05 44    0   0    0    0   0    0    0   0    0
 12  01 58    0   0    0    0   0    0    0   0    0
 13  01 39    0   0    0    0   0    0    0   0    0
 14  01 05    0   0    0    0   0    0    0   0    0
 15  00 00    0   0    0    0   0    0    0   0    0
 16  04 57    0   0    0    0   0    0    0   0    0
 17  02 38    0   0    0    0   0    0    0   0    0
 18    -
 19  01 20    0   0    0    1   2   12    1   2   12
 20  00 31    0   0    0    1   1   11    1   1   11
 21  07 10    0   0    0    0   0    0    0   0    0
 22  01 09    0   0    0    0   0    0    0   0    0
 23  00 46    0   0    0    0   0    0    0   0    0
 24  04 37    0   0    0    0   0    0    0   0    0
 25  04 09    0   0    0    0   0    0    0   0    0
 26    -
 27  03 04    0   0    0    0   0    0    0   0    0
 28  03 23    0   0    0    0   0    0    0   0    0
 29  00 53    0   0    0    0   0    0    0   0    0
 30  00 18    0   0    0    0   0    0    0   0    0
 31  02 06    0   0    0    0   0    0    0   0    0

Monthly Mean        0.00          0.92          0.92

----------------------------------------------------

August    2008        (k=1.00)

 Date Time(UT)   North        South         Total
      h  m    g   f    R    g   f    R    g   f    R
  1  05 57    0   0    0    0   0    0    0   0    0
  2  05 21    0   0    0    0   0    0    0   0    0
  3  01 02    0   0    0    0   0    0    0   0    0
  4  03 45    0   0    0    0   0    0    0   0    0
  5    -
  6  05 47    0   0    0    0   0    0    0   0    0
  7  00 01    0   0    0    0   0    0    0   0    0
  8  00 27    0   0    0    0   0    0    0   0    0
  9  00 58    0   0    0    0   0    0    0   0    0
 10    -
 11  00 12    0   0    0    0   0    0    0   0    0
 12  05 56    0   0    0    0   0    0    0   0    0
 13  01 51    0   0    0    0   0    0    0   0    0
 14  00 18    0   0    0    0   0    0    0   0    0
 15  00 02    0   0    0    0   0    0    0   0    0
 16  03 07    0   0    0    0   0    0    0   0    0
 17    -
 18  02 03    0   0    0    0   0    0    0   0    0
 19  01 08    0   0    0    0   0    0    0   0    0
 20    -
 21  04 55    0   0    0    0   0    0    0   0    0
 22    -
 23    -
 24    -
 25    -
 26    -
 27    -
 28    -
 29  07 00    0   0    0    0   0    0    0   0    0
 30  05 29    0   0    0    0   0    0    0   0    0
 31  05 51    0   0    0    0   0    0    0   0    0

Monthly Mean        0.00          0.00          0.00

----------------------------------------------------

September    2008        (k=1.00)

 Date Time(UT)   North        South         Total
      h  m    g   f    R    g   f    R    g   f    R
  1  05 24    0   0    0    0   0    0    0   0    0
  2  00 27    0   0    0    0   0    0    0   0    0
  3  02 45    0   0    0    0   0    0    0   0    0
  4    -
  5  04 40    0   0    0    0   0    0    0   0    0
  6    -
  7  02 17    0   0    0    0   0    0    0   0    0
  8  00 17    0   0    0    0   0    0    0   0    0
  9  00 03    0   0    0    0   0    0    0   0    0
 10  00 03    0   0    0    0   0    0    0   0    0
 11    -
 12  01 33    0   0    0    0   0    0    0   0    0
 13  05 05    0   0    0    0   0    0    0   0    0
 14    -
 15    -
 16  05 08    0   0    0    0   0    0    0   0    0
 17  02 53    0   0    0    0   0    0    0   0    0
 18    -
 19    -
 20    -
 21    -
 22    -
 23  00 41    1   4   14    0   0    0    1   4   14
 24  00 52    0   0    0    0   0    0    0   0    0
 25  01 38    0   0    0    0   0    0    0   0    0
 26    -
 27    -
 28    -
 29    -
 30    -

Monthly Mean        0.93          0.00          0.93

----------------------------------------------------

 October    2008        (k=1.00)

 Date Time(UT)   North        South         Total
      h  m    g   f    R    g   f    R    g   f    R
  1    -
  2  05 03    0   0    0    0   0    0    0   0    0
  3  02 21    0   0    0    0   0    0    0   0    0
  4  05 27    0   0    0    1   1   11    1   1   11
  5  00 29    0   0    0    0   0    0    0   0    0
  6  23 33    0   0    0    0   0    0    0   0    0
  7    -
  8  23 58    0   0    0    0   0    0    0   0    0
  9    -
 10  00 08    0   0    0    1   1   11    1   1   11
 11  05 27    1   2   12    0   0    0    1   2   12
 12  03 04    1   4   14    0   0    0    1   4   14
 13  01 50    1   4   14    0   0    0    1   4   14
 14    -
 15  02 11    1   2   12    0   0    0    1   2   12
 16  05 47    1   2   12    0   0    0    1   2   12
 17  00 03    0   0    0    1   1   11    1   1   11
 18  01 30    0   0    0    0   0    0    0   0    0
 19  01 26    0   0    0    0   0    0    0   0    0
 20  00 34    0   0    0    0   0    0    0   0    0
 21  00 15    1   2   12    0   0    0    1   2   12
 22    -
 23    -
 24    -
 25    -
 26    -
 27  00 47    0   0    0    0   0    0    0   0    0
 28  00 35    0   0    0    0   0    0    0   0    0
 29  01 46    0   0    0    0   0    0    0   0    0
 30  04 29    0   0    0    0   0    0    0   0    0
 31    -

Monthly Mean        3.62          1.57          5.19

----------------------------------------------------

 November    2008        (k=1.00)

 Date Time(UT)   North        South         Total
      h  m    g   f    R    g   f    R    g   f    R
  1  00 34    1   3   13    0   0    0    1   3   13
  2  04 27    1   3   13    0   0    0    1   3   13
  3    -
  4  03 07    1   3   13    0   0    0    1   3   13
  5  04 41    1   1   11    0   0    0    1   1   11
  6  01 55    1   1   11    0   0    0    1   1   11
  7  02 55    0   0    0    0   0    0    0   0    0
  8    -
  9    -
 10    -
 11    -
 12    -
 13  00 21    1   6   16    0   0    0    1   6   16
 14  03 36    1   1   11    0   0    0    1   1   11
 15  02 46    1   1   11    0   0    0    1   1   11
 16    -
 17  00 21    0   0    0    0   0    0    0   0    0
 18  01 59    0   0    0    0   0    0    0   0    0
 19  00 06    0   0    0    0   0    0    0   0    0
 20  05 06    1   1   11    0   0    0    1   1   11
 21  00 33    0   0    0    0   0    0    0   0    0
 22  00 11    0   0    0    0   0    0    0   0    0
 23  03 54    0   0    0    0   0    0    0   0    0
 24    -
 25  01 18    0   0    0    0   0    0    0   0    0
 26  00 16    0   0    0    0   0    0    0   0    0
 27    -
 28  05 11    0   0    0    0   0    0    0   0    0
 29  00 17    0   0    0    0   0    0    0   0    0
 30  01 39    0   0    0    0   0    0    0   0    0

Monthly Mean        5.24          0.00          5.24

----------------------------------------------------

 December    2008        (k=1.00)

 Date Time(UT)   North        South         Total
      h  m    g   f    R    g   f    R    g   f    R
  1  00 20    0   0    0    0   0    0    0   0    0	
  2    -
  3  00 29    0   0    0    0   0    0    0   0    0
  4  01 15    0   0    0    0   0    0    0   0    0
  5    -
  6  04 31    0   0    0    0   0    0    0   0    0
  7  00 38    0   0    0    0   0    0    0   0    0
  8  00 37    0   0    0    0   0    0    0   0    0
  9    -
 10  00 31    0   0    0    0   0    0    0   0    0
 11  02 13    0   0    0    1   2   12    1   2   12
 12  01 46    0   0    0    1   1   11    1   1   11
 13  03 54    0   0    0    0   0    0    0   0    0
 14    -
 15  00 24    0   0    0    0   0    0    0   0    0
 16  00 14    0   0    0    0   0    0    0   0    0
 17    -
 18  00 15    0   0    0    0   0    0    0   0    0
 19  00 26    0   0    0    0   0    0    0   0    0
 20  00 02    0   0    0    0   0    0    0   0    0
 21  04 28    0   0    0    0   0    0    0   0    0
 22    -
 23  02 08    0   0    0    0   0    0    0   0    0
 24    -
 25  01 43    0   0    0    0   0    0    0   0    0
 26  03 01    0   0    0    0   0    0    0   0    0
 27  00 40    0   0    0    0   0    0    0   0    0
 28  02 45    0   0    0    0   0    0    0   0    0
 29  01 16    0   0    0    0   0    0    0   0    0
 30  05 14    0   0    0    0   0    0    0   0    0
 31  00 48    0   0    0    0   0    0    0   0    0

Monthly Mean        0.00          0.96          0.96

----------------------------------------------------
