 January    2006        (k=1.00)

 Date Time(UT)   North        South         Total
      h  m    g   f    R    g   f    R    g   f    R
  1    -
  2    -
  3  00 38    2   4   24    0   0    0    2   4   24
  4    -
  5  05 14    1   1   11    0   0    0    1   1   11
  6    -
  7  01 37    1   1   11    0   0    0    1   1   11
  8  01 23    1   1   11    0   0    0    1   1   11
  9  05 28    1   1   11    0   0    0    1   1   11
 10  02 30    1   1   11    0   0    0    1   1   11
 11  02 06    1   1   11    0   0    0    1   1   11
 12  03 07    1   1   11    0   0    0    1   1   11
 13    -
 14    -
 15  00 43    1   1   11    1   1   11    2   2   22
 16    -
 17  02 45    1   3   13    1   4   14    2   7   27
 18  06 00    1   2   12    1   4   14    2   6   26
 19  04 35    0   0    0    2   7   27    2   7   27
 20  01 59    0   0    0    1   4   14    1   4   14
 21    -
 22  01 32    0   0    0    2  13   33    2  13   33
 23  01 42    1   1   11    2  11   31    3  12   42
 24  00 03    0   0    0    2  11   31    2  11   31
 25  01 23    0   0    0    1   9   19    1   9   19
 26  00 03    0   0    0    1   5   15    1   5   15
 27  02 23    0   0    0    1   2   12    1   2   12
 28  01 15    0   0    0    0   0    0    0   0    0
 29  01 21    0   0    0    0   0    0    0   0    0
 30  05 29    0   0    0    0   0    0    0   0    0
 31    -

Monthly Mean        6.73         10.05         16.77

----------------------------------------------------
 
 February    2006        (k=1.00)

 Date Time(UT)   North        South         Total
      h  m    g   f    R    g   f    R    g   f    R
  1    -
  2  00 04    0   0    0    0   0    0    0   0    0
  3  04 37    0   0    0    0   0    0    0   0    0
  4  01 28    0   0    0    0   0    0    0   0    0
  5  01 42    0   0    0    0   0    0    0   0    0
  6    -
  7    -
  8  01 19    0   0    0    1   1   11    1   1   11
  9  00 12    0   0    0    2   2   22    2   2   22
 10  02 05    0   0    0    0   0    0    0   0    0
 11  01 21    0   0    0    0   0    0    0   0    0
 12  01 36    0   0    0    0   0    0    0   0    0
 13  03 30    0   0    0    0   0    0    0   0    0
 13  23 33    0   0    0    0   0    0    0   0    0
 14  23 49    1   1   11    1   2   12    2   3   23
 16    -
 17    -
 18  01 26    0   0    0    0   0    0    0   0    0
 19    -
 20    -
 21    -
 22  04 55    0   0    0    0   0    0    0   0    0
 23  00 39    0   0    0    0   0    0    0   0    0
 24    -
 25  01 38    0   0    0    0   0    0    0   0    0
 26    -
 27    -
 28    -




Monthly Mean        0.69          2.81          3.50

----------------------------------------------------

 March   2006        (k=1.00)

 Date Time(UT)   North        South         Total
      h  m    g   f    R    g   f    R    g   f    R
  1    -
  2    -
  3  00 10    0   0    0    0   0    0    0   0    0
  4  01 25    0   0    0    0   0    0    0   0    0
  5  01 39    0   0    0    0   0    0    0   0    0
  6  00 55    1   2   12    0   0    0    1   2   12
  7    -
  8  02 37    0   0    0    0   0    0    0   0    0
  9    -
 10    -
 11  01 26    0   0    0    0   0    0    0   0    0
 12  01 33    1   1   11    0   0    0    1   1   11
 13  23 51    1   1   11    1   1   11    2   2   22
 14    -
 15  04 55    0   0    0    2   2   22    2   2   22
 15  23 40    0   0    0    2   3   23    2   3   23
 17  03 40    0   0    0    2   2   22    2   2   22
 18  01 10    0   0    0    1   4   14    1   4   14
 19  03 02    0   0    0    1   9   19    1   9   19
 20  00 01    0   0    0    1   5   15    1   5   15
 20  23 47    1   1   11    1  15   25    2  16   36
 22  01 00    0   0    0    1   8   18    1   8   18
 23  05 32    1   1   11    1   1   11    2   2   22
 24  01 01    0   0    0    1   1   11    1   1   11
 25  00 59    0   0    0    0   0    0    0   0    0
 26  05 38    0   0    0    0   0    0    0   0    0
 27  00 58    0   0    0    0   0    0    0   0    0
 28  04 15    0   0    0    1   1   11    1   1   11
 29  01 16    0   0    0    2   5   25    2   5   25
 30  01 30    0   0    0    2   7   27    2   7   27
 31  01 12    0   0    0    2  15   35    2  15   35

Monthly Mean        2.24         11.56         13.80

----------------------------------------------------

 April  2006        (k=1.00)

 Date Time(UT)   North        South         Total
      h  m    g   f    R    g   f    R    g   f    R
  1  05 11    0   0    0    2  14   34    2  14   34
  2    -
  3  02 24    0   0    0    3  22   52    3  22   52
  3  23 51    0   0    0    4  27   67    4  27   67
  5    -
  6  00 55    0   0    0    4  25   65    4  25   65
  7    -
  8  01 20    0   0    0    4   8   48    4   8   48
  9  01 22    0   0    0    3   5   35    3   5   35
 10    -
 11    -
 12    -
 13    -
 14  00 48    0   0    0    3   5   35    3   5   35
 15    -
 16    -
 17  00 05    0   0    0    2   2   22    2   2   22
 18  03 25    0   0    0    1   1   11    1   1   11
 19    -
 20  04 33    0   0    0    0   0    0    0   0    0
 21  04 52    0   0    0    1   2   12    1   2   12
 22  06 11    0   0    0    0   0    0    0   0    0
 23    -
 24  02 14    0   0    0    1   1   11    1   1   11
 25  06 42    0   0    0    2  10   30    2  10   30
 26  00 00    0   0    0    2   9   29    2   9   29
 27    -
 28  01 00    0   0    0    2  18   38    2  18   38
 29    -
 30  01 39    1   1   11    2   9   29    3  10   40


Monthly Mean        0.65         30.47         31.12

----------------------------------------------------

 May     2006        (k=1.00)

 Date Time(UT)   North        South         Total
      h  m    g   f    R    g   f    R    g   f    R
  1  05 03    1   1   11    2  12   32    3  13   43
  2    -
  3  00 15    2   6   26    2   3   23    4   9   49
  4  00 53    2   6   26    3   6   36    5  12   62
  5  00 50    2   3   23    2   3   23    4   6   46
  6    -
  7    -
  8    -
  9    -
 10    -
 11    -
 12    -
 13    -
 14    -
 15  00 34    0   0    0    0   0    0    0   0    0
 16    -
 17    -
 18    -
 19    -
 20    -
 21    -
 22  03 26    0   0    0    2   4   24    2   4   24
 23    -
 24  04 25    1   5   15    2   9   29    3  14   44
 25  00 01    1   3   13    2   6   26    3   9   39
 26    -
 27    -
 28  06 11    1   2   12    3   7   37    4   9   49
 29  05 13    1   1   11    3   7   37    4   8   48
 30  02 33    1   1   11    4   5   45    5   6   56
 31  00 16    2   2   22    3   3   33    5   5   55

Monthly Mean       14.17         28.75         42.92

----------------------------------------------------

 June     2006        (k=1.00)

 Date Time(UT)   North        South         Total
      h  m    g   f    R    g   f    R    g   f    R
  1  00 33    1   1   11    0   0    0    1   1   11
  2    -
  3    -
  4    -
  5  06 29    0   0    0    1   3   13    1   3   13
  6    -
  7  01 39    0   0    0    2  10   30    2  10   30
  8    -
  9    -
 10    -
 11    -
 12    -
 13    -
 14    -
 15    -
 16    -
 17    -
 18    -
 19    -
 20  03 57    0   0    0    1   5   15    1   5   15
 21    -
 22    -
 23    -
 24  00 22    0   0    0    0   0    0    0   0    0
 25    -
 26    -
 27  01 47    1   3   13    0   0    0    1   3   13
 28    -
 29  01 21    1   6   16    1   2   12    2   8   28
 30  06 13    1   6   16    1   3   13    2   9   29


Monthly Mean        7.00         10.38         17.38

----------------------------------------------------

 July     2006        (k=1.00)

 Date Time(UT)   North        South         Total
      h  m    g   f    R    g   f    R    g   f    R
  1    -
  2    -
  3    -
  4    -
  5    -
  6    -
  7    -
  8    -
  9    -
 10    -
 11    -
 12    -
 13  05 03    0   0    0    0   0    0    0   0    0
 14  02 42    0   0    0    1   1   11    1   1   11
 14  23 36    0   0    0    1   2   12    1   2   12
 16    -
 17    -
 18    -
 19    -
 20    -
 21    -
 22    -
 23    -
 24    -
 25    -
 26  05 06    1   4   14    0   0    0    1   4   14
 27    -
 28    - 
 29  01 10    1   5   15    0   0    0    1   5   15
 30  05 12    1   2   12    1   2   12    2   4   24
 31  03 31    1   3   13    1   1   11    2   4   24

Monthly Mean        7.71          6.57         14.29

----------------------------------------------------

 August  2006        (k=1.00)

 Date Time(UT)   North        South         Total
      h  m    g   f    R    g   f    R    g   f    R
  1    -
  2    -
  3  00 36    1   1   11    0   0    0    1   1   11
  4  01 59    0   0    0    0   0    0    0   0    0
  5  01 05    0   0    0    0   0    0    0   0    0
  6  00 59    0   0    0    0   0    0    0   0    0
  7  00 15    0   0    0    0   0    0    0   0    0
  8    -
  9    -
 10  06 26    0   0    0    2   3   23    2   3   23
 11    -
 12    -
 13    -
 14  02 56    0   0    0    1  11   21    1  11   21
 15    -
 16    -
 17    -
 18  00 56    1   1   11    1   8   18    2   9   29
 19  01 18    0   0    0    1   9   19    1   9   19
 20  06 54    0   0    0    1   3   13    1   3   13
 21  00 31    0   0    0    1   2   12    1   2   12
 22    -
 23  00 19    0   0    0    1   7   17    1   7   17
 24  01 21    0   0    0    1   2   12    1   2   12
 25    -
 26    -
 27    -
 28    -
 29  00 31    0   0    0    2  14   34    2  14   34
 30    -
 31  01 37    0   0    0    2   7   27    2   7   27

Monthly Mean        1.47         13.07         14.53

----------------------------------------------------

 September 2006        (k=1.00)

 Date Time(UT)   North        South         Total
      h  m    g   f    R    g   f    R    g   f    R
  1    -
  2  01 10    0   0    0    1   2   12    1   2   12 
  3  01 02    0   0    0    0   0    0    0   0    0 
  4  00 18    0   0    0    0   0    0    0   0    0 
  5    -
  6    -
  7    -
  8    -
  9    -
 10    -
 11    -
 12    -
 13    -
 14    -
 15    -
 16  00 07    0   0    0    1   1   11    1   1   11 
 17    -
 18    -
 19    -
 20  00 10    0   0    0    1   1   11    1   1   11 
 21  04 40    0   0    0    1   1   11    1   1   11 
 22    -
 23    -
 24  00 44    0   0    0    1   2   12    1   2   12 
 25    -
 26    -
 27    -
 28    -
 29    -
 30    -


Monthly Mean        0.00          8.14          8.14

----------------------------------------------------

 October 2006        (k=1.00)  

 Date Time(UT)   North        South         Total
      h  m    g   f    R    g   f    R    g   f    R
  1    -
  2    -
  3    -
  4    -
  5    -
  6    -
  7    -
  8    -
  9    -
 10    -
 11    -
 12    -
 13    -
 14    -
 15    -
 16    -
 17    -
 18    -
 19    -
 20    -
 21    -
 22    -
 23    -
 24    -
 25    -
 26    -
 27    -
 28    -
 29    -
 30    -
 31    -

Monthly Mean

----------------------------------------------------

 November 2006        (k=1.00)

 Date Time(UT)   North        South         Total
      h  m    g   f    R    g   f    R    g   f    R
  1    -
  2    -
  3    -
  4    -
  5    -
  6    -
  7    -
  8    -
  9  02 46    0   0    0    2   6   26    2   6   26
 10  02 29    0   0    0    1   2   12    1   2   12
 11    -
 12  01 16    0   0    0    1   7   17    1   7   17
 13  01 31    0   0    0    2   8   28    2   8   28
 14    -
 15  02 08    0   0    0    3   7   37    3   7   37
 16  01 37    0   0    0    3  11   41    3  11   41
 17    -
 18  02 02    0   0    0    3   7   37    3   7   37
 19    -
 20    -
 21  04 09    0   0    0    1   1   11    1   1   11
 22  02 15    0   0    0    0   0    0    0   0    0
 23    -
 24  06 19    0   0    0    0   0    0    0   0    0
 25  00 44    0   0    0    0   0    0    0   0    0
 26    -
 27    -
 28    -
 29  02 14    1   4   14    1   3   13    2   7   27
 30    -


Monthly Mean        1.17         18.50         19.67

----------------------------------------------------

 December  2006        (k=1.00)

 Date Time(UT)   North        South         Total
      h  m    g   f    R    g   f    R    g   f    R
  1  00 22    1   4   14    2  11   31    3  15   45
  2  02 10    1   4   14    1   8   18    2  12   32
  3    -
  4  00 56    1   2   12    1   6   16    2   8   28
  5    -
  6  05 06    1   1   11    2   9   29    3  10   40
  7    -
  8    -
  9    -
 10    -
 11  03 34    0   0    0    1   6   16    1   6   16
 12    -
 13  02 15    0   0    0    1  10   20    1  10   20
 14    -
 15  02 07    0   0    0    1   3   13    1   3   13
 16  02 26    0   0    0    1   4   14    1   4   14
 17    -
 18  00 34    0   0    0    0   0    0    0   0    0
 19    -
 20  06 03    0   0    0    0   0    0    0   0    0
 21    -
 22    -
 23  01 14    0   0    0    0   0    0    0   0    0
 24  02 48    0   0    0    0   0    0    0   0    0
 25    -
 26    -
 27  02 54    0   0    0    1   1   11    1   1   11
 28  00 36    0   0    0    0   0    0    0   0    0
 29  00 40    0   0    0    0   0    0    0   0    0
 30  01 32    0   0    0    0   0    0    0   0    0
 31    -

Monthly Mean        3.19         10.50         13.69

----------------------------------------------------

