 January    2003        (k=1.00)

 Date Time(UT)   North        South         Total
      h  m    g   f    R    g   f    R    g   f    R
  1  06 12    1   1   11    2   4   24    3   5   35 
  2  01 06    1   1   11    3   5   35    4   6   46 
  3    -
  4  00 56    1   1   11    4  15   55    5  16   66 
  5  00 10    1   2   12    6  28   88    7  30  100 
  6  05 00    3   5   35    4  29   69    7  34  104 
  7  04 08    2   3   23    5  26   76    7  29   99 
  8  00 41    1   3   13    7  20   90    8  23  103 
  9  01 08    1   2   12    6  34   94    7  36  106 
 10  00 18    0   0    0    6  41  101    6  41  101 
 11  01 27    1   4   14    7  42  112    8  46  126 
 12  00 31    0   0    0    7  23   93    7  23   93 
 13  00 30    0   0    0    6  25   85    6  25   85 
 14  01 20    2   5   25    5  27   77    7  32  102 
 15  01 01    3   4   34    5  16   66    8  20  100 
 16  06 32    3   4   34    6  11   71    9  15  105 
 17  04 31    3   9   39    5  12   62    8  21  101 
 18    -
 19    -
 20  00 31    5  14   64    5   7   57   10  21  121 
 21  00 14    3   6   36    2   4   24    5  10   60 
 22  00 50    3   9   39    4   7   47    7  16   86 
 23    -
 24  00 12    3   4   34    4  20   60    7  24   94 
 25  00 39    1   2   12    3  21   51    4  23   63 
 26    -
 27    -
 28  00 08    2   4   24    6  11   71    8  15   95 
 29  00 29    1   7   17    8  18   98    9  25  115 
 30  00 38    1   5   15    5  13   63    6  18   78 
 31  05 09    2   3   23    3   7   37    5  10   60 

 Monthly Mean      21.52         68.24         89.76

----------------------------------------------------

 February    2003        (k=1.00)

 Date Time(UT)   North        South         Total
      h  m    g   f    R    g   f    R    g   f    R
  1  00 43    0   0    0    3   5   35    3   5   35 
  2    -
  3  00 13    0   0    0    3  14   44    3  14   44 
  4  05 23    0   0    0    2  13   33    2  13   33 
  5  02 48    0   0    0    3  15   45    3  15   45 
  6  00 43    1   4   14    4  20   60    5  24   74 
  7  00 23    2   7   27    6  23   83    8  30  110 
  8  00 13    2   4   24    5  14   64    7  18   88 
  9  00 22    3  12   42    6   7   67    9  19  109 
 10    -
 11    -
 12    -
 13  03 12    3   7   37    5   8   58    8  15   95 
 14  05 15    2   3   23    3   3   33    5   6   56 
 15  00 59    1   3   13    2   2   22    3   5   35 
 16    -
 17  00 30    1   5   15    0   0    0    1   5   15 
 18    -
 19  00 26    3   7   37    0   0    0    3   7   37 
 20    -
 21  04 52    2  16   36    1   4   14    3  20   50 
 22    - 
 23    - 
 24    - 
 25  00 15    2   6   26    1   3   13    3   9   39 
 26  00 36    1   1   11    1   1   11    2   2   22 
 27  00 41    1   1   11    1   1   11    2   2   22 
 28  00 08    0   0    0    2   3   23    2   3   23 




 Monthly Mean      17.56         34.22         51.78 

----------------------------------------------------

 March      2003        (k=1.00)

 Date Time(UT)   North        South         Total
      h  m    g   f    R    g   f    R    g   f    R
  1    -
  2    -
  3  01 01    2   5   25    2   3   23    4   8   48
  4  06 00    3  10   40    4  10   50    7  20   90
  5  01 08    3   9   39    2   5   25    5  14   64
  6    -
  7    -
  8  00 59    4  11   51    3   6   36    7  17   87
  9  00 21    3   6   36    3  10   40    6  16   76
 10  00 19    3   6   36    4  15   55    7  21   91
 11  00 12    4   7   47    3   8   38    7  15   85
 12  00 26    4  11   51    2   8   28    6  19   79
 13  00 43    1   5   15    1   5   15    2  10   30
 14  00 05    2   7   27    2   6   26    4  13   53
 15    -
 16  01 49    3  12   42    2  14   34    5  26   76
 17    - 
 18    - 
 19  01 08    1   1   11    2   7   27    3   8   38
 20  00 39    1   1   11    2   6   26    3   7   37
 21  00 12    0   0    0    1   1   11    1   1   11
 22    -
 23    -
 24    -
 25    -
 26  00 49    4  17   57    2   8   28    6  25   85
 27  00 45    2  16   36    2   4   24    4  20   60
 28  00 05    3  21   51    3   7   37    6  28   88
 29  02 47    4  28   68    4  15   55    8  43  123
 30  01 30    4  14   54    4  11   51    8  25  105
 31  00 22    4  25   65    4  27   67    8  52  132

 Monthly Mean      38.10         34.80         72.90

----------------------------------------------------

 April      2003        (k=1.00)

 Date Time(UT)   North        South         Total
      h  m    g   f    R    g   f    R    g   f    R
  1  00 37    3  12   42    4  19   59    7  31  101
  2    -
  3  00 36    4  10   50    4  15   55    8  25  105
  3  23 58    4   8   48    2   8   28    6  16   76
  5    -
  6  00 44    2   4   24    3   8   38    5  12   62
  7  00 24    2   5   25    3   5   35    5  10   60
  8    -
  9  00 48    1   2   12    0   0    0    1   2   12
 10  00 56    2   5   25    1   1   11    3   6   36
 11    -
 12    -
 13    -
 14    -
 15    -
 16  02 36    0   0    0    2   3   23    2   3   23
 17  00 43    1   1   11    0   0    0    1   1   11
 18  04 10    1   1   11    1   3   13    2   4   24
 19    -
 20    -
 21    -
 22  00 08    3   8   38    1   3   13    4  11   51
 23    -
 24    -
 25    -
 26    -
 27  04 03    2  10   30    4  13   53   6   23   83
 28  00 20    2   9   29    5  23   73   7   32  102
 29  00 33    2   9   29    6  27   87   8   36  116
 30    -


 Monthly Mean      26.71         34.86         61.57

----------------------------------------------------

 May        2003        (k=1.00)

 Date Time(UT)   North        South         Total
      h  m    g   f    R    g   f    R    g   f    R
  1  01 03    3   7   37    4  20   60    7  27   97
  2  01 02    3   7   37    2  18   38    5  25   75
  3    -
  4  00 08    2   3   23    3  22   52    5  25   75
  5  01 31    4   5   45    3  38   68    7  43  113
  6    -
  7  04 38    3   4   34    4  11   51    7  15   85
  8    -
  9  04 41    3   6   36    0   0    0    3   6   36
 10    -
 11    -
 12    -
 13    -
 14    -
 15    -
 16    -
 17    -
 18    -
 19    -
 20    -
 21  01 08    0   0    0    4  16   56    4  16   56
 22  00 07    0   0    0    3   8   38    3   8   38
 23    -
 24    -
 25    -
 26    -
 27    -
 28  00 31    1   1   11    3  17   47    4  18   58
 29  00 46    1   1   11    4  14   54    5  15   65
 30  00 15    1   3   13    3  12   42    4  15   55
 31    -

 Monthly Mean      22.45         46.00         68.45

----------------------------------------------------

 June       2003        (k=1.00)

 Date Time(UT)   North        South         Total
      h  m    g   f    R    g   f    R    g   f    R
  1    -
  2    -
  3  00 02    2   7   27    1   3   13    3  10   40
  4    -
  5  01 24    3  10   40    1   3   13    4  13   53
  6  00 43    4  17   57    1   1   11    5  18   68
  7    -
  8  00 39    4  31   71    3   4   34    7  35  105
  9    -
 10    -
 11    -
 12    -
 13    -
 14    -
 15    -
 16    -
 17    -
 18    -
 19    -
 20  05 43    2   6   26    3  15   45    5  21   71
 21  01 04    1   5   15    2   8   28    3  13   43
 22  02 34    1   6   16    2  14   34    3  20   50
 23    -
 24    -
 25  05 22    3  11   41    2   2   22    5  13   63
 26    -
 27  04 40    7  21   91    2   5   25    9  26  116
 28    -
 29    -
 30  02 29    5  24   74    2   9   29    7  33  103


 Monthly Mean      45.80         25.40         71.20
 
----------------------------------------------------

 July       2003        (k=1.00)

 Date Time(UT)   North        South         Total
      h  m    g   f    R    g   f    R    g   f    R
  1    -
  2  06 22   7   25   95    0   0    0    7  25   95
  3    -
  4    -
  5  00 34   2   24   44    0   0    0    2  24   44
  6    -
  7    -
  8    -
  9    -
 10    -
 11  01 09   1    4   14    2  10   30    3  14   44
 12    -
 13    -
 14    -
 15    -
 16    -
 17    -
 18    -
 19    -
 20    -
 21    -
 22    -
 23    -
 24    -
 25    -
 26    -
 27    -
 28  05 43   3    8   38    2   2   22    5  10   60
 29    -
 30    -
 31    -

 Monthly Mean      47.75         13.00         60.75
 
----------------------------------------------------

 August    2003        (k=1.00)

 Date Time(UT)   North        South         Total
      h  m    g   f    R    g   f    R    g   f    R
  1    -
  2  07 34    1   1   11    4  13   53    5  14   64
  3  00 23    2   5   25    5  15   65    7  20   90
  4  00 21    2   5   25    4  12   52    6  17   77
  5    -
  6    -
  7  07 04    1   1   11    5  29   79    6  30   90
  8    -
  9    -
 10  00 38    0   0    0    5  29   79    5  29   79
 11  00 07    0   0    0    5  16   66    5  16   66
 12  02 30    0   0    0    5  18   68    5  18   68
 13    -
 14    -
 15    -
 16    -
 17    -
 18    -
 19    -
 20    -
 21  01 44    3  13   43    2   4   24    5  17   67
 22  00 23    3  19   49    1   6   16    4  25   65
 23  00 56    3  10   40    1   2   12    4  12   52
 24  02 12    2  34   54    2   7   27    4  41   81
 24  23 56    4  18   58    2   4   24    6  22   82
 26    -
 27  04 39    5  23   73    2   6   26    7  29   99
 28    -
 29  00 08    4  12   52    3   6   36    7  18   88
 30    -
 31    -

 Monthly Mean      31.50         44.79         76.29

----------------------------------------------------

 September    2003        (k=1.00)

 Date Time(UT)   North        South         Total
      h  m    g   f    R    g   f    R    g   f    R
  1    -
  2    -
  3  00 43    1   3   13    3   8   38    4  11   51
  4  07 03    0   0    0    4   9   49    4   9   49
  5  01 07    0   0    0    4  12   52    4  12   52
  6    -
  7    -
  8    -
  9  01 44    0   0    0    2   5   25    2   5   25
 10  00 51    0   0    0    1   5   15    1   5   15
 11  04 30    0   0    0    2  21   41    2  21   41
 12  06 41    0   0    0    2  12   32    2  12   32
 13  23 35    0   0    0    2  11   31    2  11   31
 14    -
 15  00 27    1   2   12    3   5   35    4   7   47
 16    -
 17  01 53    2   9   29    2   8   28    4  17   57
 18  02 37    3  11   41    2   5   25    5  16   66
 19  02 35    4   7   47    2   5   25    6  12   72
 20    -
 21    -
 22    -
 23  00 19    2  12   32    1   1   11    3  13   43
 24    -
 25    -
 26    -
 27  01 02    2  27   47    3   7   37    5  34   84
 28  00 17    1  25   35    3   8   38    4  33   73
 29  00 09    1  25   35    4   9   49    5  34   84
 30  01 03    1  15   25    6  14   74    7  29   99


 Monthly Mean      18.59         35.59         54.18

----------------------------------------------------

 October    2003        (k=1.00)

 Date Time(UT)   North        South         Total
      h  m    g   f    R    g   f    R    g   f    R
  1  02 40    2  10   30    6  17   77    8  27  107
  2  04 44    2   3   23    5  19   69    7  22   92
  3  03 39    2   2   22    4  15   55    6  17   77
  4  05 57    0   0    0    3  19   49    3  19   49
  5  03 15    0   0    0    4  22   62    4  22   62
  6    -
  7    -
  8    -
  9  04 53    1   1   11    3  16   46    4  17   57
 10  01 58    1   1   11    3   9   39    4  10   50
 11    -
 12    -
 13    -
 14    -
 15  05 58    3   5   35    0   0    0    3   5   35
 16  02 49    1   2   12    1   2   12    2   4   24
 17  00 46    1   1   11    2   3   23    3   4   34
 18    -
 19  00 37    3   9   39    1   1   11    4  10   50
 20  01 27    2  10   30    0   0    0    2  10   30
 21  02 30    2  17   37    2   5   25    4  22   62
 22    -
 23  04 13    1  15   25    4   7   47    5  22   72
 24  00 24    3  29   59    3  12   42    6  41  101
 25    -
 26  02 20    2  15   35    1  23   33    3  38   68
 27    -
 28    -
 29  01 18    3  18   48    5  38   88    8  56  136
 30  01 51    2  24   44    6  43  103    8  67  147
 31  01 00    2  22   42    6  43  103    8  65  145

 Monthly Mean      27.05         46.53         73.58

----------------------------------------------------
 
 November    2003        (k=1.00)

 Date Time(UT)   North        South         Total
      h  m    g   f    R    g   f    R    g   f    R
  1    -
  2  00 12    2  10   30    5  23   73    7  33  103
  3    -
  4    -
  5    -
  6  05 10    0   0    0    1   1   11    1   1   11
  7  03 53    0   0    0    0   0    0    0   0    0
  8    -
  9    -
 10    -
 11    -
 12  00 54    0   0    0    2   3   23    2   3   23
 13    -
 14  00 23    1   2   12    0   0    0    1   2   12
 15    -
 16  00 29    3  13   43    0   0    0    3  13   43
 17  00 20    2   9   29    0   0    0    2   9   29
 18  00 05    2  10   30    1   1   11    3  11   41
 19    -
 20    -
 21  05 51    2   7   27    3   9   39    5  16   66
 22  00 45    2  11   31    2  12   32    4  23   63
 23    -
 24    -
 25    -
 26  00 45    2  16   36    4  30   70    6  46  106
 27    -
 28    -
 29    -
 30    -


 Monthly Mean      21.64         23.55         45.18

----------------------------------------------------

 December    2003        (k=1.00)

 Date Time(UT)   North        South         Total
      h  m    g   f    R    g   f    R    g   f    R
  1    -
  2  00 25    1   2   12    6  17   77    7  19   89
  3    -
  4  00 37    1   2   12    4  10   50    5  12   62
  5    -
  6    -
  7  00 07    1   1   11    2  10   30    3  11   41
  8  03 44    1   1   11    2   4   24    3   5   35
  9  02 35    0   0    0    2   3   23    2   3   23
 10  04 37    0   0    0    1   1   11    1   1   11
 11    -
 12    -
 13  00 44    2   5   25    1   3   13    3   8   38
 14  00 36    2  10   30    1   3   13    3  13   43
 15  00 20    2   5   25    1   3   13    3   8   38
 16  01 45    1   9   19    1   8   18    2  17   37
 17  03 07    3   6   36    4  10   50    7  16   86
 18  00 49    3   9   39    4   6   46    7  15   85
 19  02 31    3  10   40    4   4   44    7  14   84
 20    -
 21  00 39    5  21   71    2   2   22    7  23   93
 22  01 50    5  25   75    2   3   23    7  28   98
 23  02 49    4  21   61    2   5   25    6  26   86
 24  02 33    3  14   44    2   2   22    5  16   66
 25  03 25    3  21   51    1   1   11    4  22   62
 26  00 37    2  16   36    1   4   14    3  20   50
 27  00 50    2  10   30    1   4   14    3  14   44
 28  01 06    2   9   29    3   5   35    5  14   64
 29  02 51    2   4   24    1   1   11    3   5   35
 30  00 46    2   3   23    0   0    0    2   3   23
 31  00 50    1   1   11    0   0    0    1   1   11
 
 Monthly Mean      29.79         24.54         54.33

----------------------------------------------------

