 January  2000    (k=1.00)
                
 Date Time(UT)   North         South        Total
      h  m    g   f    R    g   f    R    g   f    R
  1  01 37    3  10   40    1   2   12    4  12   52
  2  01 02    3   8   38    1   2   12    4  10   50
  3  02 21    3   9   39    1   8   18    4  17   57
  4  00 26    4   8   48    1   6   16    5  14   64
  5  01 20    5  15   65    2   5   25    7  20   90
  6    -
  7    -
  8    -
  9    -
 10  02 53    2   4   24    3   6   36    5  10   60
 11  05 17    2   8   28    5  17   67    7  25   95
 12    -
 13    -
 14  04 16    5   9   59    8  29  109   13  38  168
 15  02 44    4  10   50    6  35   95   10  45  145
 16    -
 17    -
 18  01 42    3   8   38    4  17   57    7  25   95
 19    -
 20  05 06    3  11   41    4  15   55    7  26   96
 20  23 48    4  17   57    4  16   56    8  33  113
 22  00 11    4  14   54    5  11   61    9  25  115
 23  00 52    5  10   60    3   5   35    8  15   95
 24  00 24    3   8   38    3   8   38    6  16   76
 25    -
 26  00 12    2   6   26    4  11   51    6  17   77
 27  01 48    1   9   19    2   7   27    3  16   46
 28  02 01    1   7   17    3   9   39    4  16   56
 29  00 25    1   4   14    4   9   49    5  13   63
 30  01 32    1   1   11    4   9   49    5  10   60
 30  23 30    2   4   24    4   8   48    6  12   72
 
 Monthly Mean      37.62         45.48         83.10
 
----------------------------------------------------

 February  2000  (k=1.00)
 
 Date Time(UT)   North         South         Total
       h  m   g   f    R    g   f    R    g   f    R
  1   00 34   2  11   31    4  10   50    6  21   81
  2   01 23   2  10   30    3   5   35    5  15   65
  3   02 14   1   6   16    4   8   48    5  14   64
  3   23 30   3  10   40    6  11   71    9  21  111
  5   00 24   5  17   67    6  14   74   11  31  141
  6     -
  7   01 59   4  19   59    8  17   97   12  36  156
  8   00 57   5  15   65    6  13   73   11  28  138
  9   00 18   3  10   40    6  11   71    9  21  111
 10   04 23   4   9   49    6  13   73   10  22  122
 11   01 39   3   7   37    6  13   73    9  20  110
 12   04 40   2   3   23    7  17   87    9  20  110
 13   00 28   2   4   24    7  15   85    9  19  109
 14     -
 15   01 36   2   3   23    8  18   98   10  21  121
 16   00 37   2   3   23    9  23  113   11  26  136
 17   00 04   1   2   12    8  22  102    9  24  114
 17   23 32   2   3   23    7  19   89    9  22  112
 19     -
 20     -
 21   02 05   2   4   24    3  16   46    5  20   70
 22   00 56   4   6   46    4  16   56    8  22  102
 23   01 23   4  12   52    3  10   40    7  22   92
 24   00 16   6  15   75    3   8   38    9  23  113
 24   23 33   6  24   84    4  17   57   10  41  141
 26     -
 27   00 20   7  23   93    5  19   69   12  42  162
 28   01 50   7  16   86    3  13   43   10  29  129
 29   00 19   9  22  112    4  23   63   13  45  175

 
  Monthly Mean     49.20         67.88        117.08
 
----------------------------------------------------
 
 March  2000     (k=1.00)
 
 Date Time(UT)   North         South         Total
      h  m    g   f    R    g   f    R    g   f    R
  1    -
  2  00 13    5  11   61    2  12   32    7  23   93
  2  23 30    5  17   67    3  24   54    8  41  121
  4    -
  5    -
  6    -
  7  00 44    3   4   34    8  27  107   11  31  141
  8  00 40    0   0    0    8  19   99    8  19   99
  9  02 01    1   1   11    9  32  122   10  33  133
  9  23 35    1  11   21   11  35  145   12  46  166
 11    -
 12    -
 13  01 52    2   8   28    8  27  107   10  35  135
 14  01 06    3   7   37    5  14   64    8  21  101
 14  23 34    2   8   28    5  20   70    7  28   98
 16    -
 16  23 39    2  17   37    4  20   60    6  37   97
 18  00 18    3  15   45    3  15   45    6  30   90
 19    -
 20  00 56    6  37   97    3  10   40    9  47  137
 21  01 07    5  25   75    2   7   27    7  32  102
 22  00 53    6  31   91    2  10   30    8  41  121
 23    -
 24    -
 25  00 42    6  17   77    7  19   89   13  36  166
 26  00 48    7  21   91    6  21   81   13  42  172
 27  01 50    6  26   86    6  23   83   12  49  169
 28    -
 29  00 43    4   9   49    4  18   58    8  27  107
 30    -
 31    -
 
 Monthly Mean     51.94         72.94        124.89
 
----------------------------------------------------

 April  2000     (k=1.00)
 
 Date Time(UT)   North         South         Total
      h  m    g   f    R    g   f    R    g   f    R
  1  00 19    6  15   75    5  14   64   11  29  139
  2    -
  3    -
  4  01 12    5  13   63    6  12   72   11  25  135
  5    -
  6    -
  7  06 00    3   6   36    4  15   55    7  21   91
  8  00 50    4   6   46    3  17   47    7  23   93
  9  01 03    3   7   37    4  17   57    7  24   94
 10    -
 11  01 49    3   4   34    5  23   73    8  27  107
 12  00 24    4   7   47    6  22   82   10  29  129
 13  01 52    4   7   47    5  18   68    9  25  115
 14    -
 15    -
 16    -
 17  01 18    8  15   95    3  15   45   11  30  140
 18  02 09    4  13   53    5   9   59    9  22  112
 19    -
 20    -
 21    -
 22  01 40    6  19   79    5  14   64   11  33  143
 23    -
 24  04 45    6  35   95    4  22   62   10  57  157
 25  03 55    5  21   71    3  12   42    8  33  113
 26    -
 27    -
 27  23 33    4  10   50    2   8   28    6  18   78
 29  00 41    3   8   38    4  13   53    7  21   91
 30  00 29    2   5   25    4  15   55    6  20   80

  
 Monthly Mean      55.69         57.88        113.56

----------------------------------------------------

 May  2000       (k=1.00)
 
 Date Time(UT)   North         South         Total
       h  m   g   f   R     g   f    R    g   f    R
  1   01 11   2   8   28    5  13   63    7  21   91
  2   05 09   2   6   26    5  10   60    7  16   86
  3   03 13   2   3   23    5   7   57    7  10   80
  4   00 41   0   0    0    4   5   45    4   5   45
  5   00 02   1   1   11    4   6   46    5   7   57
  6     -
  7     -
  8   01 40   3   6   36    1   1   11    4   7   47
  9   02 01   4   9   49    1   2   12    5  11   61
 10   00 21   5  16   66    2   8   28    7  24   94
 11     -
 12     -
 13     -
 14     -
 15     -
 16   01 14   7  16   86    4  14   54   11  30  140
 17     -
 18   03 59   3  13   43    3  19   49    6  32   92
 19     -
 20     -
 21     -
 22     -
 23   02 05   4  18   58    3  13   43    7  31  101
 24   00 23   4  11   51    3   4   34    7  15   85
 25   06 23   6  20   80    3   5   35    9  25  115
 26   01 05   6  28   88    4   8   48   10  36  136
 27     -
 28   04 45   3   9   39    3  12   42    6  21   81
 29   01 09   4  11   51    5  23   73    9  34  124
 30   02 00   3   5   35    5  14   64    8  19   99
 31     -
 
 Monthly Mean      45.29         44.94         90.24

----------------------------------------------------

 June  2000      (k=1.00)
 
 Date Time(UT)   North         South         Total
       h  m   g   f    R    g   f   R     g   f    R
  1   00 20   2   3   23    3  15   45    5  18   68
  2   05 09   3   6   36    3   7   37    6  13   73
  3     -
  4   00 16   2   8   28    3  10   40    5  18   68
  5   02 39   3  18   48    3  11   41    6  29   89
  6   00 58   3  16   46    4  12   52    7  28   98
  6   23 44   4  19   59    4  11   51    8  30  110
  8     -
  9     -
 10     -
 11     -
 12     -
 13     -
 14     -
 15     -
 16   01 32   8  38  118    3   6   36   11  44  154
 17     -
 18   02 33   6  25   85    6  10   70   12  35  155
 19   05 53   5  31   81    4  10   50    9  41  131
 20   01 56   5  34   84    4  11   51    9  45  135
 21     -
 22   02 45   5  13   63    3   8   38    8  21  101
 23     -
 24     -
 25     -
 26     -
 27     -
 28     -
 29     -
 30     -

  
 Monthly Mean      61.00         46.45        107.45
 
----------------------------------------------------

 July  2000      (k=1.00)
  
 Date Time(UT)   North         South         Total
       h  m   g   f    R    g   f   R     g   f    R
  1   00 52   6  10   70    4  10   50   10  20  120
  2   00 41   5   8   58    6  13   73   11  21  131
  2   23 47   5   8   58    6  14   74   11  22  132
  4     -
  5     -
  6     -
  7     -
  8     -
  9   01 16   5  28   78    7  34  104   12  62  182
 10   01 13   4  20   60    6  26   86   10  46  146
 11   01 48   7  36  106    8  43  123   15  79  229
 12     -
 13     -
 14   04 33   8  34  114    6  13   73   14  47  187
 15     -
 16   02 46   6  39   99    3   6   36    9  45  135
 17   03 07   8  53  133    6  19   79   14  72  212
 18     -
 19     -
 20   05 31   9  47  137    7  36  106   16  83  243
 21     -
 22   00 22   8  30  110    4  22   62   12  52  172
 23   00 42   9  38  128    6  31   91   15  69  219
 24   02 26   6  31   91    6  22   82   12  53  173
 25     -
 26     -
 27     -
 28     -
 29     -
 30   00 34   4  13   53    6  10   70   10  23  123
 31   05 33   3   9   39    5  12   62    8  21  101
 
 Monthly Mean      88.93         78.07        167.00
  
----------------------------------------------------

 August  2000    (k=1.00)

 Date Time(UT)   North         South         Total
       h  m   g   f    R    g   f    R    g   f    R
  1   01 44   4  11   51    5  19   69    9  30  120
  2   05 00   4  12   52    5  15   65    9  27  117
  3   00 59   5   8   58    4  13   53    9  21  111
  4     -
  5     -
  6   06 14   3  10   40    8  18   98   11  28  138
  7     -
  8   02 28   4  14   54    5  11   61    9  25  115
  9     -
 10   00 34   4  11   51    2   6   26    6  17   77
 10   23 44   6  18   78    4   7   47   10  25  125
 12     -
 13     -
 14   02 23  10  42  142    6  16   76   16  58  218
 15     -
 16     -
 17   04 21   5  18   68    5  21   71   10  39  139
 18     -
 19   01 31   6  26   86    4   8   48   10  34  134
 20     -
 21     -
 22     -
 23     -
 24     -
 25     -
 26     -
 27   01 57   3   9   39    3   7   37    6  16   76
 28     -
 29     -
 30     -
 31     -
 
 Monthly Mean      65.36         59.18        124.55

----------------------------------------------------

 September  2000 (k=1.00)
 
 Date Time(UT)   North         South         Total
       h  m   g   f    R    g   f    R    g   f    R
  1     -
  2     -
  3     -
  4     -
  5     -
  6     -
  7     -
  8     -
  9     -
 10     -
 11     -
 12     -
 13     -
 14     -
 15     -
 16     -
 17     -
 18   06 42   4  22   62    1  19   29    5  41   91
 19     -
 20   03 20   4  20   60    1  17   27    5  37   87
 21   06 24   2  55   75    2  48   68    4 103  143
 22   00 12   2  32   52    2  29   49    4  61  101
 23     -
 24     -
 25   00 04   3  39   69    3  15   45    6  54  114
 26   06 03   3  20   50    5  13   63    8  33  113
 27     -
 28     -
 29     -
 30     -

  
 Monthly Mean      61.33         46.83        108.17
 
----------------------------------------------------

 October  2000   (k=1.00)
 
 Date Time(UT)   North         South         Total
       h  m   g   f    R    g   f    R    g   f    R
  1     -
  2     -
  3     -
  4     -
  5     -
  6     -
  7     -
  8     -
  9     -
 10     -
 11     -
 12     -
 13     -
 14     -
 15     -
 16     -
 17     -
 18     -
 19     -
 20     -
 21     -
 22     -
 23     -
 24     -
 25     -
 26     -
 27     -
 28     -
 29     -
 30     -
 31     -
 
 Monthly Mean
 
 ---------------------------------------------------

 November  2000  (k=1.00)
 
 Date Time(UT)   North         South         Total
       h  m   g   f    R    g   f    R    g   f    R
  1     -
  2     -
  3     -
  4     -
  5     -
  6     -
  7     -
  8     -
  9     -
 10     -
 11     -
 12     -
 13     -
 14     -
 15     -
 16     -
 17     -
 18     -
 19     -
 20     -
 21     -
 22     -
 23     -
 24     -
 25     -
 26     -
 27     -
 28     -
 29     -
 30     -

 
  Monthly Mean
 
----------------------------------------------------

 December  2000  (k=1.00)
 
 Date Time(UT)   North         South         Total
       h  m   g   f    R    g   f    R    g   f    R
  1     -
  2   01 02   5   9   59    3  14   44    8  23  103
  3     -
  4   03 40   3   5   35    1   2   12    4   7   47
  5     -
  5   23 43   1   5   15    1   1   11    2   6   26
  7   04 49   3   7   37    1   4   14    4  11   51
  8   02 27   2   9   29    2   5   25    4  14   54
  9     -
 10     -
 11   02 27   4   8   48    2   3   23    6  11   71
 12   00 53   5  15   65    1   2   12    6  17   77
 13   03 06   4  24   64    1   2   12    5  26   76
 14     -
 15     -
 16     -
 17     -
 18     -
 19     -
 20     -
 21     -
 22     -
 23     -
 24     -
 25     -
 26   00 42   3  20   50    3   7   37    6  27   87
 27     -
 28   01 50   4  18   58    5  14   64    9  32  122
 29     -
 30     -
 31     -
 
 Monthly Mean      46.00         25.40         71.40

----------------------------------------------------
 
