 January  2001    (k=1.00)
 
 Date Time(UT)   North         South         Total
      h  m    g   f    R    g   f    R    g   f    R
  1  00 10    2   3   23    4  15   55    6  18   78
  2    -
  3  00 29    3   4   34    3  12   42    6  16   76
  4  00 33    4   4   44    3  13   43    7  17   87
  5  00 13    6  11   71    3  12   42    9  23  113
  6  00 27    6  14   74    5  14   64   11  28  138
  7    -
  8    -
  9    -
 10    -
 11  01 37    6  21   81    1   1   11    7  22   92
 12  01 28    6  33   93    2   2   22    8  35  115
 13    -
 14  00 37    6  43  103    0   0    0    6  43  103
 15  00 06    3  27   57    0   0    0    3  27   57
 16    -
 17  01 38    4  14   54    2   2   22    6  16   76
 18  00 30    4  10   50    0   0    0    4  10   50
 19  01 51    4  10   50    1   3   13    5  13   63
 20    -
 21    -
 22    -
 23  02 25    1   4   14    6  21   81    7  25   95
 23  23 51    3   8   38    5  31   81    8  39  119
 25    -
 26    -
 27    -
 28    -
 29  00 33    3   5   35    1   5   15    4  10   50
 30    -
 31    -
 
 Monthly Mean      54.73         32.73         87.47
 
----------------------------------------------------
 
 February  2001   (k=1.00)
 
 Date Time(UT)   North         South         Total
      h  m    g   f    R    g   f    R    g   f    R
  1    -
  2    -
  3    -
  4    -
  5  00 23    3   14  44    2   5   25    5  19   69
  6  01 19    4   17  57    4   9   49    8  26  106
  7    -
  8  00 43    4   25  65    4  19   59    8  44  124
  9  03 56    5   11  61    3   6   36    8  17   97
 10  03 00    6   11  71    3  19   49    9  30  120
 11  01 48    5    8  58    2  10   30    7  18   88
 12  03 58    4    5  45    2   6   26    6  11   71
 13    -
 14    -
 15  00 43    4    9  49    3   4   34    7  13   83
 16    -
 17  00 56    2    3  23    2   3   23    4   6   46
 18  02 24    3    4  34    3   8   38    6  12   72
 19  01 13    3    4  34    5  15   65    8  19   99
 20  01 05    1    1  11    4  13   53    5  14   64
 21  01 17    2    2  22    5  13   63    7  15   85
 22  00 34    2    4  24    6  10   70    8  14   94
 23  00 43    2    6  26    3  12   42    5  18   68
 24    -
 25  00 55    1    7  17    3   7   37    4  14   54
 26  00 08    1   13  23    3   6   36    4  19   59
 27  00 45    1   14  24    2   2   22    3  16   46
 28    -




 Monthly Mean      38.22         42.06         80.28
 
----------------------------------------------------
  
 March  2001      (k=1.00)
 
 Date Time(UT)   North         South         Total
      h  m    g   f    R    g   f    R    g   f    R
  1    -
  2  04 40    2   2   22    2   2   22    4   4   44
  3    -
  4    -
  5    -
  6  00 20    5  16   66    2   5   25    7  21   91
  7    -
  8  02 16    3  11   41    1   1   11    4  12   52
  9  00 18    2  17   37    0   0    0    2  17   37
 10  01 00    2  19   39    3   6   36    5  25   75
 11  01 04    2   7   27    3  11   41    5  18   68
 12    -
 13  00 22    0   0    0    2  11   31    2  11   31
 13  23 22    0   0    0    3  17   47    3  17   47
 15  00 38    1   2   12    2  20   40    3  22   52
 16    -
 17    -
 18  06 19    1   1   11    1   3   13    2   4   24
 19  00 35    1   1   11    2   6   26    3   7   37
 20  00 32    2   4   24    2  10   30    4  14   54
 20  23 56    3   4   34    3   7   37    6  11   71
 22  05 35    4  15   55    2   5   25    6  20   80
 23    -
 24  00 53    5  13   63    3   5   35    8  18   98
 25    -
 26  05 13    8  40  120    6  34   94   14  74  214
 27  00 19    6  35   95    7  33  103   13  68  198
 28    -
 29    -
 30    -
 31    -
 
 Monthly Mean      38.65         36.24         74.88
 
----------------------------------------------------
 
 April  2001      (k=1.00)
 
 Date Time(UT)   North         South         Total
      h  m    g   f    R    g   f    R    g   f    R
  1  02 41    6  24   84    5  23   73   11  47  157
  2  01 09    5  20   70    5  13   63   10  33  133
  3  00 21    5  14   64    4  12   52    9  26  116
  3  23 39    6  14   74    6  18   78   12  32  152
  5  04 58    6   9   69    4  14   54   10  23  123
  5  23 48    5   9   59    6  14   74   11  23  133
  7  00 29    3   5   35    3  11   41    6  16   76
  8    -
  9    -
 10    -
 11  02 11    2   7   27    7  39  109    9  46  136
 12    -
 13    -
 14  00 57    3   6   36    5  16   66    8  22  102
 15  00 57    2   5   25    5   8   58    7  13   83
 16  00 00    2   3   23    5   9   59    7  12   82
 17    -
 18    -
 19    -
 19  23 59    4  13   53    1   3   13    5  16   66
 21    -
 22  05 11    4  24   64    3  12   42    7  36  106
 23  04 39    4  14   54    3   7   37    7  21   91
 24  02 30    3  27   57    3   7   37    6  34   94
 25    -
 26  06 04    3  27   57    3   5   35    6  32   92
 27  06 22    5  29   79    3   4   34    8  33  113
 28  00 59    4  16   56    2   3   23    6  19   79
 29    -
 30    -

 
 Monthly Mean      54.78         52.67        107.44
 
----------------------------------------------------
 
 May 2001         (k=1.00)
  
 Date Time(UT)   North         South         Total
      h  m    g   f    R    g   f    R    g   f    R
  1  02 01    4  19   59    2   3   23    6  22   82
  2    -
  3    -
  4  01 39    6  51  111    1   1   11    7  52  122
  5    - 
  6  05 25    5  19   69    3   5   35    8  24  104
  7  04 40    3  11   41    5   8   58    8  19   99
  8    -
  9    -
 10    -
 11  00 36    2   5   25    4   9   49    6  14   74
 12  00 54    3  12   42    2  16   36    5  28   78
 13  01 06    3  10   40    2  12   32    5  22   72
 14  00 54    3  15   45    2  21   41    5  36   86
 15  00 55    2  10   30    3  11   41    5  21   71
 16    -
 17  06 16    4  14   54    2   9   29    6  23   83
 18  00 06    4  12   52    1   7   17    5  19   69
 19  00 52    5  15   65    0   0    0    5  15   65
 20  00 56    3  10   40    1   1   11    4  11   51
 21  03 15    3   9   39    3   3   33    6  12   72
 22    -
 23    -
 24    -
 25  00 09    5  23   73    2   5   25    7  28   98
 26    -
 27    -
 28  00 56    5  14   64    2   6   26    7  20   90
 28  23 51    6  12   72    1   1   11    7  13   83
 30    -
 31    -
 
 Monthly Mean      54.18         28.12         82.29
 
----------------------------------------------------
 
 June 2001        (k=1.00)
  
 Date Time(UT)   North         South         Total
      h  m    g   f    R    g   f    R    g   f    R
  1  05 49    1   1   11    1   2   12    2   3   23
  2  04 34    2   4   24    2   8   28    4  12   52
  3  00 54    3   8   38    4  11   51    7  19   89
  4  00 06    3   8   38    2   9   29    5  17   67
  5    -
  6    -
  7    -
  8    -
  9    -
 10    -
 11  00 22    9  31  121    3  10   40   12  41  161
 12    -
 13    -
 14    -
 15    -
 16    -
 17    -
 18  01 48    9  41  131    2   8   28   11  49  159
 19    -
 20    -
 21    -
 22    -
 23    -
 24    -
 25    -
 26  02 21    5  13   63    2  10   30    7  23   93
 26  23 48    5  11   61    2  12   32    7  23   93
 28  01 38    4  11   51    2   3   23    6  14   74
 29  00 48    4   8   48    3   5   35    7  13   83
 30    -

 
  Monthly Mean      58.60         30.80         89.40
 
----------------------------------------------------
 
 July 2001        (k=1.00)
 
 Date Time(UT)   North         South         Total
      h  m    g   f    R    g   f    R    g   f    R
  1  01 10    2   3   23    3   3   33    5   6   56
  2  02 14    4   7   47    4   8   48    8  15   95
  3  02 07    4   5   45    4   5   45    8  10   90
  4  01 58    5  10   60    2   6   26    7  16   86
  5  01 12    4   7   47    3   6   36    7  13   83
  6    -
  7  04 54    2   6   26    2   6   26    4  12   52
  8  01 39    1   5   15    3   6   36    4  11   51
  9  00 32    2   7   27    2  10   30    4  17   57
 10  00 11    1   4   14    3  10   40    4  14   54
 11  01 57    3   6   36    2  11   31    5  17   67
 12  01 00    4   7   47    4  15   55    8  22  102
 13  00 31    6   8   68    4  11   51   10  19  119
 14  01 14    7  14   84    4  17   57   11  31  141
 15    -
 16  03 26    5  15   65    4  22   62    9  37  127
 17  01 06    5  18   68    5  24   74   10  42  142
 18    -
 19    -
 20  04 23    6  12   72    4  22   62   10  34  134
 21    -
 22  01 25    7  15   85    2  17   37    9  32  122
 23  00 30    4  11   51    2  20   40    6  31   91
 24  01 21    5   9   59    1  13   23    6  22   82
 25  00 45    3  14   44    3  11   41    6  25   85
 26    -
 27    -
 28    -
 29    -
 30  01 14    1   1   11    3   5   35    4   6   46
 31  00 07    1   2   12    3   8   38    4  10   50
 
 Monthly Mean      45.73         42.00         87.82
 
----------------------------------------------------
 
 August 2001      (k=1.00)
  
 Date Time(UT)   North         South         Total
      h  m    g   f    R    g   f    R    g   f    R
  0  23 32    1   4   14    3  10   40    4  14   54
  2    -
  3  04 40    3  10   40    4  15   55    7  25   95
  4    -
  5    -
  6    -
  7    -
  8    -
  9    -
 10  05 40    4  11   51    4  14   54    8  25  105
 11    -
 12    -
 13    -
 14  00 19    3   5   35    5  22   72    8  27  107
 15    -
 16  06 25    4   8   48    7  14   84   11  22  132
 17  04 57    3   7   37    9  11  101   12  18  138
 18    -
 19    -
 20  00 07    5  24   74    3   4   34    8  28  108
 21    -
 22    -
 23  01 18    5  36   86    3   9   39    8  45  125
 24  00 42    5  22   72    4  10   50    9  32  122
 25  01 36    3  17   47    2  12   32    5  29   79
 26    -
 27  02 01    3   7   37    4  49   89    7  56  126
 28  00 11    3   8   38    4  31   71    7  39  109
 29    -
 30    -
 31    -
 
 Monthly Mean      48.25         60.08        108.33
 
----------------------------------------------------
 
 September  2001  (k=1.00)
 
 Date Time(UT)   North         South         Total
      h  m    g   f    R    g   f    R    g   f    R
  1  02 06    3  29   59    6  16   76    9  45  135
  2  01 31    3  23   53    4   7   47    7  30  100
  3    -
  4    -
  5  02 55    3  20   50    5  13   63    8  33  113
  6    -
  7    -
  8    -
  9    -
 10    -
 11    -
 12  03 06    2   6   26    6  45  105    8  51  131
 13    -
 14    -
 15    -
 16    -
 17    -
 18  00 54    7  15   85    3  14   44   10  29  129
 19  04 55    8  18   98    3  14   44   11  32  142
 20    -
 21    -
 22  05 11    7  26   96    4  24   64   11  50  160
 23  00 58    8  26  106    4  24   64   12  50  170
 24  01 15    9  22  112    2  25   45   11  47  157
 25  00 06    9  30  120    3  34   64   12  64  184
 25  23 55   10  37  137    3  47   77   13  84  214
 27    -
 28  04 32    8  33  113    4  23   63   12  56  176
 29  06 23    6  19   79    5  21   71   11  40  150
 30    -
 

  Monthly Mean      87.23         63.62        150.85
 
----------------------------------------------------
  
 October  2001    (k=1.00)
  
 Date Time(UT)   North         South         Total
      h  m    g   f    R    g   f    R    g   f    R
  1    -
  2  01 31    8  26  106    5  16   66   13  42  172
  3  00 05    7  29   99    4  21   61   11  50  160
  4  02 35    4  10   50    6  28   88   10  38  138
  5    -
  6  01 45    3   3   33    7  19   89   10  22  122
  7    -
  8    -
  9    -
 10
 11  04 43    4   8   48    5  15   65    9  23  113
 12  02 25    5  13   63    5   9   59   10  22  122
 13  01 08    4  12   52    6  18   78   10  30  130
 14    -
 15  00 50    6  18   78    4  12   52   10  30  130
 16  00 18    5  37   87    4  13   53    9  50  140
 17    -
 18    -
 19  00 39    6  26   86    4  11   51   10  37  137
 20  01 57    6  33   93    4  12   52   10  45  145
 21    -
 22  23 43    8  17   97    3  11   41   11  28  138
 23    -
 24    -
 25  01 44    7  18   88    5  16   66   12  34  154
 25  23 54    8  38  118    5  17   67   13  55  185
 27  00 54    4  16   56    4  11   51    8  27  107
 28    -
 29    -
 30    -
 31  00 10    3  22   52    0   0    0    3  22   52
 
 Monthly Mean      75.38         58.69        134.06
 
----------------------------------------------------
 
 November  2001   (k=1.00)
  
 Date Time(UT)   North         South         Total
      h  m    g   f    R    g   f    R    g   f    R
  1  01 33    4  40   80    0   0    0    4  40   80
  2  00 26    5  31   81    1   3   13    6  34   94
  3    -
  4  00 31    4  18   58    2  10   30    6  28   88
  5  00 17    5  18   68    3  23   53    8  41  121
  6    -
  7  06 28    6   8   68    4  34   74   10  42  142
  8  02 16    7  13   83    4  26   66   11  39  149
  9    -
 10    -
 11  00 42    7  13   83    4  42   82   11  55  165
 12  06 16    5  10   60    2  21   41    7  31  101
 12  23 34    5  11   61    5  24   74   10  35  135
 14  00 04    4  11   51    5  26   76    9  37  127
 15    -
 16  02 16    5  17   67    4  11   51    9  28  118
 17    -
 18  03 52    6  16   76    2  11   31    8  27  107
 19  01 12    4  10   50    3  11   41    7  21   91
 20  04 25    3   9   39    4  16   56    7  25   95
 21  04 13    2   3   23    3  27   57    5  30   80
 22  00 52    4  10   50    3  23   53    7  33  103
 23  00 29    3  10   40    4  17   57    7  27   97
 24  01 01    2   5   25    3  13   43    5  18   68
 25  01 07    2   7   27    3   9   39    5  16   66
 26    -
 27  02 35    2  15   35    3   6   36    5  21   71
 28  02 44    4  17   57    3   6   36    7  23   93
 29  00 32    5  21   71    3   8   38    8  29  109
 30  02 53    7  22   92    4  13   53   11  35  145

 
 Monthly Mean      58.48         47.83        106.30
 
----------------------------------------------------
  
 December  2001   (k=1.00)
 
 Date Time(UT)   North         South         Total
      h  m    g   f    R    g   f    R    g   f    R
  1  00 11    5  16   66    4  12   52    9  28  118
  2  01 14    5  12   62    5  13   63   10  25  125
  3  00 05    5  19   69    5  19   69   10  38  138
  4    -
  5    -
  6    -
  7  04 17    7  18   88    5  26   76   12  44  164
  8  01 13    8  15   95    5  25   75   13  40  170
  9    -
 10  01 08    5  13   63    2   7   27    7  20   90
 11    -
 12    -
 13    -
 14  06 16    2  17   37    4  10   50    6  27   87
 15  02 33    2  15   35    4  13   53    6  28   88
 16  01 15    3  12   42    4  11   51    7  23   93
 17  00 18    4  19   59    6  12   72   10  31  131
 18  00 16    3  14   44    5  10   60    8  24  104
 19  00 02    2  13   33    4   8   48    6  21   81
 20  00 58    3  11   41    1   2   12    4  13   53
 21    -
 22  00 46    5  27   77    5  15   65   10  42  142
 23  00 57    5  28   78    5  10   60   10  38  138
 24  00 15    6  46  106    5  20   70   11  66  176
 25    -
 26  02 07    4  33   73    6  30   90   10  63  163
 27  01 16    4  23   63    4  22   62    8  45  125
 28  00 09    6  23   83    6  28   88   12  51  171
 29  01 52    4  17   57    5  25   75    9  42  132
 30  01 11    4   7   47    4  18   58    8  25  105
 31  00 12    6  19   79    6  20   80   12  39  159
 
 Monthly Mean      63.50         61.64        125.14
 
-- ---------------------------------------------------
 
