 January    2010        (k=1.00)

 Date Time(UT)   North        South         Total
      h  m    g   f    R    g   f    R    g   f    R
  1  00 01    0   0    0    1   5   15    1   5   15
  2  00 55    0   0    0    1   5   15    1   5   15
  3  00 02    0   0    0    1   3   13    1   3   13
  4  03 08    0   0    0    1   2   12    1   2   12
  5  00 59    0   0    0    0   0    0    0   0    0
  6  00 02    0   0    0    0   0    0    0   0    0
  7  00 26    0   0    0    0   0    0    0   0    0
  8  01 54    1   3   13    1   1   11    2   4   24
  9  00 57    1   4   14    0   0    0    1   4   14
 10  00 40    1   6   16    0   0    0    1   6   16
 11    -
 12    -
 13  02 01    1   9   19    0   0    0    1   9   19
 14  00 44    1  10   20    0   0    0    1  10   20
 15  00 08    1  11   21    0   0    0    1  11   21
 16  00 19    1   9   19    0   0    0    1   9   19
 17  00 22    1   5   15    0   0    0    1   5   15
 18  00 44    1   2   12    0   0    0    1   2   12
 19  00 20    0   0    0    0   0    0    0   0    0
 20  00 07    0   0    0    0   0    0    0   0    0
 21    -
 22  00 50    0   0    0    1   5   15    1   5   15
 23  02 20    1   7   17    1   7   17    2  14   34
 24  00 04    1   7   17    1  10   20    2  17   37
 25  00 05    1   2   12    1   7   17    2   9   29
 26  01 22    1   1   11    1   7   17    2   8   28
 27  00 37    0   0    0    1   4   14    1   4   14
 28    -
 29  00 26    0   0    0    1   1   11    1   1   11
 30  00 27    0   0    0    1   1   11    1   1   11
 31  00 15    1   3   13    0   0    0    1   3   13

Monthly Mean        8.11          6.96         15.07

----------------------------------------------------
 
 February    2010        (k=1.00)

 Date Time(UT)   North        South         Total
      h  m    g   f    R    g   f    R    g   f    R
  1    -
  2    -
  3  00 10    1   2   12    0   0    0    1   2   12
  4    -
  5  01 41    2   2   22    0   0    0    2   2   22
  6  00 26    3   4   34    0   0    0    3   4   34
  7  00 04    2  12   32    0   0    0    2  12   32
  8  00 55    3  12   42    0   0    0    3  12   42
  9  02 05    2  21   41    1   1   11    3  22   52
 10    -
 11    -
 12    -
 13    -
 14  00 16    1   3   13    0   0    0    1   3   13
 15    -
 16    -
 17    -
 18  03 44    0   0    0    1   6   16    1   6   16
 19    -
 20  00 09    0   0    0    1   5   15    1   5   15
 21  00 08    0   0    0    1   4   14    1   4   14
 22  04 33    0   0    0    1   2   12    1   2   12
 23  02 44    0   0    0    1   4   14    1   4   14
 24  00 26    0   0    0    1   4   14    1   4   14
 25  04 27    1   2   12    1   4   14    2   6   26
 26    -
 27    -
 28  05 36    1   1   11    0   0    0    1   1   11

Monthly Mean       14.60          7.33         21.93

----------------------------------------------------

 March    2010        (k=1.00)

 Date Time(UT)   North        South         Total
      h  m    g   f    R    g   f    R    g   f    R
  1    -
  2    -
  3  02 03    1   1   11    2   2   22    3   3   33
  4    -
  5  01 56    1   1   11    2   2   22    3   3   33
  6    -
  7    -
  8    -
  9    -
 10  06 54    0   0    0    0   0    0    0   0    0
 11  01 42    1   3   13    1   5   15    2   8   28
 12  00 03    1   9   19    1   2   12    2  11   31
 13  00 20    1  10   20    0   0    0    1  10   20
 14  00 10    1  11   21    0   0    0    1  11   21
 15    -
 16  02 33    1   3   13    0   0    0    1   3   13
 17  03 41    1   5   15    0   0    0    1   5   15
 18  02 06    2   5   25    0   0    0    2   5   25
 19  00 21    2   2   22    0   0    0    2   2   22
 19  23 46    0   0    0    0   0    0    0   0    0
 21  02 22    1   6   16    0   0    0    1   6   16
 22  00 20    1   8   18    0   0    0    1   8   18
 23  00 01    1   1   11    0   0    0    1   1   11
 24    -
 25    -
 26  01 50    2   6   26    0   0    0    2   6   26
 27  01 02    1   4   14    0   0    0    1   4   14
 28    -
 29    -
 30  00 29    1   8   18    1   2   12    2  10   30
 31    -

Monthly Mean       15.17          4.61         19.78

----------------------------------------------------

 April    2010        (k=1.00)

 Date Time(UT)   North        South         Total
      h  m    g   f    R    g   f    R    g   f    R
  1  03 50    1   2   12    1   2   12    2   4   24
  2    -
  3  03 50    1   1   11    1   3   13    2   4   24
  4    -
  5    -
  6  03 42    2   7   27    0   0    0    2   7   27
  7    -
  8  00 05    2   4   24    0   0    0    2   4   24
  9    -
 10  01 06    1   2   12    0   0    0    1   2   12
 11  02 42    0   0    0    0   0    0    0   0    0
 12    -
 13  00 12    0   0    0    1   1   11    1   1   11
 14  00 23    0   0    0    1   1   11    1   1   11
 15    -
 16    -
 17  04 35    0   0    0    0   0    0    0   0    0
 18  00 06    0   0    0    0   0    0    0   0    0
 19  00 17    0   0    0    0   0    0    0   0    0
 20    -
 21  00 55    0   0    0    0   0    0    0   0    0
 22    -
 23    -
 24  00 50    0   0    0    0   0    0    0   0    0
 25  00 04    1   1   11    0   0    0    1   1   11
 26  00 39    0   0    0    0   0    0    0   0    0
 27    -
 28    -
 29  00 20    0   0    0    0   0    0    0   0    0
 30  00 53    0   0    0    0   0    0    0   0    0

Monthly Mean        5.71          2.76          8.47

----------------------------------------------------

 May        2010        (k=1.00)

 Date Time(UT)   North        South         Total
      h  m    g   f    R    g   f    R    g   f    R
  1  01 23    1   2   12    0   0    0    1   2   12
  2  00 25    1   1   11    0   0    0    1   1   11
  3  00 50    2   3   23    1   1   11    3   4   34
  4  04 42    1   2   12    1   3   13    2   5   25
  5  01 23    3   5   35    0   0    0    3   5   35
  6  00 56    2   5   25    0   0    0    2   5   25
  7    -
  8  00 37    1   1   11    1   1   11    2   2   22
  9  00 52    0   0    0    0   0    0    0   0    0
 10    -
 11    -
 12  04 11    0   0    0    0   0    0    0   0    0
 13  00 11    0   0    0    0   0    0    0   0    0
 14  00 00    0   0    0    0   0    0    0   0    0
 15  01 05    0   0    0    0   0    0    0   0    0
 16  00 10    0   0    0    0   0    0    0   0    0
 17  01 32    0   0    0    0   0    0    0   0    0
 18  02 06    0   0    0    0   0    0    0   0    0
 19    -
 20    -
 21  02 18    0   0    0    1   2   12    1   2   12
 22  00 31    0   0    0    1   8   18    1   8   18
 23    -
 24    -
 25  00 38    0   0    0    1   5   15    1   5   15
 26    -
 27  02 24    1   1   11    1   2   12    2   3   23
 28  00 12    0   0    0    1   2   12    1   2   12
 29    -
 30    -
 31  01 51    1   2   12    1   1   11    2   3   23

Monthly Mean        7.24          5.48         12.71

----------------------------------------------------

 June   2010        (k=1.00)

 Date Time(UT)   North        South         Total
      h  m    g   f    R    g   f    R    g   f    R
  1  02 31    0   0    0    1   3   13    1   3   13
  2  00 08    0   0    0    1   5   15    1   5   15
  3  01 39    0   0    0    1   6   16    1   6   16
  4  00 05    1   2   12    1   6   16    2   8   28
  5  02 45    1   1   11    1   3   13    2   4   24
  6  00 26    1   1   11    1   2   12    2   3   23
  7  01 10    0   0    0    0   0    0    0   0    0
  8    -
  9    -
 10  01 27    1   1   11    3   8   38    4   9   49
 11  05 49    2   2   22    2   5   25    4   7   47
 12  00 44    1   8   18    1   2   12    2  10   30
 13  00 36    1   3   13    0   0    0    1   3   13
 14    -
 15  00 13    0   0    0    0   0    0    0   0    0
 16  02 00    1   2   12    0   0    0    1   2   12
 17  01 16    1   1   11    0   0    0    1   1   11
 18    -
 19    -
 20    -
 21  05 30    1   3   13    0   0    0    1   3   13
 22    -
 23    -
 24  05 09    1   1   11    0   0    0    1   1   11
 25  03 16    2   3   23    0   0    0    2   3   23
 26    -
 27    -
 28    -
 29    -
 30  01 20    0   0    0    1   2   12    1   2   12

Monthly Mean        9.33          9.56         18.89

----------------------------------------------------

 July   2010        (k=1.00)

 Date Time(UT)   North        South         Total
  1    -
  2  00 05    0   0    0    1   2   12    1   2   12
  3    -
  4  00 39    0   0    0    1   2   12    1   2   12
  5  03 17    1   1   11    1   2   12    2   3   23
  6    -
  7    -
  8  00 09    0   0    0    1   1   11    1   1   11
  9    -
 10  04 42    2   2   22    0   0    0    2   2   22
 11    -
 12    -
 13    -
 14  01 23    1   5   15    0   0    0    1   5   15
 15    -
 16  00 25    1   5   15    0   0    0    1   5   15
 17  01 02    1   2   12    0   0    0    1   2   12
 18  00 13    1   1   11    0   0    0    1   1   11
 19  00 05    1   1   11    0   0    0    1   1   11
 20  00 49    0   0    0    1   3   13    1   3   13
 21  02 21    0   0    0    1   7   17    1   7   17
 22  00 03    1   2   12    1  10   20    2  12   32
 23  01 15    1   2   12    1  19   29    2  21   41
 24  00 01    0   0    0    1   9   19    1   9   19
 25  00 23    1   1   11    1  10   20    2  11   31
 26  00 13    1   1   11    1   8   18    2   9   29
 27  00 23    0   0    0    1   5   15    1   5   15
 28  00 41    0   0    0    1   7   17    1   7   17
 29    -
 30  07 12    1   2   12    0   0    0    1   2   12
 31  00 03    1   2   12    0   0    0    1   2   12

Monthly Mean        7.95         10.24         18.19

----------------------------------------------------

 August   2010        (k=1.00)

 Date Time(UT)   North        South         Total
      h  m    g   f    R    g   f    R    g   f    R
  1    -
  2    -
  3  00 05    3   9   39    0   0    0    3   9   39
  4  01 43    3   6   36    0   0    0    3   6   36
  5  00 08    3   5   35    0   0    0    3   5   35
  6  02 42    4   9   49    1   1   11    5  10   60
  7  00 14    2   5   25    2   2   22    4   7   47
  8    -
  9    -
 10  05 14    4  13   53    1   1   11    5  14   64
 11  00 16    4   9   49    1   1   11    5  10   60
 12    -
 13    -
 14    -
 15  00 09    3  12   42    0   0    0    3  12   42
 16  02 33    4   5   45    0   0    0    4   5   45
 17  00 31    1   4   14    1   1   11    2   5   25
 18  00 20    1   1   11    1   1   11    2   2   22
 19    -
 20  05 33    0   0    0    0   0    0    0   0    0
 21  04 50    0   0    0    0   0    0    0   0    0
 22  01 44    0   0    0    0   0    0    0   0    0
 23  00 08    0   0    0    0   0    0    0   0    0
 24  00 10    0   0    0    0   0    0    0   0    0
 25  00 20    1   1   11    0   0    0    1   1   11
 26  00 08    1   1   11    0   0    0    1   1   11
 27  00 20    1   2   12    0   0    0    1   2   12
 28  00 08    2   3   23    0   0    0    2   3   23
 29  00 12    2   3   23    0   0    0    2   3   23
 30  00 48    2   9   29    0   0    0    2   9   29
 31  00 01    2   8   28    0   0    0    2   8   28
 
Monthly Mean       23.26          3.35         26.61

----------------------------------------------------

 September    2010        (k=1.00)

 Date Time(UT)   North        South         Total
      h  m    g   f    R    g   f    R    g   f    R
  1  00 27    2   9   29    0   0    0    2   9   29
  2  00 15    5  11   61    0   0    0    5  11   61
  3  00 53    4  12   52    0   0    0    4  12   52
  4  00 06    4  14   54    0   0    0    4  14   54
  5  01 01    2  21   41    0   0    0    2  21   41
  6  01 07    2   9   29    0   0    0    2   9   29
  7  01 17    3   3   33    0   0    0    3   3   33
  8   -
  9  03 28    0   0    0    0   0    0    0   0    0
 10  01 31    0   0    0    0   0    0    0   0    0
 11  01 44    0   0    0    1   1   11    1   1   11
 12  00 19    0   0    0    1   1   11    1   1   11
 13  03 57    0   0    0    2   2   22    2   2   22
 14  00 12    0   0    0    2   5   25    2   5   25
 15   -
 16   -
 17  00 50    0   0    0    3  19   49    3  19   49
 18  00 12    0   0    0    4   9   49    4   9   49
 19  01 41    0   0    0    4  10   50    4  10   50
 20  05 12    0   0    0    3   5   35    3   5   35
 21  00 23    0   0    0    3   6   36    3   6   36
 22  00 07    1   2   12    2   4   24    3   6   36
 23   -
 24   -
 25  02 30    1  10   20    1   3   13    2  13   33
 26  00 39    2  22   42    1   2   12    3  24   54
 27   -
 28   -
 29   -
 30   -
 
Monthly Mean       17.76         16.05         33.81

----------------------------------------------------

 October    2010        (k=1.00)

 Date Time(UT)   North        South         Total
      h  m    g   f    R    g   f    R    g   f    R
  1  04 10    2   6   26    0   0    0    2   6   26
  2  00 15    1   5   15    0   0    0    1   5   15
  3  00 44    2   4   24    0   0    0    2   4   24
  4    -
  5  00 52    0   0    0    0   0    0    0   0    0
  6  00 17    0   0    0    0   0    0    0   0    0
  7  00 27    0   0    0    0   0    0    0   0    0
  8  00 10    0   0    0    0   0    0    0   0    0
  9    -
 10  03 15    0   0    0    1   2   12    1   2   12
 11  00 03    0   0    0    1   1   11    1   1   11
 12  03 57    0   0    0    2   2   22    2   2   22
 13  01 01    0   0    0    1   3   13    1   3   13
 14  04 57    1   2   12    2   3   23    3   5   35
 15    -
 16  04 47    1   2   12    2   8   28    3  10   40
 17    -
 18  00 25    2   4   24    2  11   31    4  15   55
 19    -
 20    -
 21    -
 22    -
 23  00 16    2  13   33    1   2   12    3  15   45
 24    -
 25  04 09    3  16   46    1   2   12    4  18   58
 26    -
 27  02 12    1  10   20    1   1   11    2  11   31
 28    -
 29    -
 30    -
 31    -

Monthly Mean       12.47         10.29         22.76

----------------------------------------------------

 November    2010        (k=1.00)

 Date Time(UT)   North        South         Total
      h  m    g   f    R    g   f    R    g   f    R
  1    -
  2    -
  3  02 47    2   4   24    0   0    0    2   4   24
  4  02 24    1   3   13    0   0    0    1   3   13
  5  00 07    2   2   22    0   0    0    2   2   22
  6  00 14    1   1   11    2   4   24    3   5   35
  7  04 53    1   2   12    2   5   25    3   7   37
  8  00 31    1   4   14    2   8   28    3  12   42
  9  01 06    1   1   11    2   3   23    3   4   34
 10  02 04    2   3   23    3   5   35    5   8   58
 11  00 23    2   3   23    1   7   17    3  10   40
 12  01 21    2   5   25    1   7   17    3  12   42
 13    -
 14    -
 15  00 00    2  11   31    2   3   23    4  14   54
 16  00 01    3   9   39    1   5   15    4  14   54
 17    -
 18  01 15    2   8   28    1   5   15    3  13   43
 19  00 21    2   5   25    1   4   14    3   9   39
 20    -
 21    -
 22    -
 23  03 36    2   4   24    0   0    0    2   4   24
 24  04 16    1   2   12    0   0    0    1   2   12
 25  00 38    1   2   12    0   0    0    1   2   12
 26  01 23    1   2   12    0   0    0    1   2   12
 27  00 16    1   1   11    0   0    0    1   1   11
 28  02 05    1   1   11    1   1   11    2   2   22
 29  00 09    1   6   16    1   1   11    2   7   27
 30  00 21    1   8   18    1   1   11    2   9   29

Monthly Mean       18.95         12.23         31.18

----------------------------------------------------

 December    2010        (k=1.00)

 Date Time(UT)   North        South         Total
      h  m    g   f    R    g   f    R    g   f    R
  1  00 20    1   6   16    0   0    0    1   6   16
  2  00 57    2  10   30    0   0    0    2  10   30
  3  04 10    2   4   24    0   0    0    2   4   24
  4  00 59    3   5   35    0   0    0    3   5   35
  5  00 24    3   8   38    0   0    0    3   8   38
  6  00 35    3   6   36    0   0    0    3   6   36
  7  02 46    2   6   26    0   0    0    2   6   26
  8  00 12    2   5   25    0   0    0    2   5   25
  9  00 36    2   4   24    0   0    0    2   4   24
 10  00 02    2   4   24    1   2   12    3   6   36
 11  00 11    2   5   25    0   0    0    2   5   25
 12  00 43    2   4   24    0   0    0    2   4   24
 13    -
 14    -
 15    -
 16    -
 17  00 09    1   1   11    0   0    0    1   1   11
 18  00 34    1   1   11    0   0    0    1   1   11
 19  01 39    0   0    0    0   0    0    0   0    0
 20  02 16    0   0    0    0   0    0    0   0    0
 21    -
 22  02 46    1   1   11    1   2   12    2   3   23
 23  00 09    1   1   11    0   0    0    1   1   11
 24  00 40    0   0    0    1   1   11    1   1   11
 25  00 14    0   0    0    0   0    0    0   0    0
 26  01 34    1   2   12    1   1   11    2   3   23
 27  00 27    1   2   12    0   0    0    1   2   12
 28  01 12    1   6   16    0   0    0    1   6   16
 29  00 14    1   3   13    0   0    0    1   3   13
 30    -
 31  00 22    3   4   34    2   2   22    5   6   56

Monthly Mean       18.32          2.72         21.04

----------------------------------------------------
