
 January    2009        (k=1.00)

 Date Time(UT)   North        South         Total
      h  m    g   f    R    g   f    R    g   f    R
  1  01 01    0   0    0    0   0    0    0   0    0
  2  00 46    0   0    0    0   0    0    0   0    0
  3  00 07    0   0    0    0   0    0    0   0    0
  4  00 15    0   0    0    0   0    0    0   0    0
  5  00 14    0   0    0    0   0    0    0   0    0
  6  00 25    0   0    0    0   0    0    0   0    0
  7    -
  8  02 21    0   0    0    0   0    0    0   0    0
  9    -
 10    -
 11  00 26    1   5   15    0   0    0    1   5   15
 12  00 22    1   1   11    0   0    0    1   1   11
 13  01 23    1   1   11    0   0    0    1   1   11
 14  00 05    0   0    0    0   0    0    0   0    0
 15  01 57    0   0    0    0   0    0    0   0    0
 16  00 46    0   0    0    0   0    0    0   0    0
 17  00 21    0   0    0    0   0    0    0   0    0
 18    -
 19  04 41    0   0    0    1   1   11    1   1   11
 20    -
 21    -
 22    -
 23  04 59    0   0    0    0   0    0    0   0    0
 24    -
 25  00 14    0   0    0    0   0    0    0   0    0
 26  00 33    0   0    0    0   0    0    0   0    0
 27  01 05    0   0    0    0   0    0    0   0    0
 28    -
 29    -
 30    -
 31    -

Monthly Mean        1.95          0.58          2.53

----------------------------------------------------

 February    2009        (k=1.00)

 Date Time(UT)   North        South         Total
      h  m    g   f    R    g   f    R    g   f    R
  1  04 21    0   0    0    0   0    0    0   0    0
  2  02 53    0   0    0    0   0    0    0   0    0
  3  01 31    0   0    0    0   0    0    0   0    0
  4    -
  5  03 20    0   0    0    0   0    0    0   0    0
  6  00 11    0   0    0    0   0    0    0   0    0
  7  01 25    0   0    0    0   0    0    0   0    0
  8  02 31    0   0    0    0   0    0    0   0    0
  9    -
 10  02 28    0   0    0    0   0    0    0   0    0
 11    -
 12  00 26    0   0    0    1   1   11    1   1   11
 13    -
 14  01 14    0   0    0    0   0    0    0   0    0
 15  05 26    0   0    0    0   0    0    0   0    0
 16  02 16    0   0    0    0   0    0    0   0    0
 17  00 46    0   0    0    0   0    0    0   0    0
 18  00 20    0   0    0    0   0    0    0   0    0
 19  02 49    0   0    0    0   0    0    0   0    0
 20  06 08    0   0    0    0   0    0    0   0    0
 21  01 41    0   0    0    0   0    0    0   0    0
 22  02 06    0   0    0    0   0    0    0   0    0
 23    -
 24    -
 25    -
 26    -
 27    -
 28    -

Monthly Mean        0.00          0.61          0.61

----------------------------------------------------

 March    2009        (k=1.00)

 Date Time(UT)   North        South         Total
      h  m    g   f    R    g   f    R    g   f    R
  1    -
  2  00 01    0   0    0    0   0    0    0   0    0
  3    -
  4    -
  5  00 13    0   0    0    0   0    0    0   0    0
  6    -
  7  01 29    0   0    0    1   2   12    1   2   12
  8    -
  9    -
 10  01 58    0   0    0    0   0    0    0   0    0
 11  04 01    0   0    0    0   0    0    0   0    0
 12  04 30    0   0    0    0   0    0    0   0    0
 13    -
 14    -
 15  01 04    0   0    0    0   0    0    0   0    0
 16  00 05    0   0    0    0   0    0    0   0    0
 17  00 26    0   0    0    0   0    0    0   0    0
 18  00 02    0   0    0    0   0    0    0   0    0
 19  00 21    0   0    0    0   0    0    0   0    0
 20  03 54    0   0    0    0   0    0    0   0    0
 21  00 10    0   0    0    0   0    0    0   0    0
 22    -
 23  00 53    0   0    0    0   0    0    0   0    0
 24  03 34    0   0    0    0   0    0    0   0    0
 25    -
 26  00 14    1   2   12    0   0    0    1   2   12
 27  02 24    0   0    0    0   0    0    0   0    0
 28  05 04    0   0    0    0   0    0    0   0    0
 29  01 34    0   0    0    0   0    0    0   0    0
 30  01 56    0   0    0    0   0    0    0   0    0
 31  02 56    0   0    0    0   0    0    0   0    0

Monthly Mean        0.57          0.57          1.14

----------------------------------------------------

 April    2009        (k=1.00)

 Date Time(UT)   North        South         Total
      h  m    g   f    R    g   f    R    g   f    R
  1    -
  2  02 08    0   0    0    0   0    0    0   0    0
  3  00 34    0   0    0    0   0    0    0   0    0
  4  06 08    0   0    0    0   0    0    0   0    0
  5  05 32    0   0    0    0   0    0    0   0    0
  6  00 17    0   0    0    0   0    0    0   0    0
  7  00 23    0   0    0    0   0    0    0   0    0
  8  04 14    0   0    0    0   0    0    0   0    0
  9  00 02    0   0    0    0   0    0    0   0    0
 10  01 59    0   0    0    0   0    0    0   0    0
 11  00 27    0   0    0    0   0    0    0   0    0
 12  05 01    0   0    0    0   0    0    0   0    0
 13  01 52    0   0    0    0   0    0    0   0    0
 14    -
 15  00 38    0   0    0    0   0    0    0   0    0
 16  01 50    0   0    0    0   0    0    0   0    0
 17    -
 18  04 39    0   0    0    0   0    0    0   0    0
 19  03 09    0   0    0    0   0    0    0   0    0
 20    -
 21    -
 22  03 32    0   0    0    0   0    0    0   0    0
 23  00 18    0   0    0    0   0    0    0   0    0
 24    -
 25    -
 26  03 18    0   0    0    0   0    0    0   0    0
 27  00 01    0   0    0    0   0    0    0   0    0
 28  00 12    0   0    0    1   1   11    1   1   11
 29  04 37    0   0    0    0   0    0    0   0    0
 30  00 01    0   0    0    1   3   13    1   3   13

Monthly Mean        0.00          1.04          1.04

----------------------------------------------------

 May      2009        (k=1.00)

 Date Time(UT)   North        South         Total
      h  m    g   f    R    g   f    R    g   f    R
  1  00 54    0   0    0    0   0    0    0   0    0
  2  03 11    0   0    0    0   0    0    0   0    0
  3  03 19    0   0    0    0   0    0    0   0    0
  4  01 45    0   0    0    0   0    0    0   0    0
  5    -
  6    -
  7    -
  8    -
  9  00 43    0   0    0    0   0    0    0   0    0
 10  00 24    0   0    0    0   0    0    0   0    0
 11    -
 12    -
 13    -
 14  00 29    1   3   13    0   0    0    1   3   13
 15  02 32    1   4   14    0   0    0    1   4   14
 16    -
 17    -
 18  02 19    1   2   12    0   0    0    1   2   12
 19    -
 20  00 10    0   0    0    0   0    0    0   0    0
 21  02 28    0   0    0    0   0    0    0   0    0
 22  00 34    0   0    0    0   0    0    0   0    0
 23  00 45    0   0    0    1   1   11    1   1   11
 24    -
 25  02 44    0   0    0    0   0    0    0   0    0
 26  00 58    0   0    0    0   0    0    0   0    0
 27  01 58    0   0    0    0   0    0    0   0    0
 28    -
 29    -
 30    -
 31    -

Monthly Mean        2.44          0.69          3.13

----------------------------------------------------

 June    2009        (k=1.00)

 Date Time(UT)   North        South         Total
      h  m    g   f    R    g   f    R    g   f    R
  1  01 04    1   6   16    0   0    0    1   6   16
  2  00 37    1   9   19    0   0    0    1   9   19
  3    -
  4    -
  5    -
  6    -
  7  01 20    0   0    0    0   0    0    0   0    0
  8    -
  9    -
 10    -
 11    -
 12  02 48    0   0    0    0   0    0    0   0    0
 13    -
 14  00 55    0   0    0    0   0    0    0   0    0
 15    -
 16    -
 17    -
 18    -
 19  01 39    0   0    0    0   0    0    0   0    0
 20  00 16    0   0    0    0   0    0    0   0    0
 21    -
 22    -
 23  05 04    0   0    0    1   2   12    1   2   12
 24    -
 25  04 46    0   0    0    1   1   11    1   1   11
 26  05 16    0   0    0    0   0    0    0   0    0
 27  00 20    0   0    0    0   0    0    0   0    0
 28    -
 29  00 38    0   0    0    0   0    0    0   0    0
 30    -

Monthly Mean        2.92          1.92          4.83

----------------------------------------------------

 July   2009        (k=1.00)

 Date Time(UT)   North        South         Total
      h  m    g   f    R    g   f    R    g   f    R
  1    -
  2    -
  3    -
  4    -
  5    -
  6    -
  7  02 48    0   0    0    1   4   14    1   4   14
  8    -
  9    -
 10    -
 11    -
 12    -
 13  02 52    0   0    0    0   0    0    0   0    0
 14  04 25    0   0    0    0   0    0    0   0    0
 15  01 49    0   0    0    0   0    0    0   0    0
 16  00 14    0   0    0    0   0    0    0   0    0
 17    -
 18    -
 19    -
 20  05 24    0   0    0    0   0    0    0   0    0
 21    -
 22    -
 23    -
 24    -
 25  00 21    0   0    0    0   0    0    0   0    0
 26  06 42    0   0    0    0   0    0    0   0    0
 27  00 03    0   0    0    0   0    0    0   0    0
 28    -
 29    -
 30  00 06    0   0    0    0   0    0    0   0    0
 31    -
 
Monthly Mean        0.00          1.40          1.40

----------------------------------------------------

 August   2009        (k=1.00)

 Date Time(UT)   North        South         Total
      h  m    g   f    R    g   f    R    g   f    R
  1    -
  2    -
  3  03 22    0   0    0    0   0    0    0   0    0
  4  07 13    0   0    0    0   0    0    0   0    0
  5    -
  6    -
  7    -
  8    -
  9  02 06    0   0    0    0   0    0    0   0    0
 10    -
 11  07 20    0   0    0    0   0    0    0   0    0
 12  02 47    0   0    0    0   0    0    0   0    0
 13  03 14    0   0    0    0   0    0    0   0    0
 14  03 49    0   0    0    0   0    0    0   0    0
 15  01 21    0   0    0    0   0    0    0   0    0
 16  00 10    0   0    0    0   0    0    0   0    0
 17  00 00    0   0    0    0   0    0    0   0    0
 18  04 39    0   0    0    0   0    0    0   0    0
 19  04 21    0   0    0    0   0    0    0   0    0
 20  00 16    0   0    0    0   0    0    0   0    0
 21  04 27    0   0    0    0   0    0    0   0    0
 22  00 04    0   0    0    0   0    0    0   0    0
 23  01 43    0   0    0    0   0    0    0   0    0
 24  00 56    0   0    0    0   0    0    0   0    0
 25  02 47    0   0    0    0   0    0    0   0    0
 26  06 55    0   0    0    0   0    0    0   0    0
 27  00 36    0   0    0    0   0    0    0   0    0
 28  01 00    0   0    0    0   0    0    0   0    0
 29  01 59    0   0    0    0   0    0    0   0    0
 30    -
 31    -

Monthly Mean        0.00          0.00          0.00

----------------------------------------------------

 September  2009        (k=1.00)

 Date Time(UT)   North        South         Total
      h  m    g   f    R    g   f    R    g   f    R
  1  00 39    1   2   12    0   0    0    1   2   12
  2    -
  3    -
  4    -
  5  03 34    0   0    0    0   0    0    0   0    0
  6  00 26    0   0    0    0   0    0    0   0    0
  7  00 30    0   0    0    0   0    0    0   0    0
  8    -
  9    -
 10  00 02    0   0    0    0   0    0    0   0    0
 11    -
 12    -
 13  04 19    0   0    0    0   0    0    0   0    0
 14  01 07    0   0    0    0   0    0    0   0    0
 15    -
 16  01 26    0   0    0    0   0    0    0   0    0
 17  01 31    0   0    0    0   0    0    0   0    0
 18  00 09    0   0    0    0   0    0    0   0    0
 19    -
 20  00 23    0   0    0    0   0    0    0   0    0
 21    -
 22    -
 23  02 26    1   3   13    1   1   11    2   4   24
 24  00 08    1   8   18    1   1   11    2   9   29
 25  00 37    1   4   14    1   1   11    2   5   25
 26  04 09    1   4   14    0   0    0    1   4   14
 27    -
 28    -
 29    -
 30    -
 
Monthly Mean        4.73          2.20          6.93

----------------------------------------------------

 October    2009        (k=1.00)

 Date Time(UT)   North        South         Total
      h  m    g   f    R    g   f    R    g   f    R
  1  04 23    0   0    0    0   0    0    0   0    0
  2    -
  3    -
  4  03 50    0   0    0    0   0    0    0   0    0
  5    -
  6    -
  7    -
  8  04 24    0   0    0    0   0    0    0   0    0
  9    -
 10  03 59    0   0    0    0   0    0    0   0    0
 11  01 52    1   1   11    0   0    0    1   1   11
 12  00 59    0   0    0    0   0    0    0   0    0
 13  00 09    0   0    0    0   0    0    0   0    0
 14    -
 15  03 04    0   0    0    0   0    0    0   0    0
 16  00 27    0   0    0    0   0    0    0   0    0
 17    -
 18  00 45    0   0    0    0   0    0    0   0    0
 19  03 35    0   0    0    0   0    0    0   0    0
 20  02 09    0   0    0    0   0    0    0   0    0
 21  01 20    0   0    0    0   0    0    0   0    0
 22  00 17    0   0    0    0   0    0    0   0    0
 23    -
 24    -
 25    -
 26    -
 27  01 11    1  10   20    0   0    0    1  10   20
 28  04 28    1  13   23    0   0    0    1  13   23
 29  03 57    1   8   18    0   0    0    1   8   18
 30  00 40    1   4   14    0   0    0    1   4   14
 31    -

Monthly Mean        4.78          0.00          4.78

----------------------------------------------------

 November    2009        (k=1.00)

 Date Time(UT)   North        South         Total
      h  m    g   f    R    g   f    R    g   f    R
  1  03 21    0   0    0    0   0    0    0   0    0
  2    -
  3  00 10    0   0    0    0   0    0    0   0    0
  4  00 10    0   0    0    0   0    0    0   0    0
  5    -
  6  00 12    1   2   12    0   0    0    1   2   12
  7    -
  8  02 35    0   0    0    0   0    0    0   0    0
  9  00 06    0   0    0    0   0    0    0   0    0
 10  00 18    1   2   12    0   0    0    1   2   12
 11    -
 12    -
 13    -
 14    -
 15  01 04    1   1   11    0   0    0    1   1   11
 16    -
 17    -
 18  02 15    0   0    0    0   0    0    0   0    0
 19    -
 20  00 26    2   7   27    0   0    0    2   7   27
 21  00 05    1   3   13    0   0    0    1   3   13
 22    -
 23  01 28    0   0    0    0   0    0    0   0    0
 24    -
 25  02 28    0   0    0    0   0    0    0   0    0
 26  00 03    0   0    0    0   0    0    0   0    0
 27  00 08    0   0    0    0   0    0    0   0    0
 28  00 10    0   0    0    0   0    0    0   0    0
 29    -
 30    -

Monthly Mean        4.69          0.00          4.69

----------------------------------------------------

 December   2009        (k=1.00)

 Date Time(UT)   North        South         Total
      h  m    g   f    R    g   f    R    g   f    R
  1  00 02    0   0    0    0   0    0    0   0    0
  2  00 01    0   0    0    0   0    0    0   0    0
  3    -
  4  00 10    0   0    0    0   0    0    0   0    0
  5    -
  6  00 32    0   0    0    0   0    0    0   0    0
  7  00 18    0   0    0    0   0    0    0   0    0
  8  00 40    0   0    0    0   0    0    0   0    0
  9    -
 10  00 51    1   1   11    0   0    0    1   1   11
 11    -
 12  03 13    1   2   12    0   0    0    1   2   12
 13  02 11    1   2   12    0   0    0    1   2   12
 14  04 52    2   6   26    0   0    0    2   6   26
 15  04 37    2  10   30    0   0    0    2  10   30
 16    -
 17  01 17    1  10   20    0   0    0    1  10   20
 18  00 17    1   8   18    0   0    0    1   8   18
 19  00 24    1   5   15    0   0    0    1   5   15
 20  00 57    2   3   23    1   2   12    3   5   35
 21  00 34    2   5   25    1   4   14    3   9   39
 22  00 07    1   4   14    1   2   12    2   6   26
 23  01 03    1   2   12    1   5   15    2   7   27
 24  02 47    0   0    0    1   1   11    1   1   11
 25  00 23    0   0    0    0   0    0    0   0    0
 26  02 59    0   0    0    0   0    0    0   0    0
 27  02 34    0   0    0    1   2   12    1   2   12
 28  04 03    0   0    0    1   5   15    1   5   15
 29  03 21    0   0    0    1   4   14    1   4   14
 30  05 20    0   0    0    1   6   16    1   6   16
 31  01 44    0   0    0    1   8   18    1   8   18

Monthly Mean        8.38          5.35         13.73

----------------------------------------------------