
 January    2007        (k=1.00)

 Date Time(UT)   North        South         Total
      h  m    g   f    R    g   f    R    g   f    R
  1  00 37    1   1   11    1   2   12    2   3   23
  2    -
  3  02 51    1   1   11    2   4   24    3   5   35
  4  01 01    1   1   11    2   5   25    3   6   36
  5  00 21    1   1   11    2   8   28    3   9   39
  6    -
  7  01 26    0   0    0    2   5   25    2   5   25
  8    -
  9  03 27    0   0    0    3  11   41    3  11   41
 10  01 34    0   0    0    3  10   40    3  10   40
 11  00 23    1   1   11    3   4   34    4   5   45
 12    -
 13  01 37    0   0    0    1   1   11    1   1   11
 14    -
 15  01 14    0   0    0    0   0    0    0   0    0
 16  01 20    1   4   14    0   0    0    1   4   14
 17    -
 18  04 15    1   2   12    1   1   11    2   3   23
 19  00 08    2   3   23    0   0    0    2   3   23
 20    -
 21    -
 22  02 41    0   0    0    1   2   12    1   2   12
 23  00 50    0   0    0    1   2   12    1   2   12
 24    -
 25  03 57    0   0    0    1   1   11    1   1   11
 26  00 52    0   0    0    0   0    0    0   0    0
 27  03 11    0   0    0    1   2   12    1   2   12
 28  02 02    0   0    0    1   1   11    1   1   11
 29  04 52    1   1   11    2   5   25    3   6   36
 30  01 15    0   0    0    2  11   31    2  11   31
 31  00 52    0   0    0    2  11   31    2  11   31

Monthly Mean        5.23         18.00         23.23

----------------------------------------------------

 February    2007        (k=1.00)

 Date Time(UT)   North        South         Total
      h  m    g   f    R    g   f    R    g   f    R
  1  00 27    0   0    0    2  10   30    2  10   30
  2  00 17    0   0    0    2  17   37    2  17   37
  3  06 08    0   0    0    2   5   25    2   5   25
  4  01 44    0   0    0    2   5   25    2   5   25
  5  00 22    0   0    0    2   5   25    2   5   25
  6  04 12    0   0    0    2   4   24    2   4   24
  7    -
  8  00 17    0   0    0    1   2   12    1   2   12
  9  00 28    0   0    0    1   1   11    1   1   11
 10    -
 11  01 05    0   0    0    0   0    0    0   0    0
 12  00 44    0   0    0    0   0    0    0   0    0
 13  00 42    0   0    0    0   0    0    0   0    0
 14    -
 15  03 45    0   0    0    0   0    0    0   0    0
 16  00 35    0   0    0    0   0    0    0   0    0
 17    -
 18    -
 19  01 52    0   0    0    2   5   25    2   5   25
 20    -
 21  00 18    0   0    0    1   4   14    1   4   14
 22  00 11    0   0    0    1   1   11    1   1   11
 23    -
 24  01 15    0   0    0    1   1   11    1   1   11
 25  00 52    0   0    0    1   2   12    1   2   12
 26  00 37    0   0    0    2   3   23    2   3   23
 27  02 28    0   0    0    2   3   23    2   3   23
 28  00 30    0   0    0    1   2   12    1   2   12

Monthly Mean        0.00         15.24         15.24

----------------------------------------------------

 March    2007        (k=1.00)

 Date Time(UT)   North        South         Total
      h  m    g   f    R    g   f    R    g   f    R
  1  01 00    0   0    0    1   3   13    1   3   13
  2  02 56    0   0    0    2   3   23    2   3   23
  3  05 09    0   0    0    1   2   12    1   2   12
  4  04 23    0   0    0    1   2   12    1   2   12
  5    -
  6  03 57    0   0    0    1   1   11    1   1   11
  7  02 36    0   0    0    0   0    0    0   0    0
  8  00 12    0   0    0    0   0    0    0   0    0
  9  00 38    0   0    0    0   0    0    0   0    0
 10  00 58    0   0    0    0   0    0    0   0    0
 11    -
 12  00 35    1   1   11    0   0    0    1   1   11
 13  00 55    0   0    0    0   0    0    0   0    0
 14  03 04    0   0    0    0   0    0    0   0    0
 15    -
 16    -
 17    -
 18  01 50    0   0    0    0   0    0    0   0    0
 19  01 03    0   0    0    0   0    0    0   0    0
 20  02 19    0   0    0    0   0    0    0   0    0
 21  04 53    0   0    0    0   0    0    0   0    0
 22  04 49    0   0    0    0   0    0    0   0    0
 23  02 28    0   0    0    0   0    0    0   0    0
 24    -
 25    -
 26  02 49    0   0    0    1   3   13    1   3   13
 27    -
 28  00 32    0   0    0    1   1   11    1   1   11
 29  00 43    1   1   11    0   0    0    1   1   11
 30  03 59    1   1   11    0   0    0    1   1   11
 31    -

Monthly Mean        1.50          4.32          5.82

----------------------------------------------------

 April    2007        (k=1.00)

 Date Time(UT)   North        South         Total
      h  m    g   f    R    g   f    R    g   f    R
  1  01 18    0   0    0    0   0    0    0   0    0
  2    -
  3    -
  4    -
  5  02 29    0   0    0    0   0    0    0   0    0
  6  02 25    0   0    0    0   0    0    0   0    0
  7  01 12    0   0    0    0   0    0    0   0    0
  8  01 21    0   0    0    0   0    0    0   0    0
  9  00 18    0   0    0    0   0    0    0   0    0
 10  01 51    0   0    0    0   0    0    0   0    0
 11    -
 12  00 01    0   0    0    0   0    0    0   0    0
 13    -
 14  01 16    0   0    0    0   0    0    0   0    0
 15    -
 16    -
 17    -
 18    -
 19  03 55    0   0    0    0   0    0    0   0    0
 20  00 56    0   0    0    0   0    0    0   0    0
 21  01 11    0   0    0    0   0    0    0   0    0
 22    -
 23    -
 24    -
 25    -
 26  00 33    0   0    0    1   1   11    1   1   11
 27  01 05    0   0    0    1   2   12    1   2   12
 28  04 44    0   0    0    1   5   15    1   5   15
 29  01 10    0   0    0    1   4   14    1   4   14
 30  00 30    0   0    0    2   6   26    2   6   26

Monthly Mean        0.00          4.59          4.59

----------------------------------------------------

 May    2007        (k=1.00)

 Date Time(UT)   North        South         Total
      h  m    g   f    R    g   f    R    g   f    R
  1    -
  2  03 16    0   0    0    2   7   27    2   7   27
  3  00 32    0   0    0    2   6   26    2   6   26
  4  00 36    0   0    0    1   3   13    1   3   13
  5  01 09    0   0    0    1   3   13    1   3   13
  6    -
  7    -
  8  04 46    0   0    0    1   1   11    1   1   11
  9  05 30    0   0    0    1   4   14    1   4   14
 10    -
 11  01 53    0   0    0    1   8   18    1   8   18
 12  01 07    0   0    0    1  11   21    1  11   21
 13    -
 14  00 40    0   0    0    1   8   18    1   8   18
 15  06 06    1   3   13    1   1   11    2   4   24
 16  00 44    1   8   18    0   0    0    1   8   18
 17    -
 18    -
 19  06 21    1   7   17    0   0    0    1   7   17
 20  01 15    1   7   17    0   0    0    1   7   17
 21  00 36    1   6   16    0   0    0    1   6   16
 22  05 55    1   1   11    0   0    0    1   1   11
 23  00 46    1   2   12    0   0    0    1   2   12
 24  00 43    1   1   11    0   0    0    1   1   11
 25    -
 26  01 07    0   0    0    0   0    0    0   0    0
 27  01 36    0   0    0    0   0    0    0   0    0
 28  00 14    0   0    0    0   0    0    0   0    0
 29  01 53    0   0    0    1   1   11    1   1   11
 30    -
 31  01 36    0   0    0    1   1   11    1   1   11

Monthly Mean        5.23          8.82         14.05

----------------------------------------------------

 June    2007        (k=1.00)

 Date Time(UT)   North        South         Total
      h  m    g   f    R    g   f    R    g   f    R
  1  05 38    0   0    0    3   6   36    3   6   36
  2  00 51    0   0    0    2   4   24    2   4   24
  3  01 22    0   0    0    2   7   27    2   7   27
  4  02 30    0   0    0    2  17   37    2  17   37
  5    -
  6  01 43    0   0    0    2  22   42    2  22   42
  7  04 26    0   0    0    3  23   53    3  23   53
  8  02 36    0   0    0    3  21   51    3  21   51
  9    -
 10    -
 11  06 15    0   0    0    1   3   13    1   3   13
 12  02 08    0   0    0    1   2   12    1   2   12
 13  00 27    0   0    0    1   1   11    1   1   11
 14    -
 15  01 40    0   0    0    0   0    0    0   0    0
 16  01 07    0   0    0    0   0    0    0   0    0
 17  01 14    0   0    0    0   0    0    0   0    0
 18  05 51    0   0    0    0   0    0    0   0    0
 19  00 35    0   0    0    0   0    0    0   0    0
 20  01 09    0   0    0    0   0    0    0   0    0
 21  00 28    0   0    0    0   0    0    0   0    0
 22    -
 23  01 15    0   0    0    0   0    0    0   0    0
 24    -
 25    -
 26    -
 27  01 27    0   0    0    1   1   11    1   1   11
 28  01 01    0   0    0    1   3   13    1   3   13
 29    -
 30    -

Monthly Mean        0.00         16.50         16.50

----------------------------------------------------

 July    2007        (k=1.00)

 Date Time(UT)   North        South         Total
      h  m    g   f    R    g   f    R    g   f    R
  1    -
  2    -
  3    -
  4    -
  5  02 54    0   0    0    1   2   12    1   2   12
  6  01 51    0   0    0    1   1   11    1   1   11
  7    -
  8    -
  9    -
 10    -
 11    -
 12    -
 13    -
 14    -
 15    -
 16    -
 17    -
 18    -
 19    -
 20  00 18    0   0    0    0   0    0    0   0    0
 21    -
 22    -
 23    -
 24  00 24    0   0    0    0   0    0    0   0    0
 25  00 51    0   0    0    0   0    0    0   0    0
 26    -
 27  00 02    0   0    0    0   0    0    0   0    0
 28  00 33    0   0    0    1   1   11    1   1   11
 29    -
 30    -
 31  04 58    0   0    0    1   1   11    1   1   11

Monthly Mean        0.00          5.63          5.63

----------------------------------------------------

 August    2007        (k=1.00)

 Date Time(UT)   North        South         Total
      h  m    g   f    R    g   f    R    g   f    R
  1  01 32    0   0    0    0   0    0    0   0    0
  2  03 19    0   0    0    0   0    0    0   0    0
  3  02 49    0   0    0    0   0    0    0   0    0
  4  00 47    0   0    0    1   1   11    1   1   11
  5    -
  6  01 28    0   0    0    1   1   11    1   1   11
  7  00 24    0   0    0    1   2   12    1   2   12
  8  03 54    0   0    0    1   4   14    1   4   14
  9  00 28    0   0    0    1   4   14    1   4   14
 10  02 03    0   0    0    1   2   12    1   2   12
 11  00 34    0   0    0    1   3   13    1   3   13
 12  00 33    0   0    0    1   1   11    1   1   11
 13  01 47    1   2   12    0   0    0    1   2   12
 14  02 31    0   0    0    0   0    0    0   0    0
 15  00 33    0   0    0    1   1   11    1   1   11
 16  01 06    0   0    0    0   0    0    0   0    0
 17  00 59    0   0    0    0   0    0    0   0    0
 18    -
 19  01 05    0   0    0    0   0    0    0   0    0
 20  00 28    0   0    0    0   0    0    0   0    0
 21  00 53    0   0    0    0   0    0    0   0    0
 22  00 01    0   0    0    1   1   11    1   1   11
 23    -
 24    -
 25  01 17    0   0    0    1   2   12    1   2   12
 26  01 06    0   0    0    1   2   12    1   2   12
 27  00 33    0   0    0    1   2   12    1   2   12
 28  00 23    0   0    0    1   2   12    1   2   12
 29    -
 30    -
 31    -

Monthly Mean        0.50          7.00          7.50

----------------------------------------------------

 September    2007        (k=1.00)

 Date Time(UT)   North        South         Total
      h  m    g   f    R    g   f    R    g   f    R
  1    -
  2    -
  3  07 09    0   0    0    1   2   12    1   2   12
  4  00 23    0   0    0    1   4   14    1   4   14
  5    -
  6    -
  7    -
  8  00 41    0   0    0    0   0    0    0   0    0
  9  00 23    0   0    0    0   0    0    0   0    0
 10    -
 11    -
 12    -
 13    -
 14  04 38    0   0    0    0   0    0    0   0    0
 15  04 43    0   0    0    0   0    0    0   0    0
 16  00 18    0   0    0    0   0    0    0   0    0
 17  00 44    0   0    0    0   0    0    0   0    0
 18    -
 19    -
 20  00 01    0   0    0    0   0    0    0   0    0
 21  01 09    0   0    0    0   0    0    0   0    0
 22  00 03    0   0    0    0   0    0    0   0    0
 23    -
 24    -
 25  00 43    0   0    0    0   0    0    0   0    0
 26  06 00    0   0    0    0   0    0    0   0    0
 27  05 44    0   0    0    0   0    0    0   0    0
 28  01 08    1   3   13    0   0    0    1   3   13
 29    -
 30    -

Monthly Mean        0.87          1.73          2.60

----------------------------------------------------

 October    2007        (k=1.00)

 Date Time(UT)   North        South         Total
      h  m    g   f    R    g   f    R    g   f    R
  1    -
  2    -
  3    -
  4  01 55    0   0    0    0   0    0    0   0    0
  5  02 22    0   0    0    0   0    0    0   0    0
  6  00 28    0   0    0    1   4   14    1   4   14
  7  00 16    0   0    0    1   3   13    1   3   13
  8    -
  9    -
 10    -
 11  04 44    0   0    0    0   0    0    0   0    0
 12  02 29    0   0    0    0   0    0    0   0    0
 13    -
 14    -
 15  02 22    0   0    0    0   0    0    0   0    0
 16    -
 17  01 09    0   0    0    0   0    0    0   0    0
 18  01 55    0   0    0    0   0    0    0   0    0
 19    -
 20  00 37    0   0    0    0   0    0    0   0    0
 21  00 41    0   0    0    0   0    0    0   0    0
 22  00 47    0   0    0    0   0    0    0   0    0
 23  02 56    0   0    0    0   0    0    0   0    0
 24  02 14    0   0    0    0   0    0    0   0    0
 25  00 01    0   0    0    0   0    0    0   0    0
 26    -
 27    -
 28  00 30    0   0    0    0   0    0    0   0    0
 29  05 41    0   0    0    0   0    0    0   0    0
 30  01 01    0   0    0    0   0    0    0   0    0
 31  01 20    0   0    0    0   0    0    0   0    0

Monthly Mean        0.00          1.42          1.42

----------------------------------------------------

 November    2007        (k=1.00)

 Date Time(UT)   North        South         Total
      h  m    g   f    R    g   f    R    g   f    R
  1  00 16    0   0    0    0   0    0    0   0    0
  2    - 
  3  04 03    0   0    0    0   0    0    0   0    0
  4  00 43    0   0    0    0   0    0    0   0    0
  5  01 35    0   0    0    0   0    0    0   0    0
  6    - 
  7  05 48    0   0    0    0   0    0    0   0    0
  8  01 28    0   0    0    0   0    0    0   0    0
  9  00 32    0   0    0    0   0    0    0   0    0
 10    - 
 11    - 
 12  00 31    0   0    0    0   0    0    0   0    0
 13  00 18    0   0    0    0   0    0    0   0    0
 14  04 33    0   0    0    0   0    0    0   0    0
 15  00 28    0   0    0    0   0    0    0   0    0
 16    - 
 17    - 
 18  01 21    1   1   11    0   0    0    1   1   11
 19  01 18    0   0    0    0   0    0    0   0    0
 20  05 29    0   0    0    0   0    0    0   0    0
 21  00 18    0   0    0    0   0    0    0   0    0
 22  00 30    0   0    0    0   0    0    0   0    0
 23  04 38    0   0    0    0   0    0    0   0    0
 24  00 11    1   1   11    0   0    0    1   1   11
 25  00 30    1   2   12    0   0    0    1   2   12
 26  05 38    1   1   11    0   0    0    1   1   11
 27    - 
 28    - 
 29    - 
 30    - 

Monthly Mean        2.25          0.00          2.25

----------------------------------------------------

 December    2007        (k=1.00)

 Date Time(UT)   North        South         Total
      h  m    g   f    R    g   f    R    g   f    R
  1  03 07    0   0    0    1   2   12    1   2   12
  2  00 12    0   0    0    0   0    0    0   0    0
  3    -
  4  00 42    0   0    0    1   2   12    1   2   12
  5  00 27    0   0    0    1   2   12    1   2   12
  6  01 12    0   0    0    1   2   12    1   2   12
  7  00 02    1   1   11    1   5   15    2   6   26
  8    -
  9  01 04    1   1   11    1   8   18    2   9   29
 10  04 18    0   0    0    1  18   28    1  18   28
 11  01 54    0   0    0    1  18   28    1  18   28
 12  01 51    0   0    0    1  28   38    1  28   38
 13    -
 14  01 44    1   1   11    1  24   34    2  25   45
 15  01 08    0   0    0    1  17   27    1  17   27
 16  00 21    0   0    0    1  13   23    1  13   23
 17    -
 18  00 07    0   0    0    0   0    0    0   0    0
 19    -
 20  00 52    0   0    0    0   0    0    0   0    0
 21  00 39    0   0    0    0   0    0    0   0    0
 22    -
 23  03 53    0   0    0    0   0    0    0   0    0
 24  02 35    0   0    0    0   0    0    0   0    0
 25    -
 26  04 05    0   0    0    0   0    0    0   0    0
 27  00 27    0   0    0    0   0    0    0   0    0
 28    -
 29    -
 30  00 18    0   0    0    0   0    0    0   0    0
 31  00 41    0   0    0    0   0    0    0   0    0

Monthly Mean        1.50         11.77         13.27
