 January  2002    (k=1.00)
 
 Date Time(UT)   North        South         Total
      h  m    g   f    R    g   f    R    g   f    R
  1  01 20    6  16   76    4  16   56   10  32  132
  2  01 23    4  11   51    5  22   72    9  33  123
  3  01 00    5  11   61    6  19   79   11  30  140
  4  00 06    5  10   60    5  40   90   10  50  150
  5  06 01    5   8   58    6  28   88   11  36  146
  6  01 01    3   5   35    3  15   45    6  20   80
  7    -
  8  00 31    2   3   23    3   9   39    5  12   62
  9  04 25    5  19   69    5  19   69   10  38  138
 10  00 55    3  25   55    5  18   68    8  43  123
 11  01 10    3  16   46    6  18   78    9  34  124
 12  01 22    4  14   54    4  16   56    8  30  110
 13  03 52    4  16   56    6  23   83   10  39  139
 14  00 46    4  11   51    5  16   66    9  27  117
 15  00 29    4  14   54    5  14   64    9  28  118
 16    -
 17    -
 18  04 56    2  10   30    4  13   53    6  23   83
 19  00 13    4  12   52    4  12   52    8  24  104
 20  01 18    2   6   26    5   9   59    7  15   85
 21    -
 22  00 15    4  14   54    6  15   75   10  29  129
 23  02 15    4  19   59    9  20  110   13  39  169
 23  23 38    2  11   31    7  11   81    9  22  112
 25  00 26    3   8   38    6  16   76    9  24  114
 26    -
 27  03 59    3  23   53    5  10   60    8  33  113
 28  00 08    3  19   49    7  24   94   10  43  143
 29  00 18    2  17   37    6  23   83    8  40  120
 30  02 20    2  14   34    5  14   64    7  28   98
 31  02 56    2  21   41    4  27   67    6  48  108
 
 Monthly Mean      48.19         70.27        118.46
 
---------------------------------------------------- 
 
 February  2002   (k=1.00)
 
 Date Time(UT)   North        South         Total
      h  m    g   f    R    g   f    R    g   f    R
  1  06 23    3  15   45    4  26   66    7  41  111
  2  01 34    4  15   55    4  29   69    8  44  124
  3    -
  4  01 35    7  17   87    6  42  102   13  59  189
  5    -
  6  03 18    4  15   55    8  24  104   12  39  159
  7  04 58    4   8   48    4  10   50    8  18   98
  8  02 27    4   9   49    2   9   29    6  18   78
  9  00 52    6  14   74    3   9   39    9  23  113
 10    -
 11  00 24    4   6   46    5  21   71    9  27  117
 12  00 20    5  13   63    5  13   63   10  26  126
 13  01 47    5  14   64    4   7   47    9  21  111
 14  00 47    3  26   56    5  11   61    8  37  117
 15  00 10    4  35   75    4   8   48    8  43  123
 16  00 46    3  18   48    2   3   23    5  21   71
 17    -
 18  00 25    4   9   49    2  21   41    6  30   90
 19  05 31    3   4   34    3  16   46    6  20   80
 20  00 02    3   4   34    1  18   28    4  22   62
 21  00 31    2   2   22    2  14   34    4  16   56
 22  00 09    3   4   34    3  19   49    6  23   83
 23  00 58    2   2   22    6  20   80    8  22  102
 24  03 43    2   5   25    3   8   38    5  13   63
 25  05 31    3  12   42    6  20   80    9  32  122
 26    -
 27    -
 28    -



 
 Monthly Mean      48.90         55.62        104.52
 
---------------------------------------------------- 
 
 March  2002       (k=1.00)
 
 Date Time(UT)   North        South         Total
      h  m    g   f    R    g   f    R    g   f    R
  1  02 55    2  19   39    2   5   25    4  24   64
  2    -
  3    -
  4  00 08    2  13   33    7  12   82    9  25  115
  5    -
  6  05 47    3   6   36    3   9   39    6  15   75
  7  00 32    2   3   23    4  12   52    6  15   75
  8  02 09    1   1   11    4  15   55    5  16   66
  9  00 18    1   1   11    5  12   62    6  13   73
 10  00 43    2   2   22    4   8   48    6  10   70
 11  00 13    1   1   11    3   7   37    4   8   48
 12  00 12    3   6   36    3  13   43    6  19   79
 13  00 12    2   4   24    4  18   58    6  22   82
 14  00 46    1   1   11    5  16   66    6  17   77
 15  04 19    1   1   11    6  18   78    7  19   89
 16    -
 17  02 11    1   1   11    5  39   89    6  40  100
 18  00 56    1   1   11    5  29   79    6  30   90
 19  00 10    1   1   11    5  25   75    6  26   86
 20  02 49    0   0    0    6  15   75    6  15   75
 21  00 46    2   3   23    6  12   72    8  15   95
 22    -
 23    -
 24  00 44    3   6   36    4  12   52    7  18   88
 24  23 59    4   9   49    4  15   55    8  24  104
 26    -
 27    -
 28  04 56    4  20   60    4  13   53    8  33  113
 29    -
 30  00 55    6  26   86    3   8   38    9  34  124
 31  03 42    3  14   44    2   6   26    5  20   70
 
 Monthly Mean      27.23         57.23         84.45
 
----------------------------------------------------- 

 April  2002       (k=1.00)
 
 Date Time(UT)   North        South         Total
      h  m    g   f    R    g   f    R    g   f    R
  1  05 49    3  23   53    3  10   40    6  33   93
  2  00 00    3  48   78    5  24   74    8  72  152
  3  04 10    4  38   78    5  20   70    9  58  148
  4  00 38    5  25   75    2   7   27    7  32  102
  4  23 58    6  32   92    2   5   25    8  37  117
  6  00 34    5  27   77    2   3   23    7  30  100
  7  04 39    7  25   95    5  15   65   12  40  160
  8  05 03    6  35   95    5  22   72   11  57  167
  9    -
 10    -
 11    -
 12    -
 13  04 38    6  26   86    5  32   82   11  58  168
 14  01 50    7  18   88    4  23   63   11  41  151
 15  01 01    5  17   67    4  28   68    9  45  135
 16    -
 17    -
 18  01 18    4   6   46    4  21   61    8  27  107
 19  04 43    3   9   39    5  25   75    8  34  114
 20    -
 21    -
 22    -
 23  03 37    5  21   71    4  10   50    9  31  121
 24  02 08    5  22   72    6  22   82   11  44  154
 25    -
 26    -
 27  00 47    6  14   74    2   4   24    8  18   98
 28  01 27    5  14   64    0   0    0    5  14   64
 29  05 41    5  14   64    0   0    0    5  14   64
 30    -

 
 Monthly Mean      73.00         50.06        123.06

----------------------------------------------------- 

 May    2002       (k=1.00)
 
 Date Time(UT)   North        South         Total
      h  m    g   f    R    g   f    R    g   f    R
  1    -
  2  02 46    6  13   73    4   8   48   10  21  121
  3  00 04    8  26  106    5  12   62   13  38  168
  4  04 50    6  26   86    7  31  101   13  57  187
  5  04 11    6  19   79    8  25  105   14  44  184
  6  01 44    5   8   58    7  13   83   12  21  141
  7    -
  8  07 07    4  12   52    8  24  104   12  36  156
  9    -
 10    -
 11    -
 12  04 03    2   3   23    7  36  106    9  39  129
 13    -
 14  00 09    1   1   11    4  12   52    5  13   63
 15  01 58    1   1   11    4  18   58    5  19   69
 16    -
 17    -
 18    -
 19  00 36    3  15   45    4   5   45    7  20   90
 20    -
 21  00 08    5  21   71    4  11   51    9  32  122
 22  05 42    6  33   93    6  20   80   12  53  173
 23    -
 24  01 45    7  42  112    4  11   51   11  53  163
 25  00 47    7  19   89    3  12   42   10  31  131
 26  03 17    9  33  123    2  14   34   11  47  157
 27  02 21    9  34  124    3  11   41   12  45  165
 28  00 07    9  23  113    3   7   37   12  30  150
 29  02 33    5  21   71    4   8   48    9  29  119
 30  02 28    4  12   52    4  10   50    8  22  102
 31  04 29    4  10   50    6  22   82   10  32  132

 Monthly Mean      72.10         64.00        136.10
 
---------------------------------------------------- 

 June   2002       (k=1.00)
 
 Date Time(UT)   North        South         Total
      h  m    g   f    R    g   f    R    g   f    R
  1  01 39    5   9   59    7  30  100   12  39  159
  2  01 08    2   4   24    7  29   99    9  33  123
  3  04 28    4   6   46    7  32  102   11  38  148
  4  01 47    5  11   61    5  25   75   10  36  136
  5  02 22    5  12   62    6  31   91   11  43  153
  6  04 32    4   9   49    6  23   83   10  32  132
  7  01 11    4  12   52    9  29  119   13  41  171
  8  01 26    3   7   37    6  17   77    9  24  114
  9  01 09    5  11   61    7  25   95   12  36  156
 10  01 22    3   5   35    6  19   79    9  24  114
 11  02 05    2   3   23    4  13   53    6  16   76
 12    -
 13    -
 14    -
 15    -
 16    -
 17    -
 18    -
 19  02 44    5   9   59    4   8   48    9  17  107
 20    -
 21  00 12    3   5   35    1   2   12    4   7   47
 22    -
 23    -
 24    -
 25    -
 26    -
 27    -
 28    -
 29    -
 30    -


 Monthly Mean      46.38         79.46        125.85

---------------------------------------------------- 

 July   2002        (k=1.00)

 Date Time(UT)   North        South         Total
      h  m    g   f    R    g   f    R    g   f    R
  1    -
  2    -
  3    -
  4  01 20    0   0    0    5  16   66    5  16   66
  5    -
  6  04 45    0   0    0    4  12   52    4  12   52
  7  00 11    0   0    0    4  15   55    4  15   55
  8  00 48    0   0    0    4  16   56    4  16   56
  9  00 42    0   0    0    4  10   50    4  10   50
 10    -
 11  02 19    1  10   20    4  11   51    5  21   71
 12  00 26    1  12   22    2   4   24    3  16   46
 13    -
 14  01 05    1  22   32    2   2   22    3  24   54
 15  00 02    2  53   73    4   5   45    6  58  118
 16  07 01    4  22   62    2   3   23    6  25   85
 17    -
 18  03 41    2  42   62    2  17   37    4  59   99
 19  04 14    2  31   51    2  11   31    4  42   82
 20  00 30    2   7   27    2   6   26    4  13   53
 21  02 28    3   9   39    2  16   36    5  25   75
 22  04 31    3   7   37    3  37   67    6  44  104
 23  00 18    4  10   50    5  39   89    9  49  139
 24  05 01    6  14   74    6  36   96   12  50  170
 25    -
 26  00 26    6  35   95    5  60  110   11  95  205
 27  02 06    4  18   58    4  24   64    8  42  122
 28    -
 29    -
 30  01 35    3  10   40    6  56  116    9  66  156
 31  01 27    5  13   63    5  76  126   10  89  189
 
 Monthly Mean      38.33         59.14         97.48 

---------------------------------------------------- 

 August  2002        (k=1.00)

 Date Time(UT)   North        South         Total
      h  m    g   f    R    g   f    R    g   f    R
  1  00 46    2   4   24    6  53  113    8  57  137
  2  00 33    3   4   34    6  40  100    9  44  134
  3  00 49    2   3   23    6  20   80    8  23  103
  4    -
  5  02 43    3   9   39    3  11   41    6  20   80
  6  00 17    3  16   46    3  12   42    6  28   88
  7  00 44    4   8   48    3   7   37    7  15   85
  8  01 08    3  12   42    2   4   24    5  16   66
  9  02 45    3  20   50    1   4   14    4  24   64
 10  01 09    2  12   32    1   3   13    3  15   45
 11  00 23    5  20   70    3   7   37    8  27  107
 12    -
 13  04 23    6  22   82    5  20   70   11  42  152
 14  01 14    5  19   69    6  12   72   11  31  141
 15  00 58    6  23   83    7  23   93   13  46  176
 16  04 15    5  25   75    5  22   72   10  47  147
 17    -
 18    -
 19    -
 20  00 05    4  10   50    6  35   95   10  45  145
 21  02 36    3  13   43    6  46  106    9  59  149
 22  05 05    1   1   11    5  23   73    6  24   84
 23    -
 24    -
 25  00 50    0   0    0    6  34   94    6  34   94
 26  01 11    0   0    0    6  22   82    6  22   82
 27    -
 28  01 45    0   0    0    6  19   79    6  19   79
 29  01 19    0   0    0    5  16   66    5  16   66
 30  00 00    1   3   13    5  27   77    6  30   90
 31  02 24    1   8   18    7  32  102    8  40  120

 Monthly Mean      37.04         68.78        105.83 

----------------------------------------------------

 September  2002        (k=1.00)

 Date Time(UT)   North        South         Total
      h  m    g   f    R    g   f    R    g   f    R
  1  04 00    2  13   33    7  22   92    9  35  125
  2  00 16    3  25   55    7  20   90   10  45  145
  3  00 23    4  29   69    7  25   95   11  54  164
  4  02 55    5  32   82    6  23   83   11  55  165
  5  02 01    5  29   79    5  16   66   10  45  145
  6    -
  7    -
  8  04 21    7  27   97    4  17   57   11  44  154
  9    -
 10    -
 11  01 56    4  25   65    5  31   81    9  56  146
 12  00 26    3  20   50    4  26   66    7  46  116
 13    -
 14    -
 15    -
 16    -
 17    -
 18  02 05    3   7   37    9  39  129   12  46  166
 19  02 30    3   6   36   10  28  128   13  34  164
 19  23 52    1   2   12   11  30  140   12  32  152
 21    -
 22    -
 23    -
 24  01 38    3   8   38    9  21  111   12  29  149
 25  04 50    4  17   57    5  23   73    9  40  130
 26    -
 27    -
 28    -
 29    -
 30    -

  
 Monthly Mean      54.62         93.15        147.77
                  (51.57)       (95.64)      (147.21)
----------------------------------------------------

 October    2002        (k=1.00)

 Date Time(UT)   North        South         Total
      h  m    g   f    R    g   f    R    g   f    R
  1    -
  2  01 49    3  14   44    1  15   25    4  29   69
  3    -  
  4  06 12    2  11   31    1   7   17    3  18   48
  5  01 13    3  19   49    2   9   29    5  28   78
  6  00 28    2  14   34    3  10   40    5  24   74
  7  01 24    2  12   32    5  14   64    7  26   96
  8    -
  9    -
 10  01 19    6  13   73    3   6   36    9  19  109
 11  00 02    7  36  106    4   6   46   11  42  152
 12  00 36    5  25   75    5   9   59   10  34  134
 13  00 28    5  26   76    5   7   57   10  33  133
 14  00 50    5  26   76    7  12   82   12  38  158
 15  00 02    3  18   48    7  11   81   10  29  129
 16  04 35    4  21   61    8  24  104   12  45  165
 17  05 32    4  17   57    5  32   82    9  49  139
 18    -
 19    -
 20    -
 21    -
 22  00 00    2  18  38     4   5   45    6  23   83
 23  05 04    2  16  36     2   3   23    4  19   59
 24    -
 25  00 22    5  22  72     1   2   12    6  24   84
 26    -
 27  00 34    6  27  87     3   6   36    9  33  123
 28  00 14    4  18  58     3   5   35    7  23   93
 29  00 33    4  18  58     3   7   37    7  25   95
 30  01 05    6  22  82     3   5   35    9  27  117
 31  00 21    8  15  95     1   1   11    9  16  106
 
 Monthly Mean     61.33          45.52        106.86

----------------------------------------------------

 November    2002        (k=1.00)

 Date Time(UT)   North        South         Total
      h  m    g   f    R    g   f    R    g   f    R
  1    -
  2    -
  3  00 09    7  25   95    3   6   36   10  31  131
  4  00 08    6  15   75    3  14   44    9  29  119
  5  00 08    6  15   75    3  18   48    9  33  123
  6  00 39    5  19   69    3  26   56    8  45  125
  7    -
  8  05 16    4  11   51    4  22   62    8  33  113
  9  02 17    4  10   50    5  17   67    9  27  117
 10  00 11    4   9   49    5  26   76    9  35  125
 11  01 01    4   8   48    5  33   83    9  41  131
 12    -
 13  00 43    0   0    0    5  21   71    5  21   71
 14  00 29    0   0    0    4  21   61    4  21   61
 15    -
 16    -
 17    -
 18  00 38    2   8   28    4  24   64    6  32   92
 19  02 00    1   2   12    5  16   66    6  18   78
 20    -
 21  05 09    2   6   26    5  15   65    7  21   91
 22    -
 23    -
 24    -
 25    -
 26  02 00    2   2   22    2   5   25    4   7   47
 27  00 43    3   3   33    3   7   37    6  10   70
 28  00 45    2   6   26    3   6   36    5  12   62
 29  00 07    3   6   36    2   6   26    5  12   62
 30  02 36    2   3   23    3   6   36    5   9   59

 
 Monthly Mean      39.89         53.28         93.17

----------------------------------------------------

 December    2002        (k=1.00)

 Date Time(UT)   North        South         Total
      h  m    g   f    R    g   f    R    g   f    R
  1    -
  2  00 17    2   13  33    3  20   50    5  33   83
  3  00 18    3    9  39    2  16   36    5  25   75
  4    -  
  5  01 16    5   17  67    2   8   28    7  25   95
  6    -  
  7    -  
  8    -  
  9    -  
 10  05 17    2    5  25    6  21   81    8  26  106
 11  00 47    3    6  36    5  26   76    8  32  112
 12  00 59    1    2  12    3  15   45    4  17   57
 13  00 18    1    1  11    3  13   43    4  14   54
 14  01 29    4    7  47    4  16   56    8  23  103
 15  00 18    4   18  58    4  35   75    8  53  133
 16  00 20    4   21  61    4  19   59    8  40  120
 17  00 18    4   39  79    4  30   70    8  69  149
 18  05 29    4   21  61    4  29   69    8  50  130
 19    - 
 20    - 
 21    - 
 22    - 
 23  01 21    2    4  24    4  15   55    6  19   79
 24    - 
 25  01 36    1    1  11    2   3   23    3   4   34
 26  01 08    1    1  11    2   3   23    3   4   34
 27  01 25    1    1  11    1   1   11    2   2   22
 28  01 16    2    5  25    0   0    0    2   5   25
 29  00 26    2    3  23    1   1   11    3   4   34
 30  00 32    1    2  12    2   8   28    3  10   40
 31  00 20    1    1  11    2   8   28    3   9   39

 Monthly Mean      32.85         43.35         76.20

----------------------------------------------------

